time,q1_healthy,q2_healthy,q3_healthy,q4_healthy,omega1_healthy,omega2_healthy,omega3_healthy,wheel1_i_healthy,wheel1_w_healthy,wheel2_i_healthy,wheel2_w_healthy,wheel3_i_healthy,wheel3_w_healthy,wheel4_i_healthy,wheel4_w_healthy,q1_faulty,q2_faulty,q3_faulty,q4_faulty,omega1_faulty,omega2_faulty,omega3_faulty,wheel1_i_faulty,wheel1_w_faulty,wheel2_i_faulty,wheel2_w_faulty,wheel3_i_faulty,wheel3_w_faulty,wheel4_i_faulty,wheel4_w_faulty,
0,0,0,0,0,0,0,0,0,0,0,0,0,0,0,0,0,0,0,0,0,0,0,0,0,0,0,0,0,0,0
0.1,-0.7053,0.0086188,0.12819,-0.68549,-0.0043258,-0.0057161,-0.011188,-1.0539,-1.147,0.049667,-0.49441,0.026994,0.16098,-0.3155,0.65891,-0.69833,0.013881,0.13372,-0.72163,-0.0044376,0.0012453,0.0013456,0.44924,0.42069,0.091982,-1.6854,1.0107,-0.5804,0.86425,2.088
0.2,-0.7034,0.0063159,0.11475,-0.69278,0.00086958,0.00219,0.0084564,-0.010143,2.4698,-1.5037,-0.20269,-1.8125,-1.1434,-2.1637,-0.37502,-0.705,-0.014729,0.11228,-0.6847,0.00038563,0.0058861,-0.0040026,0.89167,-0.18546,-1.0227,1.0536,-1.5103,0.070818,0.13456,-0.79028
0.3,-0.70217,0.0054288,0.13581,-0.68447,-0.002279,-0.0083009,0.0019416,0.24739,-0.73616,-1.1153,-0.56874,-1.648,-1.6079,-2.1273,-2.1062,-0.70211,0.0057221,0.1098,-0.68976,0.0054769,-0.0030458,-0.00094699,0.64815,0.26275,-0.22333,0.73928,-1.6373,-1.2835,-1.0778,-1.6178
0.4,-0.72102,-0.011442,0.11939,-0.69275,-0.0042841,-0.00025086,0.0070525,0.80952,1.2425,1.321,-1.4605,-1.4801,0.30894,-0.83869,-1.2333,-0.69675,-0.0048033,0.11842,-0.70694,-0.0087724,0.0036126,-0.0032472,1.2814,1.0307,2.3676,1.1268,-0.72996,-1.1303,-1.3434,0.78132
0.5,-0.69591,-0.0079639,0.12513,-0.69946,-0.012287,-0.004561,0.0046844,0.60978,1.4567,2.3762,1.5469,-1.0677,-3.52,-1.1307,-2.2146,-0.72537,-0.0016963,0.10987,-0.67783,-0.0068306,-0.0027456,0.0076649,1.6507,1.3896,-0.34049,-0.51861,0.75327,-1.428,-1.1301,-0.84954
0.6,-0.69647,-0.0016513,0.12623,-0.70076,-0.0062916,-0.0082726,0.0076247,1.1753,2.6465,-0.67212,-0.02646,1.1474,-0.79195,-3.7227,-2.1228,-0.70793,-0.0083731,0.11098,-0.69022,-0.0113,-0.0068158,0.010327,0.84805,2.7844,1.4281,-0.12667,-1.5491,-1.2788,-2.2661,-1.0001
0.7,-0.70673,0.010595,0.1225,-0.69849,-0.016658,-0.0011412,0.012615,-0.088149,0.85308,0.14003,-1.0305,-0.52604,-0.48547,-1.7361,-2.5248,-0.70877,0.024793,0.13014,-0.68696,-0.014111,-0.0081412,0.0098779,0.25034,2.9232,-0.11196,0.80371,-3.4064,-0.5507,-1.7367,-1.5691
0.8,-0.6936,-0.016045,0.12025,-0.69546,-0.0099555,-0.0069758,0.011114,0.66532,2.807,-0.18255,0.99912,-2.5814,-2.4241,-1.3016,-3.6759,-0.69815,-0.0036462,0.1257,-0.70831,-0.0073673,-0.00047806,0.017607,-0.32784,2.3555,1.0913,-1.6809,0.67467,-2.9652,-1.3866,-2.3243
0.9,-0.70348,-0.001311,0.12503,-0.68622,-0.0047356,-0.0061448,0.0070198,0.22859,2.2067,0.35901,1.246,-1.7491,-1.6748,-0.27273,-2.9179,-0.70331,0.010139,0.13493,-0.68762,-0.018706,-0.001941,0.0090752,-0.46242,3.3439,-0.49528,-0.70611,-1.3489,-1.3651,-0.51135,-2.4872
1,-0.71051,0.016609,0.12544,-0.71236,-0.010504,-0.00703,0.007645,0.85172,2.5436,-0.57057,-0.12595,-0.1998,-3.5613,-1.545,-2.2682,-0.69004,0.0032558,0.12272,-0.70978,-0.016385,-0.0070844,0.014312,1.6201,2.845,-0.37879,-1.3914,-2.0167,-2.0485,-2.4123,-2.2252
1.1,-0.70288,-0.0068631,0.12091,-0.69218,-0.016472,-0.011483,0.0072438,1.8334,0.23904,0.76701,-0.12027,-0.44304,-4.3482,0.4114,-2.8568,-0.71914,0.010148,0.137,-0.70597,-0.013478,0.0018291,0.011066,0.5832,3.1673,0.8614,0.61828,1.907,-2.5113,0.50295,-4.0729
1.2,-0.69365,-0.0036832,0.13075,-0.71057,-0.024123,-0.0070184,0.019619,0.90788,2.966,-0.35517,0.53543,-2.7275,-3.1532,-1.0094,-4.9189,-0.69693,0.0011532,0.1339,-0.69842,-0.016966,-0.0068875,0.0094349,0.16109,3.0838,-1.0366,1.2378,-2.9365,-4.4093,-2.3972,-5.0632
1.3,-0.69868,-8.4655e-05,0.13468,-0.69994,-0.016382,-0.003815,0.018114,-0.067666,2.8293,0.81286,0.68664,-1.0956,-3.9627,-0.53433,-3.6159,-0.7087,0.0034172,0.1202,-0.715,-0.013686,-0.0037174,0.017646,-1.8409,2.3762,0.17308,-0.64969,-2.3535,-3.9638,-1.5715,-4.3237
1.4,-0.68747,0.022653,0.11542,-0.70653,-0.010346,-0.00024934,0.01914,0.99777,4.4959,0.88134,0.6506,-1.9803,-4.0842,-3.6298,-3.3298,-0.70269,-0.0051859,0.12154,-0.70452,-0.022436,-0.016182,0.02616,1.0794,3.3923,-0.79347,-0.58659,1.4764,-4.7895,-2.4868,-4.386
1.5,-0.69371,0.015767,0.11556,-0.6989,-0.022319,0.0030477,0.014707,-1.1824,4.4005,0.093999,-1.043,-1.3686,-3.471,-2.0886,-6.4943,-0.71393,0.012807,0.11258,-0.70636,-0.017355,-0.011876,0.023292,0.68669,5.025,0.048097,-1.7478,-1.4158,-4.9375,-1.1785,-4.1418
1.6,-0.70426,-0.0087958,0.10855,-0.68463,-0.020384,-0.0073212,0.026674,2.2731,4.7926,0.40295,-0.99488,-1.1604,-5.2426,-1.6174,-5.7866,-0.70441,0.0077688,0.10981,-0.70727,-0.024069,-0.0097212,0.021916,0.96335,4.5942,-0.52493,-1.0784,-1.0963,-6.922,-1.0715,-5.8163
1.7,-0.71647,-0.0037056,0.10799,-0.70687,-0.015173,0.0011893,0.02175,-0.85259,4.3436,-0.36634,-0.73558,-1.8851,-4.5099,-1.9058,-5.9657,-0.7053,0.023036,0.11315,-0.69704,-0.022671,-0.011494,0.021145,0.98537,3.534,-0.078567,0.39655,0.65022,-5.8869,1.8634,-4.7831
1.8,-0.68775,0.014146,0.11368,-0.68942,-0.020303,-0.016146,0.026238,0.81234,2.5399,-0.30332,0.66995,-3.9969,-6.6464,-0.29576,-7.4829,-0.6907,-0.00083886,0.10226,-0.71162,-0.033137,-0.013062,0.033586,0.61193,3.7769,1.3235,0.86882,-1.9684,-7.0082,-1.0248,-7.7341
1.9,-0.68722,-0.0045726,0.13161,-0.71157,-0.023836,-0.0039943,0.032378,1.2241,6.4868,-1.3412,0.036153,0.59928,-8.9305,-1.7721,-6.1341,-0.69664,0.011495,0.11962,-0.69879,-0.025803,-0.014168,0.025608,0.7191,4.502,0.030624,-0.16398,-3.1774,-6.3523,-1.3475,-6.9278
2,-0.69348,0.0093066,0.11778,-0.71825,-0.026786,-0.01157,0.036332,0.91582,4.5675,-1.2158,0.80163,-0.92576,-8.1394,-1.7089,-4.6307,-0.6922,0.019664,0.11363,-0.69503,-0.026874,-0.014493,0.027337,1.4762,4.9182,-0.013979,0.89896,-1.5789,-5.5689,-0.81453,-7.0281
2.1,-0.70832,0.013134,0.10331,-0.72149,-0.024013,-0.014212,0.036089,-0.10977,4.6405,-1.0815,-0.35406,-1.8411,-8.081,-1.4743,-8.62,-0.69359,0.0052584,0.11351,-0.71048,-0.029172,-0.01923,0.028501,1.7002,6.3158,0.28889,-1.2569,-0.4958,-9.6494,-1.0947,-6.9695
2.2,-0.69525,0.0038177,0.10269,-0.71411,-0.038281,-0.0081297,0.02654,-0.084312,5.6996,-1.2011,-0.67787,-1.017,-5.8081,-3.2648,-7.2957,-0.70629,0.010634,0.10881,-0.70482,-0.029254,-0.019289,0.031413,0.52172,5.1412,-0.60002,-0.29649,-2.6483,-8.8911,0.47139,-8.4162
2.3,-0.70144,0.0028133,0.1314,-0.70721,-0.032442,-0.020315,0.035032,1.2966,5.7657,-1.4405,-0.11532,-1.6541,-6.9894,-0.35164,-8.287,-0.70361,0.010544,0.11734,-0.70362,-0.029027,-0.0079739,0.036199,1.9436,4.371,-0.62803,-1.2886,0.76812,-6.9043,-0.99249,-6.8036
2.4,-0.69574,0.010627,0.13121,-0.7207,-0.025401,-0.013857,0.03887,-0.74163,7.3134,-0.31459,-1.7265,-4.317,-8.1511,-0.0036153,-7.4456,-0.68409,0.0041493,0.10918,-0.71577,-0.0292,-0.014733,0.035503,0.87758,5.3318,-1.2506,-2.3271,-2.2786,-7.9637,-1.8066,-7.2805
2.5,-0.68625,0.0095944,0.12289,-0.71645,-0.033771,-0.018111,0.038386,0.64089,6.4672,-3.7073,0.088376,-1.2723,-6.5131,-1.4878,-9.8729,-0.69401,0.0028756,0.11659,-0.72107,-0.038673,-0.014819,0.040489,0.047222,4.9175,-0.78645,-0.12226,-1.8079,-10.382,-1.0003,-8.5868
2.6,-0.71296,0.026173,0.11946,-0.71827,-0.042404,-0.011477,0.038647,2.3933,7.1331,0.61543,-1.6139,-3.0858,-8.9652,-0.60638,-7.691,-0.67622,0.0035878,0.11911,-0.70028,-0.047146,-0.016568,0.033054,1.1628,7.6255,-0.41874,0.33168,0.33278,-9.9252,-0.89206,-8.9567
2.7,-0.71397,0.011959,0.12852,-0.71541,-0.045133,-0.0055782,0.050525,1.3979,7.7758,-1.0925,-2.5145,-0.79243,-7.0934,-0.09968,-9.057,-0.70298,0.015828,0.098148,-0.71338,-0.037142,-0.016962,0.035118,1.2739,6.1221,-0.28008,-2.0042,-1.4558,-8.9562,-1.1329,-9.1508
2.8,-0.67576,0.029524,0.11883,-0.71356,-0.034138,-0.010978,0.046716,-0.17742,9.9449,1.1019,-1.302,0.47882,-8.8606,-1.1384,-9.6133,-0.67639,0.04291,0.10966,-0.72174,-0.04136,-0.012647,0.042977,0.10397,6.8783,-1.8401,-1.7999,-1.0621,-9.5463,-2.2094,-10.475
2.9,-0.68746,0.0289,0.12335,-0.71906,-0.046068,-0.012302,0.050297,0.41113,8.35,-1.816,-1.5499,-0.18793,-11.321,-1.6043,-8.9257,-0.69386,0.024909,0.10957,-0.70944,-0.043777,9.2942e-07,0.0382,0.36093,6.9883,-0.59094,-0.86094,-1.5085,-8.1409,-2.8182,-9.907
3,-0.6763,0.024072,0.11168,-0.72763,-0.034671,-0.017855,0.041384,0.84504,7.4083,-0.32108,-4.3889,-0.66924,-10.37,-1.2634,-12.467,-0.68228,0.039711,0.089153,-0.73622,-0.040887,-0.018071,0.051389,-0.70882,7.77,-2.6297,-1.8883,-0.52553,-10.029,-0.54144,-10.595
3.1,-0.67804,0.030145,0.092586,-0.72701,-0.043448,-0.011329,0.04503,-0.054005,7.9872,-3.462,-2.2482,-1.6244,-9.4873,-1.8532,-12.35,-0.66985,0.036538,0.10753,-0.71581,-0.053548,-0.0040761,0.044175,1.1931,9.2269,-0.91739,-2.8884,-1.377,-10.084,-1.2061,-8.8933
3.2,-0.68193,0.028442,0.11628,-0.71092,-0.054483,-0.022133,0.046062,0.37552,9.0704,0.76986,-1.8374,-0.731,-9.3078,0.33528,-9.8502,-0.66773,0.038879,0.11565,-0.72985,-0.037027,-0.0095775,0.055353,1.5588,6.7322,-0.2028,-1.2325,0.76489,-12.3,-2.1725,-12.115
3.3,-0.66655,0.042248,0.092438,-0.74309,-0.050482,-0.020159,0.052396,2.178,8.8842,0.63047,-2.1511,-2.7281,-12.131,-1.6203,-11.79,-0.68245,0.022133,0.10017,-0.73445,-0.048285,-0.017214,0.044453,2.0185,9.362,-1.1507,-4.0304,-0.00318,-11.252,0.33256,-11.485
3.4,-0.67538,0.03197,0.088665,-0.73707,-0.052832,-0.022049,0.056962,1.1567,9.9787,-1.0421,-2.7088,-1.0586,-11.588,0.6061,-11.43,-0.68061,0.036234,0.12362,-0.72736,-0.054898,-0.017401,0.054734,-0.48348,7.6512,-1.2236,-2.7397,-0.67542,-10.019,-1.1433,-10.479
3.5,-0.66425,0.042693,0.11912,-0.72679,-0.051259,-0.015156,0.052595,1.2319,9.5153,0.43357,-2.1934,1.1385,-11.422,-0.27275,-12.777,-0.67984,0.04515,0.10698,-0.71883,-0.054921,-0.0091203,0.054461,0.55925,10.006,-0.38752,-2.2777,-1.0946,-12.786,-0.76844,-11.914
3.6,-0.69895,0.034659,0.094458,-0.74444,-0.053551,-0.018308,0.055918,2.2647,9.2647,-2.2555,-3.2435,1.1931,-15.265,-1.1652,-13.116,-0.67772,0.022998,0.097171,-0.74614,-0.049874,-0.014718,0.050036,2.0784,9.9592,-0.42562,-3.4346,-1.0585,-10.726,-0.044091,-12.274
3.7,-0.66545,0.052366,0.1016,-0.74332,-0.047469,-0.01639,0.062253,1.2101,9.0875,0.67499,-2.2527,-0.49031,-13.324,-1.5978,-14.21,-0.66579,0.043377,0.091385,-0.74949,-0.053612,-0.0085734,0.056696,-0.58707,10.458,0.14895,-2.9728,-0.56303,-12.613,0.023701,-10.852
3.8,-0.66662,0.050027,0.10198,-0.7267,-0.056708,-0.0044401,0.060821,1.0704,9.5433,-0.70696,-3.168,-0.67161,-13.279,-2.9839,-12.886,-0.696,0.034193,0.11809,-0.75103,-0.051918,-0.015647,0.055265,0.75163,10.228,-0.59224,-3.625,-0.056706,-12.989,-0.53804,-12.803
3.9,-0.65033,0.02882,0.095501,-0.75935,-0.062692,-0.0096151,0.06315,1.4671,10.543,-0.21767,-5.6127,-1.7887,-13.836,-1.3898,-11.799,-0.6633,0.059233,0.089202,-0.73093,-0.060916,-0.016319,0.059308,2.2973,9.4329,0.90273,-4.508,0.12901,-12.113,-0.64949,-13.789
4,-0.63989,0.050896,0.086629,-0.73951,-0.064223,-0.012475,0.059569,-0.25883,10.69,-1.1412,-4.6416,-0.24321,-12.051,0.13271,-12.765,-0.66121,0.03432,0.1173,-0.73421,-0.067484,-0.015791,0.059258,0.48432,11.211,-0.071849,-2.7545,0.28207,-11.427,-1.0459,-12.882
4.1,-0.67604,0.057082,0.084536,-0.73357,-0.057269,-0.013612,0.06558,1.1914,10.573,-1.5288,-4.4732,0.5284,-10.73,-1.5338,-16.266,-0.65667,0.037621,0.095779,-0.75269,-0.055733,-0.012185,0.054671,0.85739,11.878,-1.5215,-4.0501,-0.26665,-12.848,-1.4557,-16.103
4.2,-0.65951,0.050472,0.099024,-0.75981,-0.060273,-0.012969,0.054582,0.69195,11.991,-1.1317,-5.7666,0.0050263,-11.371,-0.78246,-15.94,-0.64074,0.043387,0.11058,-0.74923,-0.059556,-0.011648,0.066728,2.0731,12.05,-1.2309,-5.7658,-0.87116,-12.92,-2.032,-14.426
4.3,-0.6694,0.049647,0.10032,-0.7641,-0.069533,-0.0072331,0.06645,0.72607,10.632,-0.30926,-5.4628,-0.67287,-13.707,-2.3746,-15.703,-0.66594,0.053627,0.098013,-0.75861,-0.062779,-0.016933,0.061889,0.084354,11.979,-0.51229,-5.5816,0.82237,-13.313,-2.8179,-14.253
4.4,-0.66008,0.055315,0.090757,-0.74945,-0.069502,-0.022644,0.062374,1.5358,11.366,-0.089508,-5.421,-0.57475,-14.362,-0.32094,-15.133,-0.66774,0.03994,0.10174,-0.75954,-0.055533,-0.019038,0.062732,-0.30556,12.775,-2.3515,-7.4062,-0.852,-10.492,0.29888,-15.515
4.5,-0.64351,0.05893,0.082423,-0.74713,-0.070117,-0.016169,0.074008,2.2251,11.607,0.1246,-6.6728,-0.51519,-15.365,-1.4303,-15.149,-0.63762,0.055226,0.098409,-0.76612,-0.067438,-0.016202,0.064895,-0.1743,12.393,-1.6223,-7.4143,0.73786,-14.446,-0.074699,-16.008
4.6,-0.64042,0.07833,0.081367,-0.75415,-0.06531,-0.016639,0.061769,1.2946,12.046,-0.63983,-5.3162,-0.62335,-13.472,-0.83487,-15.774,-0.65351,0.051472,0.083405,-0.75464,-0.071252,-0.014776,0.073418,2.4504,13.377,-0.61687,-4.5858,1.215,-14.22,-1.3128,-16.235
4.7,-0.65623,0.052787,0.09135,-0.76068,-0.062151,-0.011632,0.071954,1.5269,10.767,-2.0347,-6.84,1.2908,-14.069,-2.1869,-16.792,-0.67107,0.057676,0.085198,-0.75783,-0.071072,-0.010792,0.07023,0.38481,13.615,-1.0744,-4.8024,0.56521,-15.031,-1.3741,-17.647
4.8,-0.6232,0.082472,0.083138,-0.75277,-0.06291,-0.004124,0.066798,0.94281,12.961,-1.8636,-4.5891,-0.86836,-11.823,-1.5537,-17.594,-0.63644,0.073997,0.078886,-0.77102,-0.075414,-0.01083,0.063329,2.0464,13.655,-0.73474,-6.3967,-0.67688,-13.703,-1.0524,-17.715
4.9,-0.64356,0.068087,0.073417,-0.77183,-0.067696,-0.019813,0.059902,0.75572,11.211,-0.38526,-7.6792,-0.66509,-11.96,-1.4146,-17.667,-0.64283,0.07249,0.082865,-0.75575,-0.073979,-0.0061045,0.075143,0.98063,14.994,-0.87502,-7.7198,-1.226,-14.433,-1.2263,-16.668
5,-0.64423,0.069594,0.085627,-0.78604,-0.074405,-0.0078022,0.069992,0.35163,13.367,-0.52389,-5.8042,-0.16157,-13.782,-0.78005,-17.346,-0.61761,0.077708,0.096075,-0.75503,-0.067265,-0.01232,0.07138,1.632,14.262,-0.97114,-8.9932,-0.25121,-12.33,-0.8016,-19.537
5.1,-0.63416,0.081972,0.088883,-0.76697,-0.074525,-0.0071894,0.066416,0.35595,12.529,-0.69663,-7.6489,0.1658,-15.023,-0.3774,-18.828,-0.63065,0.079283,0.069182,-0.77817,-0.071526,-0.019505,0.064999,2.3302,12.582,-1.4555,-6.6234,0.42671,-13.606,-1.1334,-20.355
5.2,-0.60793,0.069318,0.067457,-0.77511,-0.067294,-0.015291,0.074938,-0.1379,15.05,-2.5075,-8.0465,-0.58366,-14.938,-1.163,-18.748,-0.62824,0.064712,0.070927,-0.78059,-0.076132,-0.01302,0.070372,1.1117,14.114,-2.6557,-7.9491,-2.508,-15.005,-2.0429,-19.565
5.3,-0.60989,0.081759,0.068434,-0.79043,-0.064877,-0.018542,0.074506,2.2856,13.883,-0.43763,-7.5797,-0.84527,-13.248,-1.599,-18.527,-0.62023,0.084078,0.058266,-0.78217,-0.076645,-0.014714,0.059186,2.5405,14.428,0.099999,-7.4831,0.81007,-11.974,-1.3716,-19.267
5.4,-0.62726,0.085597,0.072134,-0.78493,-0.074718,-0.0082946,0.059702,-1.3873,13.675,-1.9357,-8.6641,0.33386,-12.518,-0.26585,-18.592,-0.61636,0.0922,0.073201,-0.76772,-0.086925,-0.01077,0.066833,1.418,14.351,-0.61886,-7.1503,-0.8921,-11.715,-0.77813,-20.308
5.5,-0.62134,0.080647,0.072247,-0.77705,-0.083461,-0.019154,0.071066,-0.67096,15.605,0.098692,-8.769,-0.99952,-14.3,-2.455,-19.624,-0.61575,0.057652,0.085722,-0.77646,-0.084352,-0.0066788,0.070009,0.7627,14.753,-0.36032,-9.4686,-0.63055,-14.349,-0.61296,-20.278
5.6,-0.61603,0.088576,0.061728,-0.76807,-0.067014,-0.0092322,0.074028,-0.70724,13.724,-1.3036,-7.5905,0.64416,-13.891,-0.92959,-19.725,-0.61067,0.087914,0.066975,-0.76482,-0.081186,-0.010366,0.06412,0.93145,15.826,-2.128,-10.057,0.34107,-14.573,-0.08774,-22.187
5.7,-0.61028,0.094695,0.070139,-0.77909,-0.074488,-0.0084943,0.074641,2.9299,14.963,-0.28794,-9.4216,-1.0735,-14.743,-0.48694,-19.758,-0.61834,0.077507,0.068286,-0.77889,-0.094065,-0.012124,0.073495,2.2235,14.342,-2.2787,-10.525,-1.603,-12.631,-2.1305,-21.381
5.8,-0.6013,0.075437,0.041421,-0.78833,-0.080204,-0.022665,0.07486,1.4278,14.345,-0.011206,-10.176,-0.5792,-13.628,-1.5452,-18.746,-0.59086,0.091853,0.070127,-0.7963,-0.085541,-0.012716,0.08105,1.0926,17.153,-1.1461,-13.343,0.085527,-12.164,-0.24863,-22.211
5.9,-0.59245,0.087497,0.063613,-0.78673,-0.093628,-0.007181,0.091318,-0.83639,15.383,0.35474,-10.317,0.53547,-14.448,0.1997,-21.592,-0.61938,0.1038,0.059177,-0.80141,-0.090419,-0.003265,0.075996,1.0607,17.458,-0.89093,-10.774,-2.1813,-12.968,-2.6429,-21.77
6,-0.60176,0.088996,0.047169,-0.79372,-0.088242,-0.0071015,0.079506,0.8459,16.125,-1.2588,-11.791,-1.8486,-13.855,-0.43949,-22.11,-0.60302,0.081639,0.056652,-0.78902,-0.084093,-0.0042164,0.072257,-0.15588,15.281,-0.72702,-10.742,-1.0662,-12.616,-2.1967,-22.011
6.1,-0.59732,0.091059,0.047317,-0.809,-0.087227,-0.011691,0.073208,1.9547,16.48,-1.8806,-11.251,1.7151,-13.307,-2.3132,-23.67,-0.58409,0.093297,0.050558,-0.78487,-0.094288,-0.011989,0.078013,0.13273,14.614,-1.8409,-12.652,1.2661,-13.289,-1.8735,-21.302
6.2,-0.60999,0.08981,0.042935,-0.79836,-0.094788,-0.0092518,0.080645,2.4965,16.297,-0.93206,-11.968,-1.3549,-12.875,-1.2499,-21.821,-0.60061,0.099577,0.061949,-0.79181,-0.094405,-0.012413,0.07885,-0.24657,15.756,-1.5069,-11.61,-0.20189,-12.195,-2.1592,-22.333
6.3,-0.58532,0.10476,0.062475,-0.80194,-0.093438,0.0062992,0.076147,-0.27778,16.149,-1.8393,-13.868,1.5193,-14.053,-2.0147,-24.467,-0.59582,0.092646,0.037394,-0.79622,-0.089989,-0.0052603,0.078028,1.4561,17.9,-1.9101,-12.569,0.17795,-13.396,-0.77273,-22.838
6.4,-0.57854,0.1088,0.056742,-0.81017,-0.09861,-0.0078153,0.0688,1.345,15.974,-0.21611,-12.054,-1.9565,-14.419,-1.2093,-23.348,-0.58422,0.11847,0.054838,-0.79108,-0.098469,-0.0014624,0.077753,1.2478,16.777,-1.19,-12.291,-0.22832,-13.821,-0.38194,-22.647
6.5,-0.58212,0.092749,0.04393,-0.81502,-0.096599,-0.0095471,0.083406,-0.36127,16.888,-3.9519,-14.027,-0.06321,-14.294,-0.22779,-22.938,-0.58894,0.10528,0.038469,-0.80867,-0.096948,-0.00088785,0.075515,1.6766,17.681,-2.3832,-12.287,0.46841,-14.323,-0.64326,-24.795
6.6,-0.58601,0.11114,0.062774,-0.82065,-0.093974,-0.011548,0.077549,-0.109,15.112,-0.96772,-13.058,0.13827,-14.161,0.19019,-23.661,-0.57425,0.10869,0.036367,-0.79489,-0.097647,-0.002825,0.069659,0.74138,17.206,0.69848,-13.361,-0.67087,-12.875,-0.80461,-25.095
6.7,-0.57753,0.11899,0.031995,-0.81167,-0.0904,-0.012544,0.080895,0.41228,15.116,-1.9966,-13.142,0.22389,-13.087,-1.6371,-26.199,-0.56402,0.11389,0.042849,-0.82752,-0.089473,-0.016655,0.083789,1.8287,16.807,-3.4783,-15.028,0.52893,-14.982,-1.0937,-25.641
6.8,-0.58272,0.10302,0.030024,-0.82407,-0.0994,-0.01769,0.083999,0.96492,17.38,-0.89796,-13.429,-0.044554,-14.44,-2.0783,-25.961,-0.56449,0.11936,0.039553,-0.79922,-0.095514,-0.0050822,0.078737,0.71395,18.068,-1.1215,-13.586,0.70387,-13.217,-1.4941,-26.326
6.9,-0.56075,0.11826,0.043471,-0.82717,-0.097122,-0.010105,0.078891,0.64604,17.594,-0.76812,-15.77,0.79931,-15.444,-1.9126,-22.656,-0.57308,0.11299,0.041297,-0.81158,-0.10129,-0.011059,0.083739,0.79858,16.743,-0.87807,-13.41,1.3313,-14.466,-2.0797,-25.547
7,-0.56204,0.11017,0.047907,-0.82766,-0.099246,-0.0088951,0.086186,0.77322,17.731,-2.9455,-14.619,0.88174,-13.747,-0.44852,-25.587,-0.56639,0.12756,0.041446,-0.81427,-0.10132,0.0072005,0.081042,0.40662,17.257,-1.3588,-14.787,-0.74688,-14.232,-1.6935,-24.822
7.1,-0.53361,0.1257,0.028962,-0.81764,-0.098402,-0.0039288,0.078803,2.3493,17.537,-1.2794,-15.043,-0.22392,-11.616,-2.3178,-26.362,-0.53358,0.11803,0.026668,-0.81986,-0.097944,-0.0020295,0.070636,0.21751,18.788,-1.5482,-13.622,0.71839,-12.593,-0.6851,-25.471
7.2,-0.56737,0.12719,0.029964,-0.84626,-0.10428,-0.0084478,0.086236,-1.4382,19.029,-1.2158,-14.418,0.76017,-13.046,-0.8673,-26.11,-0.55275,0.12477,0.032961,-0.82283,-0.11089,-0.0078721,0.0753,-0.27786,17.899,-0.31218,-15.772,1.0002,-13.31,-0.87742,-26.35
7.3,-0.54175,0.11285,0.024905,-0.82649,-0.098284,0.0059662,0.075355,2.3129,18.494,-2.5249,-16.395,-1.1499,-12.115,-2.1135,-28.944,-0.54438,0.11722,0.015147,-0.83561,-0.099492,-0.003346,0.077741,0.59273,20.599,-0.96836,-15.063,-1.1959,-11.939,-0.17971,-27.428
7.4,-0.55012,0.11722,0.0089375,-0.83896,-0.10679,-0.0022246,0.084112,-0.60243,18,0.26068,-17.817,-0.074827,-12.132,-2.8358,-28.237,-0.56212,0.12389,0.023231,-0.84504,-0.11099,-0.0059619,0.075521,2.3704,19.724,-0.31754,-15.739,-0.57251,-10.933,-0.77116,-27.721
7.5,-0.54686,0.14223,0.018254,-0.83053,-0.11051,-0.0066226,0.08355,2.298,18.839,-1.2892,-15.707,2.1638,-11.899,-0.25035,-28.977,-0.52804,0.11039,0.024697,-0.83576,-0.10826,-0.0038365,0.086888,0.53057,17.981,-1.7788,-17.703,0.33394,-12.535,-0.53856,-28.056
7.6,-0.53561,0.13071,0.013796,-0.85704,-0.10809,0.006563,0.084515,2.3573,19.938,-0.91272,-17.251,0.98195,-12.352,-0.85584,-29.013,-0.52794,0.12097,0.0087572,-0.83462,-0.10899,-0.0058795,0.079131,1.2131,18.807,-0.87112,-17.025,0.023275,-11.545,-2.5907,-27.825
7.7,-0.5198,0.11878,-0.00075962,-0.84271,-0.11537,-0.010399,0.077035,1.1361,19.916,-1.4464,-20.593,0.52887,-13.01,-1.1645,-29.476,-0.52289,0.12692,0.0049488,-0.84922,-0.10959,-0.0094209,0.084008,1.3729,20.774,0.24055,-16.197,0.9045,-10.388,-1.3837,-27.673
7.8,-0.51668,0.14644,0.024893,-0.85822,-0.12044,-0.0053896,0.081888,0.25226,20.709,-2.3194,-17.096,1.6164,-11.077,0.45687,-28.263,-0.51277,0.14232,0.010983,-0.854,-0.10785,-0.0056278,0.078036,2.6932,21.45,-1.4858,-16.716,-0.52038,-11.257,-2.1706,-29.657
7.9,-0.50891,0.15125,0.013162,-0.81673,-0.11492,-0.0075223,0.068761,-1.9621,19.938,-1.1858,-18.258,-0.61435,-10.105,-1.7434,-29.33,-0.51671,0.15017,0.011326,-0.86263,-0.12247,-0.0037662,0.078499,1.8953,20.955,-1.3508,-20.911,0.70156,-10.207,-2.8235,-28.55
8,-0.50767,0.12227,0.0031329,-0.84307,-0.11618,-0.0058951,0.082734,1.8436,21.136,-2.2099,-16.934,2.3215,-9.0832,-1.5909,-30.694,-0.52222,0.13004,0.012475,-0.84054,-0.10927,-0.0052063,0.088499,0.65989,19.696,-0.45052,-19.539,-0.0065359,-10.476,0.72117,-31.102
8.1,-0.48671,0.15318,0.01072,-0.85675,-0.11719,-0.0085174,0.08682,0.87564,21.349,-1.3434,-18.27,0.63326,-10.042,-0.63058,-29.889,-0.51555,0.16143,-0.0059991,-0.85422,-0.11952,-0.00958,0.070823,-1.089,20.848,-0.86415,-20.231,0.7162,-8.841,-1.437,-31.756
8.2,-0.50618,0.14451,0.013221,-0.84925,-0.12411,-0.007315,0.079397,2.5387,20.679,-3.8862,-20.019,-0.15033,-9.5947,-0.42416,-31.187,-0.50973,0.134,-0.0017201,-0.85771,-0.12138,-0.0048597,0.079589,-1.0311,19.259,-0.82459,-18.696,1.4226,-10.417,-2.0497,-30.895
8.3,-0.48368,0.15354,0.0024345,-0.87597,-0.11426,-0.0098793,0.081777,0.15427,20.122,-1.7307,-17.695,-0.28008,-9.3756,-1.8339,-31.569,-0.50462,0.14583,-0.0082474,-0.84909,-0.12417,-0.0072929,0.075853,0.36123,19.897,0.50125,-19.164,0.43781,-11.394,-1.4367,-32.428
8.4,-0.47653,0.16038,0.01123,-0.86936,-0.11734,-0.0045085,0.079377,-0.14366,22.693,-2.2275,-20.232,0.64786,-8.4746,-0.67058,-30.836,-0.49573,0.16247,0.0083063,-0.85449,-0.12495,-0.0045453,0.083088,1.7904,20.224,-1.486,-21.701,0.85009,-9.3601,0.09245,-33.249
8.5,-0.47692,0.15713,-0.014606,-0.86679,-0.11911,-0.0060571,0.075514,1.6225,20.546,-2.9277,-20.406,0.29304,-9.5952,0.0076058,-31.488,-0.49359,0.14515,-0.018255,-0.86647,-0.12193,-0.011591,0.081035,0.82055,21.124,-0.56009,-19.283,1.0842,-8.0725,1.3821,-32.03
8.6,-0.49862,0.14142,-0.0081732,-0.86614,-0.12143,-0.0056654,0.085792,1.2744,21.841,-0.9236,-21.175,1.3858,-8.7261,-2.0472,-31.533,-0.47732,0.16322,-0.014122,-0.87113,-0.12016,-0.00038985,0.086234,1.1769,21.091,-1.5524,-21.352,0.89881,-7.798,-1.7657,-31.592
8.7,-0.46651,0.15123,-0.015551,-0.88786,-0.12987,-0.010912,0.074743,0.64237,22.262,-0.72314,-21.846,0.37551,-6.4018,-1.7576,-32.084,-0.46181,0.16058,-0.0064084,-0.86187,-0.12342,-0.010092,0.079492,0.53641,21.519,-0.23932,-21.461,2.3591,-9.4355,-0.45777,-30.956
8.8,-0.46495,0.1631,-0.039943,-0.87452,-0.13219,-0.0030922,0.077212,2.4321,22.186,-0.58772,-21.121,-0.45352,-6.8355,0.45278,-32.545,-0.4606,0.15697,-0.029594,-0.87739,-0.13329,0.0035109,0.075635,-0.30001,21.887,-1.1758,-20.9,0.41411,-7.0852,-0.4475,-32.764
8.9,-0.4473,0.15457,-0.013367,-0.88275,-0.12541,0.00038192,0.077275,1.8163,22.208,-1.5369,-19.633,-0.48412,-7.7757,0.14983,-31.867,-0.44818,0.16439,-0.018225,-0.86499,-0.12553,-0.00063339,0.07605,0.0066595,20.418,-3.6374,-22.605,1.134,-6.5379,-1.2071,-30.498
9,-0.45317,0.15113,-0.00097362,-0.87168,-0.12389,-0.0019817,0.080971,0.50061,20.013,0.048151,-23.669,3.3218,-6.6169,-1.7869,-34.136,-0.44727,0.16772,-0.0082716,-0.87213,-0.12759,-0.0034068,0.074224,-0.16623,23.202,-0.75266,-24.061,0.82302,-5.7222,1.2568,-32.874
9.1,-0.44811,0.16287,-0.020203,-0.8953,-0.13243,0.0021533,0.082659,1.7152,23.814,-2.5139,-23.75,0.84028,-7.0506,-0.13305,-31.544,-0.43768,0.16319,-0.026632,-0.86522,-0.12925,0.0077062,0.070814,1.7454,21.736,-1.9855,-22.724,1.1316,-8.9652,0.63119,-33.528
9.2,-0.43993,0.18341,-0.023216,-0.90385,-0.12816,0.00010877,0.0753,-0.39136,23.934,-0.91252,-22.85,0.51084,-7.1566,-1.9833,-34.745,-0.42426,0.14927,-0.0084007,-0.86712,-0.13001,-0.0027885,0.073997,0.71917,24.065,-1.8678,-24.269,1.7379,-6.5255,-0.086043,-32.97
9.3,-0.43202,0.16791,-0.018678,-0.88952,-0.14135,0.0017051,0.081119,0.26005,23.082,0.51121,-23.788,-0.12699,-5.4605,-1.5834,-35.19,-0.44584,0.15383,-0.024486,-0.87673,-0.13405,-0.0026857,0.074277,-0.35103,24.09,-0.59806,-20.87,0.90469,-5.0393,0.61992,-32.883
9.4,-0.4138,0.16969,-0.031965,-0.90456,-0.13145,0.018589,0.07615,1.1078,23.639,-1.315,-22.433,1.6632,-3.8641,-2.4423,-33.973,-0.41098,0.16349,-0.043039,-0.87669,-0.13426,-0.0029985,0.071884,-1.0687,24.659,-2.899,-24.091,0.17046,-4.9749,-0.77943,-32.916
9.5,-0.40701,0.17218,-0.022717,-0.88391,-0.13699,0.0018692,0.073241,-0.24443,22.579,-1.1107,-22.705,0.098292,-3.5667,-1.4886,-32.732,-0.40679,0.17259,-0.027152,-0.89716,-0.1354,-0.0092731,0.070743,0.52218,22.944,-1.6572,-22.882,0.91881,-3.7143,-0.92616,-35.687
9.6,-0.41416,0.16441,-0.048916,-0.87429,-0.13812,0.00024635,0.072316,2.0612,23.539,-0.19923,-23.522,-0.59264,-6.5177,-0.32411,-34.296,-0.39433,0.15486,-0.017959,-0.8889,-0.1322,0.0058545,0.074814,1.1668,25.507,-0.82689,-26.031,1.3813,-5.5808,-1.2382,-33.504
9.7,-0.40772,0.18754,-0.046865,-0.89677,-0.12989,0.00039266,0.073016,1.0718,23.628,-2.196,-25.882,-0.53618,-5.3413,1.0006,-33.857,-0.39632,0.16532,-0.040616,-0.89194,-0.13574,0.0026752,0.06912,0.76095,22.427,-1.7615,-25.637,1.1403,-4.4689,-0.98204,-33.637
9.8,-0.39339,0.1563,-0.047864,-0.91789,-0.13701,-0.0025429,0.073508,1.9238,24.209,-2.8005,-24.145,-0.14188,-3.9552,0.74236,-32.546,-0.38865,0.18652,-0.033349,-0.88036,-0.13804,9.1203e-05,0.063237,1.5141,27.376,0.23941,-23.619,2.4547,-4.0789,-0.0954,-34.417
9.9,-0.39428,0.17734,-0.039879,-0.89485,-0.13544,0.013892,0.072149,-0.60661,25.922,-0.97623,-24.658,-0.57699,-3.4983,-0.70577,-31.245,-0.3694,0.16822,-0.039667,-0.90919,-0.13014,-0.0011908,0.069165,0.062994,23.68,-1.7671,-25.448,1.603,-4.2605,0.89331,-29.922
10,-0.38555,0.18244,-0.046494,-0.91167,-0.13444,0.012361,0.059496,0.54466,25.649,-1.8176,-25.365,1.398,-3.3599,-0.46465,-29.737,-0.39088,0.18033,-0.036783,-0.90834,-0.14227,0.008674,0.056261,0.83747,25.357,-0.62115,-26.903,1.1843,-3.6668,0.81584,-31.885
10.1,-0.37716,0.16917,-0.020411,-0.897,-0.13131,0.013123,0.070465,0.86278,27.774,-0.71722,-26.109,0.24933,-3.6189,0.63835,-32.413,-0.36393,0.18048,-0.054166,-0.91058,-0.13639,-0.00051481,0.061733,1.073,23.642,-0.0034104,-27.177,3.472,-4.6791,-0.60095,-32.135
10.2,-0.37143,0.1906,-0.037258,-0.90619,-0.14177,0.014849,0.076423,2.6074,24.86,-2.4523,-26.694,-0.54186,-2.7371,0.69555,-32.035,-0.37541,0.17871,-0.031399,-0.90443,-0.13854,0.016427,0.078816,1.8063,26.804,-2.496,-28.28,2.6218,-1.3165,0.92887,-33.915
10.3,-0.36305,0.16768,-0.036808,-0.90536,-0.13163,0.0027601,0.069741,-1.6473,26.189,0.065343,-26.264,0.28266,-4.2834,1.4335,-33.34,-0.33566,0.19421,-0.04372,-0.91448,-0.14463,0.0062154,0.074998,-0.63928,23.237,-0.71413,-27.564,-0.72032,-1.6417,0.33902,-33.198
10.4,-0.33519,0.17145,-0.056649,-0.92118,-0.13461,0.015212,0.058621,2.6437,26.263,-0.2297,-26.971,1.9801,-3.6231,-0.64353,-33.266,-0.34953,0.18804,-0.048462,-0.91937,-0.13687,0.015779,0.06764,1.1679,26.176,-1.683,-26.971,2.8683,-2.7535,-0.60052,-31.356
10.5,-0.34389,0.18251,-0.048423,-0.91902,-0.14381,0.013281,0.065416,0.69449,25.543,-0.29188,-28.558,0.48783,-1.296,-0.25392,-31.578,-0.35144,0.19966,-0.055568,-0.90851,-0.13812,0.003525,0.069347,1.2484,26.914,-1.2246,-27.144,2.7345,-1.5844,2.484,-33.435
10.6,-0.34625,0.18866,-0.039169,-0.92023,-0.14249,0.016237,0.06586,-0.9234,25.947,-1.3933,-29.944,0.66093,-1.9101,-2.1447,-31.169,-0.33341,0.16858,-0.049112,-0.9318,-0.14163,0.019127,0.07344,0.87785,27.748,-1.8237,-28.408,0.59557,-1.3983,1.4529,-31.871
10.7,-0.30722,0.18753,-0.056315,-0.92498,-0.13603,0.016318,0.062212,-0.52272,26.182,-0.97309,-31.044,0.60435,-2.0434,1.3685,-31.285,-0.35427,0.18379,-0.070177,-0.92636,-0.14217,0.018394,0.060371,0.92474,27.534,-2.4317,-30.331,0.036977,-2.1882,-0.40218,-30.48
10.8,-0.3151,0.17685,-0.049909,-0.93148,-0.1453,0.014351,0.059345,3.0352,26.965,-0.55922,-29.218,-0.67389,-1.3665,0.31188,-29.542,-0.33733,0.19139,-0.056519,-0.92841,-0.142,0.014028,0.065722,-0.1722,27.081,-0.7088,-29.67,0.23714,-1.3978,1.3128,-30.239
10.9,-0.32264,0.18238,-0.062438,-0.92211,-0.13906,0.015844,0.05604,2.1382,26.179,0.79897,-29.526,-0.11523,-1.3182,1.3728,-31.469,-0.3165,0.17274,-0.06008,-0.9146,-0.13516,0.020784,0.064387,0.89086,26.835,-1.6118,-29.654,1.1081,-1.5272,1.0499,-32.226
11,-0.30371,0.19046,-0.059672,-0.93957,-0.13679,0.021116,0.054827,1.1472,26.357,-1.8386,-29.837,-0.030975,-0.73457,0.75795,-31.597,-0.31913,0.19695,-0.057047,-0.94539,-0.14283,0.020835,0.06335,1.2693,27.61,-1.9377,-32.38,-0.57786,-0.33276,0.45734,-30.596
11.1,-0.29848,0.17657,-0.073679,-0.91416,-0.13228,0.027453,0.059309,-0.37336,27.316,-2.9661,-29.557,0.12226,-0.69435,-0.0067927,-30.923,-0.29939,0.20533,-0.04562,-0.9321,-0.14485,0.029368,0.06107,0.45098,27.33,-1.2959,-29.492,-0.30584,-1.3577,1.0373,-31.086
11.2,-0.30465,0.19617,-0.060095,-0.9111,-0.14556,0.019414,0.055036,0.75283,28.62,-0.41598,-32.215,0.57328,-0.082922,2.4749,-29.962,-0.29537,0.20047,-0.057902,-0.94185,-0.14213,0.023182,0.043485,1.6441,28.304,-2.7471,-30.835,-0.49805,-1.1757,2.7936,-28.527
11.3,-0.30272,0.18789,-0.062766,-0.93537,-0.12787,0.022565,0.052365,0.16298,28.353,0.11766,-30.021,0.36767,1.1212,0.43584,-31.312,-0.29889,0.18929,-0.062009,-0.94578,-0.13568,0.01877,0.052822,-0.93864,26.392,-2.784,-32.16,1.167,-0.36986,1.4229,-31.168
11.4,-0.27426,0.20283,-0.081302,-0.94674,-0.13314,0.029949,0.057813,0.50294,26.795,-0.62042,-32.114,1.0749,-1.523,0.77173,-28.584,-0.26504,0.20968,-0.054078,-0.94457,-0.1345,0.021263,0.05176,0.0029146,28.082,-0.11967,-31.534,0.1564,0.30543,-0.84922,-29.088
11.5,-0.28868,0.18825,-0.074814,-0.94874,-0.13988,0.035676,0.05031,1.2709,29.809,1.4895,-31.731,0.81989,1.4,3.6563,-27.619,-0.27021,0.1978,-0.067418,-0.92519,-0.14535,0.027204,0.053233,1.303,29.621,-0.43763,-31.782,-0.17198,1.1248,0.91132,-28.378
11.6,-0.25212,0.20509,-0.071565,-0.94674,-0.13277,0.022496,0.042496,1.4811,28.85,-3.7927,-31.403,2.5777,0.5603,0.35192,-28.095,-0.26767,0.19186,-0.095658,-0.94098,-0.14485,0.02971,0.048683,2.124,28.601,-2.0819,-32.339,-1.3767,0.31874,1.1387,-29.595
11.7,-0.26915,0.18874,-0.065222,-0.93953,-0.13694,0.032269,0.049699,1.0045,28.683,-1.8291,-32.196,0.14596,3.165,0.66025,-27.65,-0.2685,0.17494,-0.05935,-0.93362,-0.14165,0.028663,0.045821,0.94288,28.889,0.51895,-30.883,-0.13758,2.2715,-1.4693,-26.646
11.8,-0.25633,0.18833,-0.077851,-0.95387,-0.14263,0.028658,0.046473,0.5407,27.796,-2.708,-32.106,1.7777,2.7843,0.81034,-27.657,-0.26036,0.1678,-0.061788,-0.93374,-0.13798,0.025172,0.054202,-0.17618,30.031,-1.9774,-33.627,0.33442,0.83871,0.88324,-28.177
11.9,-0.2474,0.18367,-0.079973,-0.94812,-0.14233,0.036362,0.046063,0.57917,26.911,-0.42378,-34.666,1.7271,3.0363,-0.53571,-25.958,-0.24157,0.18528,-0.075499,-0.95449,-0.14284,0.01865,0.042478,1.2507,27.012,-1.1962,-32.988,0.51249,2.8177,0.58753,-27.081
12,-0.24922,0.18933,-0.078634,-0.93741,-0.13919,0.031547,0.047115,0.79693,28.773,-0.77165,-35.01,0.95585,2.1532,0.91104,-25.752,-0.2455,0.18148,-0.059234,-0.93451,-0.13193,0.045357,0.045276,1.4817,28.684,-2.1079,-32.802,0.047365,2.1588,0.95526,-26.755
12.1,-0.23233,0.15872,-0.075594,-0.94531,-0.15108,0.029564,0.043127,0.69881,29.414,-1.466,-33.24,1.7718,2.6897,1.9871,-27.275,-0.22108,0.20265,-0.085915,-0.9532,-0.14624,0.03922,0.033657,2.3745,30.44,0.29078,-34.73,0.30997,5.0191,1.3118,-25.092
12.2,-0.22714,0.17723,-0.081106,-0.95755,-0.13632,0.044374,0.041913,-0.97124,30.259,-0.2935,-34.754,2.0394,4.1683,-0.37936,-26.291,-0.22555,0.18549,-0.064664,-0.96138,-0.14449,0.041679,0.037554,-0.058957,30.703,-1.405,-36.229,-0.81116,2.2282,-0.21957,-26.559
12.3,-0.23573,0.15107,-0.075599,-0.95704,-0.14955,0.041493,0.047039,-0.85735,30.921,0.65798,-35.651,0.66524,2.5957,1.9701,-25.844,-0.23639,0.18907,-0.066494,-0.95025,-0.14289,0.042777,0.042202,1.0718,31.095,-1.6742,-34.135,-1.306,3.0562,1.1678,-26.853
12.4,-0.21313,0.18845,-0.074584,-0.95424,-0.14598,0.033686,0.03384,2.0543,29.452,-1.1355,-34.131,0.29468,4.9432,-1.0143,-26.305,-0.23364,0.19089,-0.075124,-0.9651,-0.14493,0.032385,0.04403,0.46133,29.467,-1.865,-36.528,2.3432,5.5559,-1.3143,-23.54
12.5,-0.2145,0.18661,-0.090362,-0.95933,-0.13677,0.039648,0.044831,0.93949,31.423,-2.2281,-36.547,1.2139,3.6724,0.75793,-25.296,-0.18936,0.19607,-0.093125,-0.95656,-0.14772,0.031732,0.046098,-1.1727,31.04,0.41479,-35.507,-0.70641,4.7256,-0.62383,-25.896
12.6,-0.19958,0.18273,-0.064002,-0.96628,-0.14037,0.031623,0.033376,0.50074,30.207,-0.8962,-36.399,1.0326,5.2889,-0.31298,-24.232,-0.17689,0.17433,-0.066842,-0.97018,-0.14835,0.035077,0.034642,0.69734,29.701,-0.9163,-35.433,-0.56045,2.516,-1.1208,-24.981
12.7,-0.18923,0.17247,-0.072771,-0.9688,-0.14712,0.051532,0.027571,1.4576,30.059,-0.31448,-36.214,0.58636,3.9795,1.3789,-25.45,-0.20198,0.18397,-0.087054,-0.95649,-0.15151,0.051464,0.030246,0.2927,31.468,-0.385,-36.757,0.64107,3.594,-0.43504,-25.266
12.8,-0.1803,0.15939,-0.085024,-0.94926,-0.14553,0.051844,0.026104,0.33714,31.97,-1.4938,-36.833,1.2291,3.1102,-0.35675,-23.165,-0.17105,0.1693,-0.077001,-0.97154,-0.14398,0.042472,0.043393,2.1767,32.654,-0.98441,-34.877,0.38219,3.7764,0.92009,-25.572
12.9,-0.18272,0.16413,-0.093363,-0.94971,-0.14229,0.044276,0.029185,1.3864,33.28,-0.94999,-37.015,1.6008,3.7789,0.55543,-24.16,-0.18198,0.16978,-0.075983,-0.96098,-0.14023,0.047493,0.037675,0.73322,32.009,-0.26335,-36.706,-1.8867,6.6577,0.62689,-22.411
13,-0.14425,0.17692,-0.087551,-0.95271,-0.14485,0.042873,0.033196,0.5744,29.735,-0.63615,-38.447,-0.2349,4.9296,-0.75694,-24.726,-0.17158,0.17004,-0.080129,-0.96956,-0.14522,0.045967,0.041612,-0.50863,31.091,-0.64239,-38.467,-0.43416,6.2736,0.95408,-24.562
13.1,-0.16785,0.17055,-0.074874,-0.97217,-0.14104,0.040063,0.024974,1.3589,33.906,0.38094,-37.042,-1.1955,5.4606,-1.2418,-24.432,-0.16981,0.17537,-0.086949,-0.97985,-0.14674,0.041469,0.028682,-0.18526,31.987,-0.93169,-37.504,0.7668,3.4341,0.82741,-23.928
13.2,-0.14222,0.16222,-0.075651,-0.97464,-0.1459,0.049925,0.036404,0.56749,32.687,-3.2551,-36.97,0.56674,5.6514,1.0087,-22.176,-0.14638,0.16014,-0.077528,-0.97344,-0.14811,0.042197,0.034356,-0.2411,34.493,-1.0457,-39.4,0.94434,6.4291,0.25565,-22.196
13.3,-0.14488,0.17413,-0.081458,-0.97317,-0.14124,0.051736,0.034809,-1.6196,32.645,-1.0615,-39.37,0.033237,5.1987,0.10927,-22.139,-0.1476,0.17378,-0.086705,-0.97736,-0.13969,0.055851,0.032298,-0.75759,34.7,-1.6892,-41.371,0.6777,4.3609,1.5372,-22.506
13.4,-0.12778,0.17769,-0.073709,-0.9444,-0.1499,0.055387,0.031571,0.6975,31.848,-2.1778,-39.024,1.9576,5.1444,0.37362,-24.272,-0.12756,0.16985,-0.090028,-0.97201,-0.13989,0.048173,0.031761,-1.6244,31.512,-1.5564,-38.63,2.411,6.0705,0.51572,-22.796
13.5,-0.12538,0.1631,-0.086869,-0.98483,-0.14567,0.058832,0.024648,-1.0484,31.814,0.71849,-40.406,1.4334,5.3609,1.9637,-22.189,-0.1374,0.16212,-0.069413,-0.96609,-0.14592,0.067222,0.028284,0.57211,32.356,0.31806,-39.692,0.27377,6.5638,1.2976,-21.198
13.6,-0.12493,0.16376,-0.086649,-0.96379,-0.14313,0.054985,0.029968,-0.55058,33.086,-0.13083,-40.465,0.83154,5.9077,-0.84174,-22.637,-0.11218,0.17933,-0.086812,-0.98481,-0.15465,0.055588,0.032331,-0.45543,31.782,0.33087,-41.664,1.65,7.8579,1.215,-21.623
13.7,-0.10115,0.15429,-0.078888,-0.96918,-0.13128,0.052566,0.027112,-1.0963,31.669,-1.4081,-40.605,2.1175,5.0041,2.003,-19.722,-0.087569,0.18779,-0.084046,-0.95515,-0.14206,0.054006,0.018291,0.83533,32.454,-0.18656,-43.446,-0.45351,6.9236,-0.10058,-21.134
13.8,-0.094083,0.15608,-0.084548,-0.97033,-0.13792,0.061436,0.018729,0.50783,30.257,-2.0474,-39.929,1.9982,8.5306,1.2791,-20.025,-0.11472,0.15909,-0.084584,-0.98535,-0.13331,0.042521,0.029031,-2.8907,31.176,-1.7189,-41.454,-0.61367,7.757,0.21622,-22.573
13.9,-0.098553,0.1654,-0.077403,-0.95644,-0.13969,0.069719,0.028956,0.58459,31.61,-3.2873,-44.724,1.2195,6.8453,-0.25749,-20.741,-0.10196,0.16774,-0.075894,-0.97645,-0.13122,0.050202,0.028244,-2.1628,32.321,-0.58374,-42.857,1.5617,7.2822,-1.3484,-21.225
14,-0.10838,0.16364,-0.074746,-0.98024,-0.13463,0.064988,0.021315,-1.2656,30.309,-2.2707,-42.441,-1.2153,7.5739,1.6682,-20.82,-0.10397,0.13917,-0.089277,-0.96568,-0.13218,0.056471,0.023552,-0.53567,31.408,-0.13023,-43.416,0.80353,7.6372,0.40932,-19.44
14.1,-0.080951,0.14489,-0.071241,-0.99217,-0.13252,0.059959,0.014523,-2.236,29.926,-2.7486,-43.094,1.5632,9.2474,1.5164,-19.937,-0.079964,0.13789,-0.069299,-0.98003,-0.12754,0.071569,0.018918,-1.9722,30.562,0.027459,-41.726,1.3654,9.266,1.2629,-20.797
14.2,-0.090299,0.14813,-0.086743,-0.96569,-0.12524,0.060691,0.014247,-2.8015,30.303,-0.55478,-42.127,0.71865,9.0831,0.3079,-21.244,-0.071486,0.14554,-0.085939,-0.98963,-0.12442,0.068103,0.013833,-0.59328,29.59,-1.9521,-43.423,1.9486,7.7837,1.4545,-20.985
14.3,-0.065449,0.16343,-0.085975,-0.97487,-0.13425,0.061897,0.01499,-1.0635,29.084,-0.55601,-43.842,1.0265,8.7458,2.8803,-19.56,-0.09311,0.163,-0.094736,-0.96976,-0.13302,0.066838,0.0094825,0.88114,29.23,-0.29411,-42.559,1.0288,8.8337,0.072102,-17.205
14.4,-0.064298,0.14942,-0.079327,-0.99979,-0.119,0.065856,0.01415,-0.089237,29.068,0.10587,-42.998,-0.011504,8.7954,0.79411,-20.53,-0.068276,0.15331,-0.069787,-0.97699,-0.12255,0.073592,0.012074,-2.125,29.298,-0.25788,-43.861,-0.66427,7.4019,0.53769,-19.138
14.5,-0.061418,0.15513,-0.070763,-0.98115,-0.12984,0.063686,0.010125,-0.47547,27.81,-0.59606,-44.43,1.7052,9.016,1.0829,-17.48,-0.067259,0.14734,-0.096875,-0.99462,-0.12762,0.078058,0.014498,-1.8449,26.145,-0.72831,-45.217,-0.080483,8.6287,0.4075,-20.266
14.6,-0.063223,0.13563,-0.084066,-0.99739,-0.12384,0.063685,0.018659,-1.8083,26.373,-0.15184,-43.713,2.0478,10.56,2.7479,-19.428,-0.030342,0.14482,-0.084833,-0.98485,-0.12017,0.073081,0.018624,-2.6602,26.407,-2.3489,-45.147,0.75923,8.8673,-1.1174,-17.97
14.7,-0.049819,0.13418,-0.080945,-0.99959,-0.11591,0.074979,0.0089013,0.12601,28.632,-0.52231,-46.556,0.68294,8.7066,1.2659,-17.67,-0.047697,0.13647,-0.074769,-0.9869,-0.12265,0.067062,0.0085513,-0.03099,26.951,-2.88,-44.02,2.1966,10.722,-0.65514,-18.01
14.8,-0.054487,0.12759,-0.08822,-1.0008,-0.11603,0.076506,0.0090918,-0.7769,27.242,-0.76939,-45.466,2.0144,10.841,1.0412,-17.503,-0.027238,0.1317,-0.08585,-0.9928,-0.11347,0.069774,0.015067,0.74782,25.686,-1.9462,-46.401,0.53366,10.423,0.11184,-18.46
14.9,-0.033858,0.12669,-0.074465,-0.98246,-0.12159,0.067368,0.013448,-0.0043221,27.433,-1.3671,-44.64,-0.98324,11.952,1.0996,-17.737,-0.043111,0.13043,-0.089773,-0.98721,-0.12376,0.083307,0.015264,-0.87827,26.109,-1.2969,-46.38,-0.2967,12.506,-0.98358,-17.974
15,-0.028418,0.12215,-0.08951,-0.99425,-0.11833,0.078008,0.0081847,-0.030088,24.545,-1.27,-46.46,0.99189,10.221,0.52711,-18.943,-0.036817,0.13974,-0.087763,-0.96939,-0.1259,0.070637,0.0081639,-1.8993,26.502,-1.4978,-45.971,1.4044,10.66,-0.23261,-17.471
15.1,-0.014857,0.11286,-0.088151,-0.99069,-0.1148,0.075965,0.0024889,1.4678,25.283,-1.5129,-46.564,0.45409,10.917,1.9127,-17.942,-0.010506,0.11676,-0.094062,-0.98683,-0.11063,0.075285,0.017925,0.16106,25.614,-1.2176,-46.062,0.45516,10.646,-0.1907,-17.07
15.2,-0.005918,0.11524,-0.077473,-0.97551,-0.10996,0.071816,0.00315,-0.54654,24.278,-2.0245,-46.579,1.0062,9.5302,1.817,-17.699,-0.022155,0.1377,-0.090416,-0.98179,-0.11126,0.078546,0.010353,-0.45435,24.356,-0.65399,-46.56,-0.16188,10.097,1.8252,-18.869
15.3,-0.01829,0.11432,-0.091535,-0.9928,-0.10746,0.079982,0.0033165,-2.5186,24.69,-2.2224,-47.306,1.6887,10.787,0.51027,-16.279,-0.017158,0.12852,-0.068371,-1.0004,-0.10295,0.083389,0.011492,-2.1075,23.928,-0.57337,-48.052,1.2349,10.931,1.7933,-17.31
15.4,-0.0061693,0.11309,-0.09176,-1.006,-0.10836,0.075403,0.0052823,-1.4554,22.083,-0.56642,-47.614,-1.2175,11.273,4.4206,-15.895,0.014177,0.11902,-0.079811,-0.99768,-0.1054,0.078075,-0.0034514,-1.4965,24.175,-2.2785,-50.523,1.0791,12.972,3.0739,-15.709
15.5,0.0017421,0.1075,-0.078988,-0.98594,-0.10907,0.09,0.004494,-0.50821,23.112,0.17063,-46.936,-0.38123,9.2232,0.16968,-18.021,0.0039714,0.10966,-0.081998,-0.98935,-0.09334,0.083715,0.0072122,-0.89781,24.505,-1.399,-48.083,2.1158,12.755,1.3276,-16.159
15.6,0.0025737,0.10009,-0.079626,-0.99431,-0.099916,0.084429,0.0043297,-2.0723,23.427,0.4545,-47.779,1.2462,13.031,3.5926,-16.854,-0.011692,0.11106,-0.086624,-0.97901,-0.09665,0.083837,-0.0056325,-0.34585,24.225,-0.66987,-48.884,1.3475,10.739,0.41028,-12.724
15.7,0.016724,0.092556,-0.068708,-0.99969,-0.10782,0.089655,-0.0052953,-1.8691,23.772,-0.76152,-50.169,-0.26638,12.547,-1.3616,-15.942,0.013853,0.099378,-0.07495,-0.98688,-0.098613,0.086584,-0.0080192,-1.2649,22.428,-1.2068,-50.049,-0.69864,11.589,2.2054,-14.714
15.8,0.010302,0.10494,-0.07773,-1.0091,-0.10454,0.094368,0.0060006,-2.9237,22.476,-0.66795,-48.543,1.0884,12.734,0.44312,-17.123,0.031976,0.084176,-0.096649,-0.99134,-0.095662,0.08281,-0.002022,0.70199,21.69,-1.9027,-49.727,1.4921,10.868,1.9965,-13.753
15.9,0.04011,0.079484,-0.086734,-0.99799,-0.10375,0.088734,-0.0062981,-2.571,20.279,-0.73459,-50.42,0.89809,15.51,0.07949,-13.783,0.036168,0.096832,-0.051427,-1,-0.091792,0.086535,-0.0059725,-0.68989,23.194,-1.2776,-49.505,1.141,12.54,1.7271,-13.848
16,0.0044283,0.086198,-0.045535,-0.99217,-0.10323,0.086085,-0.0010548,-1.3354,21.464,-0.35914,-50.428,0.16562,12.896,-0.17229,-15.066,0.041155,0.10059,-0.10838,-1.0167,-0.095132,0.083689,0.0025873,-0.78164,21.665,0.41218,-50.284,1.493,14.501,1.5476,-13.926
16.1,0.00068446,0.08357,-0.076222,-0.99418,-0.086187,0.083091,-0.001301,-1.3104,20.772,-2.1752,-50.3,0.47795,14.517,0.17479,-12.946,0.018556,0.08467,-0.086834,-0.98977,-0.091199,0.095559,0.0011794,-1.2607,20.035,-1.1399,-49.893,1.9412,12.77,0.86777,-13.82
16.2,0.03779,0.094943,-0.081384,-0.99787,-0.084313,0.093321,-0.0044588,-2.7641,19.205,0.42644,-49.155,-0.17806,11.962,0.70095,-14.258,0.045269,0.082161,-0.086106,-0.99887,-0.094666,0.091217,-0.011188,-3.0892,19.838,-0.95535,-50.942,0.92576,11.78,-0.24865,-14.29
16.3,0.036417,0.091592,-0.060818,-0.9878,-0.088061,0.093114,-0.010154,0.8294,18.387,-1.069,-52.299,1.7783,14.845,1.0346,-13.374,0.037803,0.094161,-0.062741,-0.99762,-0.093214,0.090775,-0.015528,0.75417,19.852,0.63901,-51.099,0.20183,12.335,-0.53283,-15.131
16.4,0.040749,0.079608,-0.0734,-0.99675,-0.090824,0.09636,0.00080577,-0.19924,17.918,0.98659,-51.459,1.9523,14.55,0.67162,-12.496,0.049956,0.071856,-0.058797,-0.98871,-0.084472,0.09991,-0.007349,-1.5308,19.677,-0.079573,-50.666,0.70129,14.773,1.1017,-13.655
16.5,0.054995,0.059122,-0.090569,-0.9868,-0.07846,0.086141,-0.010587,-1.118,19.175,0.37615,-49.097,0.70959,15.512,0.17124,-13.111,0.048299,0.082595,-0.053812,-1.0118,-0.080522,0.097876,-0.0052491,-3.9058,17.715,1.1709,-49.758,-0.06249,15.377,0.74819,-12.507
16.6,0.042144,0.080469,-0.072137,-1.0016,-0.0802,0.084413,-0.010787,-2.5858,19.842,0.19775,-50.162,1.542,14.632,0.57512,-12.723,0.046287,0.078054,-0.075182,-0.98721,-0.071343,0.097324,-0.006305,-0.80106,18.424,0.67603,-50.25,1.3221,15.875,0.40921,-13.339
16.7,0.063128,0.055976,-0.053552,-0.98932,-0.07423,0.092811,-0.019802,-0.12682,17.622,0.1411,-48.975,1.0693,16.332,1.6492,-12.397,0.058708,0.059563,-0.08317,-1.0042,-0.074598,0.084702,-0.011671,0.0032697,16.977,2.0808,-48.19,-0.38845,15.815,-0.28444,-12.983
16.8,0.064072,0.064545,-0.08787,-1.0013,-0.068552,0.099974,-0.015818,-1.4664,18.433,0.10227,-48.435,-0.21061,15.045,2.4762,-13.359,0.061329,0.058663,-0.065558,-1.0068,-0.0775,0.099197,-0.0050517,-1.1942,17.774,-0.031452,-49.073,1.8543,15.331,2.8978,-12.386
16.9,0.07575,0.05218,-0.079758,-0.9793,-0.076181,0.090378,-0.014311,-0.96701,18.19,0.71426,-47.822,2.474,14.333,-0.75046,-11.768,0.059324,0.057591,-0.083126,-0.99989,-0.072562,0.087101,-0.011999,0.053325,16.985,0.7163,-47.754,-0.52162,14.968,0.35049,-12.76
17,0.072957,0.048999,-0.049373,-1.0035,-0.067141,0.085299,-0.019752,-1.3481,17.428,-0.050248,-49.157,0.5603,14.222,-0.66988,-12.523,0.076365,0.045229,-0.066064,-0.98309,-0.076636,0.097836,-0.0091494,-0.51659,16.773,1.8501,-48.74,0.12885,16.167,0.11541,-11.957
17.1,0.073097,0.045725,-0.055308,-0.99253,-0.06718,0.089873,-0.0070785,-0.23464,14.281,2.924,-48.163,2.788,16.362,0.81013,-10.509,0.077314,0.049579,-0.050268,-0.98935,-0.069378,0.081917,-0.020641,-1.8337,15.566,1.8024,-47.112,1.5653,15.232,0.47816,-10.317
17.2,0.086707,0.042998,-0.064739,-0.98836,-0.071012,0.097543,-0.015373,0.1122,16.756,-1.2559,-47.72,-0.33549,15.902,-0.070769,-11.639,0.080037,0.035497,-0.064681,-0.97889,-0.063218,0.091954,-0.01192,-1.58,13.872,-0.29553,-51.356,2.291,16.777,1.1978,-8.8599
17.3,0.083435,0.038278,-0.076493,-0.98751,-0.062582,0.093065,-0.024221,0.23865,14.486,1.6945,-48.058,0.093213,14.559,-0.0028732,-8.931,0.083958,0.023485,-0.075087,-0.98948,-0.064358,0.0869,-0.012908,-1.509,16.91,-0.60611,-48.031,0.25512,14.373,3.4085,-10.349
17.4,0.082504,0.022493,-0.054862,-1.0172,-0.075836,0.091497,-0.020176,0.32232,14.783,0.81313,-47.475,-0.046488,16.433,0.35983,-10.211,0.10427,0.036606,-0.081129,-0.99946,-0.052873,0.085917,-0.016051,-1.5695,14.942,1.4221,-48.188,0.65688,14.229,0.45956,-10.226
17.5,0.096854,0.04163,-0.0507,-1.0079,-0.065023,0.089223,-0.027937,-1.7107,15.82,0.53532,-47.008,0.77587,17.653,1.4636,-8.0607,0.092539,0.032317,-0.069746,-0.99219,-0.067588,0.082079,-0.022385,-0.99374,15.552,0.535,-48.072,0.2234,15.686,1.2609,-9.375
17.6,0.090947,0.021,-0.079366,-1.0096,-0.060789,0.096489,-0.022177,0.007641,15.77,1.947,-47.692,-2.4784,17.135,-2.1382,-8.53,0.091913,0.011379,-0.073528,-1.0012,-0.065276,0.088009,-0.027581,-1.6291,13.749,-0.34243,-46.182,1.6282,17.43,-0.074364,-9.2496
17.7,0.10574,0.016939,-0.04804,-0.99174,-0.057213,0.089428,-0.023894,-0.58715,12.766,1.7731,-46.437,-1.2072,16.184,0.085437,-7.5559,0.088743,0.023748,-0.057763,-1.0185,-0.062791,0.09629,-0.009999,-1.9432,14.318,-0.28983,-48.192,1.8378,17.741,1.9942,-6.4606
17.8,0.086038,0.022708,-0.06172,-0.99914,-0.056527,0.082865,-0.01983,-0.80343,14.296,0.57043,-46.444,2.062,18.462,1.4151,-8.5849,0.089476,-0.0025537,-0.040831,-1.0048,-0.06285,0.086751,-0.022778,-0.23589,14.056,0.98357,-46.778,-0.27273,18.428,1.8378,-9.1239
17.9,0.10279,0.0083802,-0.059274,-0.99944,-0.045307,0.082228,-0.028322,-0.62783,13.513,0.93845,-46.922,0.015713,16.953,0.53841,-9.9096,0.095862,0.010606,-0.062761,-0.99172,-0.050168,0.088256,-0.021754,-1.5999,12.394,0.17453,-44.403,1.4337,17.428,0.58489,-10.439
18,0.10642,0.0024348,-0.047449,-0.98816,-0.051518,0.092802,-0.032674,-1.7099,11.788,-0.48359,-46.366,-0.69992,17.474,1.3172,-6.7935,0.099568,0.0096095,-0.04674,-1.0001,-0.051841,0.080997,-0.024071,-2.0087,13.125,1.5088,-45.964,2.445,18.436,0.9039,-9.0742
18.1,0.1072,-0.009562,-0.038232,-1.005,-0.056641,0.085257,-0.030868,-1.3676,10.682,1.906,-45.929,0.24793,19.48,0.017633,-8.4555,0.12769,0.0021684,-0.06491,-0.99514,-0.044991,0.084235,-0.028452,-0.13165,11.83,0.84185,-44.057,-0.71589,18.076,0.7687,-7.4517
18.2,0.10012,-0.013091,-0.055174,-0.98657,-0.049215,0.085102,-0.022498,-3.4232,11.201,0.75742,-43.984,0.1607,16.808,1.0186,-7.3431,0.11916,0.0048799,-0.055186,-1.0031,-0.048087,0.086651,-0.027941,0.10108,10.826,0.62841,-44.283,0.86191,17.725,0.88266,-6.0096
18.3,0.094592,0.015452,-0.046423,-1.005,-0.042867,0.084702,-0.02591,-1.7089,11.752,-1.3826,-43.791,1.7241,18.491,0.86942,-4.8824,0.11695,-0.00015857,-0.036787,-0.99663,-0.03694,0.087179,-0.033036,-0.7247,11.554,-0.28166,-45.107,-0.95481,19.168,1.9044,-6.0603
18.4,0.10341,0.0012145,-0.051985,-0.99282,-0.043373,0.079312,-0.029669,-1.483,9.7366,1.9222,-44.382,1.8836,18.111,0.40241,-6.9672,0.10386,-0.0079711,-0.045841,-0.9992,-0.04426,0.08675,-0.030096,-2.6295,10.918,0.53972,-43.19,1.6062,18.5,1.8365,-6.2268
18.5,0.11432,-0.010228,-0.051841,-0.98615,-0.045201,0.091021,-0.02234,0.78385,10.309,1.1526,-43.738,0.7065,18.432,2.6825,-7.0421,0.11171,-0.020258,-0.043424,-1.0149,-0.041095,0.087766,-0.030892,0.3532,9.5376,-0.02155,-43.201,0.58793,19.459,1.9961,-7.0123
18.6,0.10618,-0.021009,-0.031724,-0.99902,-0.038454,0.080141,-0.027815,0.11898,9.9231,0.3007,-44.424,-0.43551,16.905,0.01533,-5.9323,0.13884,-0.016389,-0.04879,-1.0149,-0.037619,0.080194,-0.028004,-1.1119,9.2142,0.71211,-44.186,0.25375,20.677,0.72416,-6.084
18.7,0.117,-0.020567,-0.024255,-0.9892,-0.035257,0.082634,-0.039644,-0.99615,8.6258,0.12291,-45.227,-0.12208,19.481,-0.027387,-4.9178,0.12382,-0.014869,-0.036317,-0.99401,-0.035623,0.078316,-0.03138,-1.1948,8.4435,-1.1776,-41.638,0.18383,16.754,-0.25671,-6.1778
18.8,0.13087,-0.012309,-0.056557,-0.98929,-0.038706,0.082993,-0.029646,-1.2506,9.4748,-0.31822,-42.834,1.5067,18.814,2.4151,-6.1836,0.13263,-0.0080016,-0.032997,-0.97922,-0.035317,0.076417,-0.030507,-2.9848,7.7161,0.21177,-44.567,-0.93363,19,-0.14957,-4.9474
18.9,0.1232,-0.050842,-0.038328,-0.97665,-0.020604,0.084873,-0.032508,-1.0079,9.4084,0.88422,-42.337,0.2376,18.423,1.1162,-5.5836,0.11674,-0.020078,-0.032453,-0.97165,-0.037386,0.086469,-0.029998,-1.6776,8.2632,0.55372,-44.718,-1.2603,19.673,0.68284,-4.3594
19,0.14501,-0.027911,-0.042434,-0.9949,-0.03053,0.080993,-0.020533,-1.9203,9.3533,-0.28746,-42.712,0.20298,18.258,0.95893,-4.0245,0.11647,-0.023934,-0.037189,-1.0038,-0.031309,0.073554,-0.027542,-0.81904,6.5669,0.059328,-44.385,-1.082,18.252,-0.90329,-5.5715
19.1,0.10511,-0.03937,-0.022659,-0.99842,-0.020055,0.08188,-0.027666,-0.83141,8.3822,2.0015,-43.387,0.79613,20.658,0.30115,-6.2943,0.13658,-0.032878,-0.02663,-0.9773,-0.032548,0.08255,-0.026813,-1.9431,6.9453,0.30466,-42.652,1.1655,18.096,0.11012,-4.7288
19.2,0.1401,-0.030541,-0.04209,-0.97693,-0.027178,0.082596,-0.03399,-1.2254,7.3155,2.2158,-43.256,1.5802,18.03,0.05434,-3.9336,0.13098,-0.043477,-0.020813,-0.99632,-0.017936,0.071369,-0.022493,-2.7109,6.2911,-1.9741,-41.402,0.58914,18.82,0.11992,-3.7354
19.3,0.12731,-0.039212,-0.031995,-0.98192,-0.029449,0.082109,-0.022984,-1.744,5.1346,1.1216,-42.86,-1.7443,17.62,1.4715,-2.7229,0.13068,-0.036255,-0.010987,-0.99201,-0.029001,0.083282,-0.035214,-0.14997,5.5826,0.49327,-42.059,-1.2596,17.126,0.38419,-4.1005
19.4,0.15202,-0.038649,-0.023291,-0.98757,-0.028679,0.086843,-0.034204,-2.5099,6.6327,1.2396,-41.575,-1.3427,19.635,0.36855,-4.9283,0.13196,-0.033929,-0.022887,-1.0033,-0.023669,0.078129,-0.024644,-3.5068,5.4236,0.85712,-43.174,-1.0536,18.797,0.40112,-3.6779
19.5,0.13912,-0.049883,-0.011894,-0.98426,-0.021943,0.075761,-0.034395,-1.8426,5.0939,-0.32603,-42.116,0.008094,17.623,1.5248,-4.7326,0.12305,-0.041993,-0.024256,-0.99058,-0.0247,0.07826,-0.026055,0.68335,5.0815,1.0731,-39.654,-1.2957,19.384,0.99525,-3.8542
19.6,0.13116,-0.05998,-0.012917,-0.96001,-0.016579,0.075234,-0.025054,-0.89367,4.8385,1.2065,-41.957,-0.28768,18.395,-1.2316,-4.3243,0.13978,-0.035053,-0.019999,-0.99331,-0.021846,0.073868,-0.035842,0.42423,5.8206,1.8419,-41.616,-1.8981,19.231,0.29899,-4.0711
19.7,0.13839,-0.051598,-0.016546,-0.99254,-0.021074,0.078757,-0.03693,-2.3903,5.4203,0.76563,-40.643,-0.68288,16.647,-1.8312,-4.4355,0.13215,-0.072315,-0.036202,-0.98285,-0.027132,0.0729,-0.028944,-1.1855,2.7423,-0.39121,-42.051,-1.1372,17.818,0.26418,-3.9446
19.8,0.13496,-0.066389,-0.020149,-0.99778,-0.015796,0.072919,-0.039352,-1.3932,6.3903,-0.03521,-40.166,-0.43037,16.942,-0.74632,-4.5473,0.13082,-0.069778,-0.011699,-0.99341,-0.011409,0.073982,-0.028474,-0.68837,2.313,-0.76159,-41.572,-0.16911,18.296,1.7524,-2.8033
19.9,0.12746,-0.05685,-0.03244,-1.0028,-0.011529,0.069324,-0.037839,-2.2311,3.6286,2.2204,-38.931,-1.5439,16.305,-0.44661,-4.6298,0.14476,-0.071663,-0.0279,-0.98715,-0.011397,0.07806,-0.030086,-1.7488,3.0722,-0.25263,-39.672,-0.54749,17.21,0.66091,-2.494
20,0.12522,-0.071399,-0.002925,-0.98854,-0.019007,0.073251,-0.03034,-1.7252,2.3639,0.6008,-41.561,-1.4552,16.761,-0.16808,-4.6247,0.16113,-0.067291,-0.013858,-0.9977,-0.0086345,0.066882,-0.027033,-2.2121,4.8259,1.8887,-41.033,-1.7385,16.831,0.50272,-3.9091
20.1,0.14101,-0.041484,-0.0073151,-0.98357,-0.0059264,0.077974,-0.037789,-0.18251,1.6639,0.78427,-37.773,-1.7953,15.898,1.7534,-3.5213,0.15524,-0.07014,-0.010693,-0.97991,-0.013367,0.063822,-0.029095,-0.95277,3.834,0.30522,-39.356,-0.93894,17.232,0.11529,-1.5841
20.2,0.1455,-0.074111,-0.0020577,-1.0009,-0.0063536,0.061037,-0.032904,0.27024,1.3648,-0.44034,-38.824,-0.33077,13.426,-0.54146,-2.0194,0.14124,-0.07404,-0.010824,-0.99896,-0.012905,0.063652,-0.03262,-2.6639,1.3967,-0.21173,-39.842,0.6323,14.607,-0.98398,-4.3254
20.3,0.13349,-0.071376,-0.015129,-0.99703,-0.01115,0.070126,-0.021528,-1.9732,1.0259,0.89677,-38.532,-0.87881,14.52,0.34957,-5.2731,0.13433,-0.081318,0.00063258,-0.98662,-0.010325,0.073248,-0.021121,0.84752,2.6359,-0.79517,-39.703,-0.50986,16.306,-2.2955,-4.2677
20.4,0.133,-0.091807,-0.016797,-0.97993,-0.010357,0.066862,-0.030121,-1.2253,1.5466,2.1308,-38.16,-1.5848,15.957,0.64339,-3.1117,0.12786,-0.086032,-0.0030705,-0.99642,-0.0037488,0.068659,-0.024202,-2.7198,1.4626,2.3168,-37.274,-0.74441,15.287,-2.1182,-3.7798
20.5,0.14716,-0.067029,-0.010463,-0.98895,-0.0074187,0.061001,-0.024428,-1.1081,0.69339,0.20861,-38.023,0.41222,15.478,0.39097,-4.9849,0.13253,-0.089677,0.0026633,-0.96457,-0.011577,0.065002,-0.036187,-3.0433,1.0618,0.61471,-39.073,-0.24133,15.645,-3.0928,-4.2818
20.6,0.14499,-0.090113,0.011874,-0.99906,-0.0019428,0.070704,-0.028765,-2.1349,1.1066,0.4945,-37.161,-0.22465,16.872,0.40166,-6.6138,0.14182,-0.0791,0.0077697,-0.96904,-0.0083944,0.064118,-0.02273,-0.098508,2.4887,1.0272,-37.923,0.47571,15.674,-1.459,-5.3685
20.7,0.12542,-0.072241,-0.016145,-0.99013,-0.0099658,0.06522,-0.029295,-3.2917,1.865,2.4546,-38.513,0.018005,14.886,-0.59575,-5.3439,0.14657,-0.083402,0.0037404,-0.99232,-0.0073475,0.052725,-0.019994,-0.96145,1.5062,2.7858,-37.768,-2.5428,16.24,0.23277,-4.027
20.8,0.13655,-0.084318,-0.0036299,-0.98792,-0.0034637,0.059852,-0.019211,-1.6416,-1.1244,2.1395,-36.387,-1.4941,13.786,0.27132,-5.9174,0.14981,-0.088185,-0.0069331,-0.96595,0.0016058,0.048283,-0.017272,-0.88178,-0.54052,2.1034,-38.844,-1.8437,14.275,-1.1834,-3.7601
20.9,0.1408,-0.08473,0.00016029,-0.98122,0.0041629,0.053904,-0.02118,-0.031364,-0.35085,0.28562,-37.52,-2.2934,15.426,-0.36912,-4.0085,0.13785,-0.10092,0.0025854,-0.98401,-0.0038879,0.062213,-0.022533,-0.012716,-2.0389,-0.11704,-36.853,1.2717,14.789,-1.4577,-5.4212
21,0.14338,-0.08103,0.0062127,-0.97578,-0.0061182,0.066773,-0.029499,-2.3829,-0.41113,2.138,-37.915,-0.43058,13.988,0.34259,-6.51,0.14497,-0.10285,0.0082292,-1.0007,4.5059e-05,0.063535,-0.015906,-3.972,-0.87738,0.52511,-38.824,0.54911,15.084,-0.80583,-5.643
21.1,0.13737,-0.099555,0.0014572,-0.97095,0.0060975,0.070292,-0.016157,-1.1191,-1.6805,1.6073,-36.223,-0.18076,13.769,-0.94654,-7.6969,0.15076,-0.098091,0.007443,-0.97664,8.0704e-05,0.05411,-0.016291,-0.24578,-1.5075,1.0845,-36.369,-0.083557,15.291,-0.079041,-4.1925
21.2,0.14217,-0.10999,0.028338,-0.96752,-0.0021211,0.056852,-0.020484,-2.2381,-1.2903,0.15342,-37.025,-0.85373,13.687,-1.4183,-4.7987,0.12792,-0.10364,0.00050231,-0.96554,0.0024446,0.052323,-0.024557,-1.0286,-0.99527,0.067291,-36.827,-1.2903,13.245,0.086309,-7.2191
21.3,0.15369,-0.10103,0.0034539,-0.9784,-0.0036935,0.059958,-0.016044,-1.4652,-2.3588,0.39628,-36.547,-1.869,13.109,-1.2202,-6.1641,0.13089,-0.10602,0.011671,-0.98763,0.0047652,0.053958,-0.014273,-0.87317,-1.865,-0.55556,-34.987,-1.485,14.578,-1.325,-7.0343
21.4,0.15686,-0.11278,0.00028844,-0.98265,0.0028599,0.048908,-0.014404,-2.8095,-1.0243,0.41777,-37.174,-0.17734,11.608,1.4432,-5.4808,0.14285,-0.10778,0.012073,-0.97656,0.0066849,0.062426,-0.014715,-0.78736,-4.5214,0.36644,-35.554,-1.1485,11.981,-1.284,-6.7017
21.5,0.1438,-0.12152,0.011632,-0.99064,-0.0028998,0.047749,-0.0092392,0.29364,-2.2974,1.0716,-35.572,-0.56772,11.193,-1.5476,-6.7519,0.15275,-0.11901,0.0083958,-0.96418,-0.0016727,0.06005,-0.01163,-0.44831,-2.108,0.087411,-35.063,-0.98109,12.935,-1.1333,-7.0897
21.6,0.14462,-0.11823,0.00074401,-0.98922,0.0023308,0.050739,-0.01134,-0.41232,-4.9191,3.252,-33.297,-0.78105,11.576,-0.017693,-6.1439,0.13706,-0.11811,0.012591,-0.9822,0.005023,0.054971,-0.0056307,-0.09447,-2.7775,0.7004,-34.364,0.51193,13.845,-0.77417,-6.4938
21.7,0.15056,-0.11237,0.021423,-0.99797,0.0054095,0.05119,-0.012544,-0.71717,-1.7407,1.6699,-33.975,-1.214,12.041,-2.5639,-6.4899,0.13914,-0.12209,0.0048933,-0.97644,-0.0021309,0.057938,-0.017342,0.53072,-3.5796,1.7641,-33.514,0.33156,12.18,0.17604,-7.027
21.8,0.14147,-0.093686,0.017534,-0.98413,0.0025508,0.046757,-0.0097364,-2.1172,-5.5088,0.40446,-35.305,-0.1294,11.741,-1.1037,-7.6074,0.13646,-0.11869,0.021249,-0.97723,0.0030401,0.058499,-0.010764,-2.1938,-2.6117,1.0472,-34.357,0.67667,12.347,-1.836,-8.5343
21.9,0.14016,-0.12841,0.022149,-0.97943,0.012344,0.038769,-0.0095678,-0.49887,-3.2091,0.19514,-32.982,-2.0463,12.573,-0.24998,-8.4654,0.15235,-0.11819,0.014299,-0.97925,0.0085117,0.055763,-0.011811,0.13428,-3.5693,0.02041,-34.589,1.0888,9.6418,-0.57633,-8.7495
22,0.14247,-0.12351,0.022213,-0.98012,0.011511,0.039624,-0.013777,-1.0739,-4.6118,0.8645,-34.813,-0.93171,9.7438,-3.6746,-6.6257,0.14997,-0.13133,0.015074,-0.99835,0.01296,0.032475,-0.016967,-1.7271,-3.5214,0.58656,-34.277,1.2107,11.957,-0.70198,-6.8959
22.1,0.14685,-0.11539,0.033114,-0.98501,0.015209,0.052118,-0.010137,-0.38324,-5.2645,2.5081,-34.54,-2.7159,11.828,-2.4941,-5.2901,0.16024,-0.11105,0.035838,-0.98718,0.0054085,0.046155,-0.0023535,-1.2162,-3.9011,0.99748,-32.492,-0.19492,9.5842,0.91684,-9.5416
22.2,0.14595,-0.12176,0.041853,-0.96656,0.010541,0.042223,-0.0073619,0.37279,-6.5111,0.93773,-31.621,0.26084,8.7841,-1.8841,-7.0424,0.14057,-0.14171,0.029347,-0.98554,0.015415,0.040887,-0.010662,-2.6307,-3.4286,0.024979,-33.833,-1.3579,9.6117,-0.94887,-8.38
22.3,0.13207,-0.13014,0.028437,-0.99508,0.0084138,0.047214,-0.0066314,-1.7171,-5.6045,-0.022959,-32.305,-0.42906,10.946,-1.6747,-10.169,0.13859,-0.15437,0.020027,-0.97935,0.015827,0.046307,-0.0089871,-1.6782,-6.6594,-0.15323,-32.347,-0.72595,10.358,-1.6393,-7.19
22.4,0.16222,-0.13398,0.019039,-0.98375,0.015587,0.040228,-0.003362,-0.91889,-7.4216,-0.51897,-34.688,-1.1908,9.7648,-1.8545,-9.14,0.1447,-0.11713,0.027458,-0.96868,0.0071884,0.035849,0.0051206,-0.87118,-5.4759,-0.43064,-31.591,-0.62084,9.1909,-0.31765,-9.48
22.5,0.14864,-0.13872,0.011245,-0.97606,0.0066815,0.049529,-0.0057923,-0.53767,-5.7807,0.040074,-30.843,0.21899,9.7247,0.18318,-8.9121,0.14918,-0.12159,0.015309,-0.97951,0.020708,0.043666,-0.0034121,-2.6254,-6.7162,1.0897,-31.634,-0.10991,9.5264,-1.6957,-9.6978
22.6,0.13606,-0.1383,0.024025,-0.99053,0.0071764,0.031149,0.0059439,-1.1611,-8.6249,0.13062,-33.706,-2.1332,8.9193,0.52507,-10.188,0.14676,-0.1542,0.025645,-0.9641,0.022816,0.038124,-0.0019824,-0.61472,-7.0901,2.125,-31.783,0.666,9.9606,-1.3445,-10.866
22.7,0.13888,-0.15098,0.01373,-0.98357,0.021147,0.02683,0.0031245,-1.5406,-7.2399,1.9786,-33.288,0.021331,8.3185,-3.3508,-9.074,0.14925,-0.1331,0.021902,-0.97321,0.015524,0.027441,-0.0016246,-0.51401,-5.9786,-0.20608,-31.026,0.31193,9.9151,-0.69585,-9.227
22.8,0.13537,-0.12224,0.024432,-0.99049,0.007385,0.022871,0.0087554,-0.89127,-7.8938,0.61883,-29.3,-1.2512,9.4272,0.08988,-11.278,0.15185,-0.13671,0.0086265,-0.9906,0.014505,0.029577,0.00068958,-0.92428,-7.2052,0.70132,-30.263,-2.7261,9.2133,-0.51128,-11.92
22.9,0.11474,-0.1383,0.025298,-0.99067,0.014206,0.041317,0.0065012,-0.61493,-8.19,2.0069,-30.539,1.0091,8.5305,-0.30701,-10.322,0.13777,-0.13914,0.021925,-0.97289,0.0088805,0.029739,0.0030595,-1.0849,-8.8458,-0.083173,-32.386,0.53541,8.6224,-0.98898,-11.426
23,0.16188,-0.12775,0.0024122,-0.98018,0.014359,0.031348,-5.4444e-05,-0.031681,-7.4396,1.5445,-30.258,-0.77146,8.0486,0.18958,-9.606,0.13248,-0.12586,0.019331,-0.97376,0.019328,0.02543,0.0075829,0.7095,-7.4965,2.0852,-30.526,0.20061,9.5359,-0.86391,-11.337
23.1,0.14038,-0.14118,0.021253,-0.98415,0.016346,0.020506,0.0034295,-0.30952,-8.2842,1.8063,-29.287,-0.049336,7.8839,0.11017,-12.52,0.14446,-0.12548,0.026096,-0.97637,0.024856,0.023659,0.0095553,0.026114,-8.4901,1.4859,-30.328,-0.56528,7.356,-1.0493,-10.9
23.2,0.12566,-0.14668,0.041806,-0.9729,0.017396,0.026561,0.0074334,-2.0717,-9.4599,1.5425,-27.668,1.0609,9.0796,-0.04052,-13.404,0.13169,-0.14822,0.020299,-0.96202,0.015495,0.026289,0.0055474,-1.3692,-9.5016,1.2695,-29.532,-1.0631,7.0959,-3.388,-10.768
23.3,0.13516,-0.14022,0.01203,-0.97535,0.021228,0.031219,0.0070636,0.98804,-9.0753,1.3281,-28.205,0.35639,7.5955,-0.50554,-12.225,0.12765,-0.12438,0.0064726,-0.97198,0.014465,0.030391,0.00062441,-1.3326,-8.671,0.52602,-29.865,0.33542,8.0311,-1.0039,-12.568
23.4,0.13622,-0.14064,0.023401,-0.9733,0.013937,0.023402,0.018838,-1.5685,-10.638,0.83888,-29.759,0.099599,7.4578,-0.44285,-12.648,0.13464,-0.15117,0.02712,-0.99198,0.018761,0.024912,0.020668,-1.0327,-10.938,0.61099,-29.793,0.60883,8.6372,0.015837,-13.863
23.5,0.13133,-0.14341,0.026561,-0.98927,0.021548,0.030841,0.0071351,-1.397,-8.9646,1.0716,-27.866,-0.48235,6.2249,-2.511,-12.064,0.1361,-0.14745,0.022206,-0.99869,0.0080098,0.025171,0.015866,-2.3435,-10.785,0.99061,-30.159,-1.1322,5.0435,-1.1322,-11.471
23.6,0.12945,-0.14034,0.027554,-0.97417,0.0039501,0.015887,0.0077899,-2.8615,-10.883,2.0611,-26.454,-1.3683,8.0339,-1.2922,-14.74,0.11647,-0.15515,0.041814,-0.97473,0.029844,0.014872,0.013359,-1.5337,-7.6667,-0.68504,-27.94,-2.2498,5.8992,-0.39661,-12.943
23.7,0.1436,-0.15112,0.010116,-0.96486,0.025406,0.020705,0.0098171,-0.62393,-11.754,2.4357,-28.364,0.55339,6.4915,-1.4018,-12.887,0.12557,-0.15416,0.030584,-0.98741,0.017342,0.017444,0.010396,-1.5179,-9.8755,1.4429,-29.098,1.0239,6.7569,2.3195,-12.339
23.8,0.13661,-0.14433,0.021611,-0.98472,0.026988,0.02005,0.010319,-0.23947,-13.367,-0.28253,-28.758,-0.05185,5.7128,-1.2492,-14.847,0.12433,-0.14493,0.035147,-0.97856,0.029151,0.011775,0.017741,-1.0368,-10.209,-0.32059,-29.215,-1.0761,8.0933,-2.6871,-12.112
23.9,0.13714,-0.13353,0.051219,-0.99112,0.0251,0.024288,0.021399,-1.5372,-11.58,0.32374,-28.697,-1.371,7.6169,-0.14543,-12.782,0.12935,-0.17446,0.03151,-0.96049,0.027995,0.02499,0.013821,-2.1105,-11.697,0.8705,-26.02,-1.0055,6.8702,-0.42501,-12.249
24,0.13338,-0.13652,0.014146,-0.99745,0.02073,0.021106,0.01054,0.48712,-12.239,2.4643,-27.905,0.45497,5.2498,-1.2001,-13.473,0.13087,-0.14773,0.02291,-0.97366,0.025194,0.019557,0.0039026,-0.071758,-10.963,1.0739,-28.208,-1.3694,6.9824,-0.69051,-13.9
24.1,0.112,-0.15365,0.027644,-0.97715,0.019711,0.024103,0.0084262,-1.534,-11.937,0.42784,-24.817,1.407,5.6019,-0.92993,-17.561,0.12065,-0.15798,0.012053,-0.99041,0.027357,0.014093,0.010986,-1.0838,-14.977,1.1479,-27.372,0.79797,5.3668,-1.2573,-15.12
24.2,0.10811,-0.16013,0.0033713,-0.97705,0.027204,0.018223,0.018739,-0.95302,-12.362,0.12796,-27.833,-0.77038,7.149,-0.75454,-15.771,0.12239,-0.16915,0.021449,-1.0011,0.023535,0.0042008,0.014551,-0.56081,-14.529,1.6599,-26.388,-0.093231,5.7653,-1.925,-13.592
24.3,0.10391,-0.12914,0.025731,-0.98669,0.015371,0.014631,0.013114,-0.43657,-13.53,-0.23149,-25.448,-0.079531,4.3434,-1.224,-13.043,0.12697,-0.16236,0.033479,-0.98039,0.027026,0.0080171,0.022375,-1.6724,-13.995,0.91929,-25.247,-1.6579,5.298,-0.92637,-13.385
24.4,0.11852,-0.14801,0.023376,-0.96981,0.012903,0.016028,0.022087,-1.1567,-14.411,0.71609,-25.496,0.48458,4.7133,0.41179,-14.576,0.11536,-0.1581,0.025338,-0.97698,0.018387,0.014228,0.018001,-0.87934,-13.942,2.408,-26.357,-0.35003,5.8792,1.3217,-14.91
24.5,0.12764,-0.14375,0.017409,-1.007,0.01177,0.0080926,0.021439,-2.4516,-13.299,-0.022954,-25.056,-1.4531,5.063,-3.4047,-17.09,0.10604,-0.16223,0.0069921,-0.96427,0.024365,0.0091335,0.02842,-0.61857,-14.55,0.94985,-26.191,-0.74576,6.2669,-1.8886,-14.942
24.6,0.14764,-0.16254,0.021319,-0.98037,0.022003,0.00091369,0.029212,-0.77107,-14.896,1.1371,-25.952,1.3139,4.039,-0.92622,-14.924,0.093389,-0.15469,0.0097534,-0.96972,0.014261,0.0020703,0.01657,0.49052,-14.925,-0.47234,-24.714,-1.3147,6.2281,-1.0013,-16.993
24.7,0.13201,-0.16838,0.0038828,-0.9799,0.026997,0.00082624,0.023829,-1.9783,-14.285,1.1234,-24.469,0.53274,6.6298,-1.0383,-16.772,0.12538,-0.15029,0.010076,-0.97152,0.029114,0.0024492,0.033735,-0.033523,-14.597,0.39829,-27.307,2.1994,6.9481,-1.5127,-14.88
24.8,0.1127,-0.19549,0.021424,-0.97624,0.025274,0.0038669,0.026504,-1.6435,-13.979,0.68418,-24.137,-1.7309,5.601,-2.2567,-15.096,0.11569,-0.1528,0.017718,-0.97626,0.020873,0.0064609,0.016349,-1.4184,-13.72,2.6423,-24.055,-0.028359,4.932,1.5864,-15.313
24.9,0.1013,-0.15012,0.031317,-0.96556,0.018316,-0.0036976,0.01405,0.23156,-14.569,0.59001,-25.702,1.3858,5.8508,-0.72906,-18.135,0.11215,-0.16346,-0.016233,-0.99373,0.019747,0.0058556,0.021215,0.37242,-15.041,1.7301,-25.114,0.45224,5.666,-1.5248,-16.557
25,0.12044,-0.16517,-0.0086226,-0.98959,0.031705,0.00039255,0.017054,-0.99768,-17.299,0.18258,-23.172,0.4599,7.5055,-0.0040605,-18.45,0.11816,-0.16577,0.030931,-0.97397,0.027698,0.0030995,0.030647,-0.37683,-15.573,0.804,-22.471,0.51442,3.4444,-1.024,-17.02
25.1,0.10804,-0.1716,0.0074117,-0.99058,0.032313,-0.0013332,0.028738,-0.094288,-16.316,-0.91603,-22.513,1.528,5.6348,-2.4619,-19.134,0.10753,-0.16102,0.0038275,-0.96952,0.032382,-0.0041825,0.028399,-0.66817,-16.514,1.9901,-23.26,0.019832,5.3217,0.16357,-18.041
25.2,0.10165,-0.16031,0.01365,-0.97672,0.029139,-0.00030336,0.022023,-0.56035,-16.534,-0.91174,-24.013,1.8885,6.2229,-1.9282,-19.638,0.11207,-0.15508,0.0043408,-0.96926,0.031592,-5.5714e-05,0.026628,-2.88,-17.592,-1.5655,-22.042,1.0664,3.8963,0.36254,-20.329
25.3,0.096756,-0.14982,0.012534,-0.97736,0.037235,-0.010252,0.024266,-0.90926,-16.269,0.3931,-22.05,0.62065,3.1219,-0.54027,-18.835,0.11137,-0.16345,0.0063166,-1.0039,0.032514,-0.0070985,0.017228,-1.1475,-17.017,2.2257,-23.48,1.3809,6.1878,-0.67013,-19.823
25.4,0.10167,-0.15895,0.006203,-0.97254,0.046203,-0.0021842,0.021859,1.5482,-17.525,0.87581,-21.641,0.68259,5.7684,-1.3026,-17.564,0.096958,-0.14771,0.024317,-0.97506,0.041012,-0.0036572,0.022087,-2.2251,-18.885,1.8971,-22.639,-0.0667,5.8942,0.85952,-18.815
25.5,0.094921,-0.14636,0.0034383,-0.99144,0.021097,-0.0068435,0.028043,-1.2628,-16.46,1.9847,-22.434,1.2877,6.3721,-2.4288,-19.302,0.10548,-0.15234,0.027386,-0.9691,0.021548,-0.011236,0.017535,-2.2688,-17.25,0.6339,-24.054,0.0040614,4.86,-0.83835,-18.906
25.6,0.079315,-0.15176,0.0094468,-0.97121,0.02857,-0.0063626,0.02607,-1.4213,-20.002,0.15342,-22.623,0.11202,7.6314,0.11688,-19.888,0.095813,-0.15334,0.0098999,-0.97121,0.039615,-0.0064211,0.036589,-0.77462,-18.555,-0.10381,-21.196,0.22254,6.2465,-2.3536,-20.114
25.7,0.09569,-0.14417,0.015332,-0.98784,0.025911,-0.011663,0.019463,-0.74435,-17.891,0.29241,-21.27,-0.043501,8.4823,-1.4894,-18.394,0.088513,-0.16385,0.011348,-0.96967,0.040068,-0.0072015,0.01893,1.6816,-19.272,0.047133,-23.128,0.50516,5.184,-1.4966,-19.346
25.8,0.11212,-0.1671,-0.0017084,-0.96764,0.036487,-0.012288,0.025141,-0.2171,-18.452,-0.51926,-20.708,-0.78338,4.4733,-2.3518,-20.639,0.10484,-0.1474,0.0040964,-0.97738,0.044304,-0.01127,0.020903,-1.3588,-19.159,1.8142,-20.41,1.4116,7.3778,1.1887,-20.476
25.9,0.090276,-0.15415,-0.0074669,-0.99161,0.047566,-0.0056245,0.026798,-0.59752,-18.949,1.3573,-20.987,0.53293,5.7578,-0.29502,-18.913,0.098611,-0.16481,0.0047357,-0.97544,0.030914,-0.012712,0.018558,-0.50299,-19.535,1.1371,-22.632,0.81361,4.9951,-0.73412,-19.764
26,0.091072,-0.15093,0.0071592,-0.98218,0.034071,-0.01859,0.030915,-1.5771,-20.022,1.9517,-19.321,-0.55095,6.5508,-1.1347,-19.887,0.10705,-0.17054,-0.0076686,-0.97178,0.033424,-0.0084581,0.028809,-0.031393,-21.292,0.43705,-22.198,-0.1473,6.3872,-0.33843,-20.595
26.1,0.097417,-0.13698,-0.0046189,-0.97983,0.036995,-0.014197,0.020037,-1.4072,-19.748,-0.65018,-20.755,1.0653,6.7823,-0.50094,-19.942,0.090293,-0.15475,0.01234,-0.98378,0.044897,-0.014528,0.03,-0.99305,-22.082,0.56116,-20.147,2.0081,7.8446,-2.1667,-19.567
26.2,0.097713,-0.14698,-0.0089342,-0.98783,0.043122,-0.022549,0.037267,-0.49463,-20.293,0.3914,-20.994,-0.51352,9.485,-0.6719,-19.501,0.1141,-0.15423,-0.016659,-0.98753,0.04036,-0.014486,0.025402,0.46072,-20.79,1.4108,-19.554,-0.75761,6.3532,-0.56289,-19.364
26.3,0.089415,-0.16224,-0.0050526,-0.98949,0.03486,-0.018675,0.033846,-1.6107,-21.15,1.2046,-19.014,0.27588,7.415,-2.4425,-22.246,0.087607,-0.16487,-0.0084215,-0.97971,0.044417,-0.023886,0.020445,-2.2418,-22.11,-1.5916,-17.847,1.1084,5.904,-1.056,-22.205
26.4,0.095245,-0.14988,0.0062646,-0.98305,0.040623,-0.017159,0.027171,-1.7514,-20.682,1.3698,-20.731,0.69782,6.966,-1.762,-22.089,0.087171,-0.14934,-0.0095678,-0.97413,0.047932,-0.027148,0.027522,-1.6386,-20.687,-1.058,-17.272,-0.040984,5.6293,-2.5877,-20.732
26.5,0.092416,-0.1416,-0.012776,-0.98263,0.040854,-0.028803,0.024409,0.60286,-21.577,0.6152,-20.719,0.32539,8.3406,-0.83519,-22.829,0.085024,-0.15096,0.0074234,-0.9758,0.041407,-0.019918,0.023802,-0.48597,-20.966,1.8865,-17.754,0.78728,9.6499,0.46024,-22.218
26.6,0.078957,-0.15813,0.0047666,-0.99321,0.040604,-0.015814,0.022956,-0.66033,-24.08,0.254,-20.236,1.0204,10.29,-0.2572,-23.375,0.069978,-0.15591,0.0063581,-0.99873,0.044204,-0.025986,0.039283,-1.9394,-21.482,0.66398,-18.157,1.56,8.187,-1.4574,-22.52
26.7,0.090971,-0.14658,-0.0021169,-0.98405,0.047525,-0.02783,0.030426,-2.0138,-22.511,2.824,-17.754,-0.33881,10.45,-0.47466,-22.374,0.079778,-0.15475,0.0009923,-0.97352,0.047757,-0.024239,0.019423,-1.4927,-21.914,2.7244,-17.274,-0.63905,10.512,-2.0507,-22.063
26.8,0.062634,-0.1395,-0.015317,-0.97628,0.041442,-0.024931,0.021553,-2.158,-24.345,-0.42802,-19.56,0.62,9.8458,0.4289,-23.981,0.092507,-0.15825,-0.0085078,-0.98911,0.048152,-0.028907,0.019425,-2.2386,-22.76,2.9068,-18.114,-1.199,8.9958,-1.3227,-23.406
26.9,0.070805,-0.1533,-0.013481,-0.98294,0.052378,-0.021202,0.037373,1.193,-23.956,-0.3514,-19.148,1.281,7.4337,-0.10748,-22.654,0.063314,-0.1438,-0.0036646,-0.99468,0.047192,-0.028065,0.02967,-1.5516,-24.947,-1.2363,-19.245,1.0816,8.8469,-1.0843,-22.25
27,0.094771,-0.13578,-0.0036811,-0.99216,0.045434,-0.030249,0.024307,-1.3318,-20.792,1.4613,-17.621,1.2314,8.7457,-2.0646,-23.588,0.06633,-0.14561,-0.0013156,-0.97342,0.042608,-0.025419,0.027084,-1.4437,-22.721,-0.79269,-17.729,0.028554,8.8791,-0.79723,-24.637
27.1,0.078607,-0.13703,-0.0091078,-0.98246,0.04769,-0.026225,0.024711,-0.81436,-23.132,-0.75119,-17.065,-0.08266,8.4931,-1.5342,-23.408,0.067673,-0.14084,-0.016248,-0.99515,0.042941,-0.026325,0.035309,-0.35457,-22.51,-0.4901,-17.068,1.7018,11.332,0.49381,-25.212
27.2,0.063624,-0.141,-0.02195,-0.98465,0.05362,-0.031608,0.020781,-1.5936,-24.273,0.78343,-19.017,1.8825,10.404,-0.29595,-24.708,0.044449,-0.14973,-0.013711,-0.98542,0.046317,-0.031932,0.027087,-2.0018,-25.998,-0.49037,-16.264,0.24745,10.495,-1.6745,-23.88
27.3,0.084524,-0.12596,-0.015822,-0.97942,0.051098,-0.038871,0.031684,-1.137,-26.116,0.83777,-17.067,0.31932,11.45,-2.6212,-23.836,0.064139,-0.14524,-0.023094,-1.0062,0.041735,-0.033344,0.017041,-2.5927,-25.373,-0.30586,-15.993,0.75049,8.1559,-2.4339,-26.597
27.4,0.066639,-0.15114,-0.026025,-0.99943,0.045564,-0.034755,0.018539,-1.3366,-26.382,0.93507,-13.71,1.8591,10.975,-0.5374,-25.79,0.056095,-0.132,-0.016184,-0.99093,0.048732,-0.033824,0.022064,-0.71261,-25.167,-0.19445,-16.217,2.8872,7.9345,1.3125,-24.387
27.5,0.071571,-0.13001,-0.030547,-0.99147,0.052751,-0.033524,0.024206,-0.50282,-26.443,0.06179,-16.774,1.5244,10.921,-0.69488,-24.508,0.050847,-0.14072,-0.021036,-0.96697,0.041965,-0.039461,0.027758,-0.043322,-24.91,3.3006,-17.807,0.92155,8.2445,-0.9413,-24.098
27.6,0.064201,-0.14231,-0.0067437,-0.98636,0.054106,-0.032961,0.023367,0.54969,-25.795,1.1836,-15.029,-0.9637,10.513,0.012181,-23.653,0.071184,-0.15367,-0.0022135,-0.98311,0.050823,-0.044654,0.027989,-1.1269,-26.299,-0.83944,-15.106,1.0842,11.233,0.2665,-26.849
27.7,0.049535,-0.13926,-0.026821,-0.97981,0.050773,-0.04531,0.016492,-1.1595,-25.065,1.121,-13.784,-0.17435,11.432,-1.8023,-26.288,0.053955,-0.12528,-0.031914,-1.0016,0.051042,-0.042634,0.031173,-0.064326,-26.397,2.0229,-15.911,1.8307,10.485,-0.42928,-25.697
27.8,0.038319,-0.12811,-0.0040337,-0.98532,0.046886,-0.046994,0.012682,2.4224,-25.814,2.1621,-15.146,-0.54786,9.243,-1.2288,-26.407,0.041246,-0.13896,-0.038269,-1.0135,0.045157,-0.05176,0.029412,-1.3612,-26.522,2.1331,-16.533,-0.55246,11.251,-2.499,-26.247
27.9,0.067958,-0.12125,-0.026609,-0.97994,0.056284,-0.047073,0.028703,-0.63261,-26.841,-0.30741,-15.798,0.23973,13.315,-1.1178,-25.943,0.056643,-0.1354,-0.029715,-1.0036,0.058962,-0.041965,0.017686,-0.62735,-24.835,0.086024,-14.928,0.12626,10.636,-1.9331,-25.592
28,0.040028,-0.13076,-0.043691,-0.97362,0.050792,-0.04399,0.024647,-1.6469,-25.865,2.2335,-15.372,0.43044,11.891,-1.461,-26.959,0.053483,-0.14791,-0.032963,-0.99728,0.045214,-0.035703,0.028403,-0.26819,-25.537,-0.18099,-15.598,1.2945,12.509,-0.87239,-25.945
28.1,0.056352,-0.12499,-0.027705,-0.9966,0.052662,-0.04624,0.032654,-0.37969,-26.368,0.81015,-12.899,-0.077956,11.958,-1.7909,-26.663,0.036035,-0.13613,-0.022064,-1.012,0.040273,-0.044189,0.023834,-1.5174,-26.293,0.80677,-13.496,1.4823,11.518,-2.5698,-27.082
28.2,0.047634,-0.12621,-0.028657,-0.97695,0.04034,-0.045725,0.019581,-0.033762,-25.949,-1.1509,-13.579,1.0435,11.079,0.23282,-27.047,0.039489,-0.11701,-0.021006,-1.0004,0.051005,-0.04906,0.016653,-0.016283,-25.99,1.0011,-13.158,1.0184,9.856,-0.26999,-26.92
28.3,0.034308,-0.1301,-0.017252,-0.99336,0.041491,-0.05028,0.020845,1.014,-25.489,1.2223,-12.317,-0.92161,12.282,-1.8539,-28.453,0.037085,-0.097383,-0.031175,-0.99969,0.035472,-0.053037,0.02313,0.47876,-26.327,0.034993,-13.629,-0.18186,13.952,-1.9552,-25.64
28.4,0.028455,-0.1239,-0.024017,-0.99098,0.045268,-0.050343,0.027811,1.5306,-27.105,2.1866,-13.653,1.2614,11.793,-0.94518,-28.938,0.049492,-0.12317,-0.020635,-0.99312,0.036487,-0.049816,0.02397,-0.52994,-26.134,-0.66638,-13.916,2.4548,9.9699,-1.9603,-26.767
28.5,0.027436,-0.12379,-0.018672,-1.0007,0.048062,-0.057394,0.025455,0.22587,-24.924,1.1471,-11.458,-1.2066,11.364,-0.015605,-28.71,0.038949,-0.10126,-0.023571,-0.98456,0.045858,-0.045699,0.023896,0.3315,-24.365,0.60756,-12.204,0.88546,12.547,-1.4575,-28.412
28.6,0.031928,-0.11737,-0.026785,-0.9981,0.046099,-0.046805,0.025359,1.1181,-25.599,0.13885,-13.605,0.62854,11.937,0.099149,-28.624,0.028111,-0.10785,-0.017834,-1.0066,0.04786,-0.044383,0.025128,0.68446,-24.154,1.7621,-12.484,0.30934,14.276,-0.94585,-28.045
28.7,0.030536,-0.12352,-0.038995,-0.98547,0.048572,-0.06312,0.031354,0.90967,-24.642,0.725,-11.966,1.0333,15.021,0.34114,-28.316,0.027918,-0.10263,-0.020698,-0.98366,0.040465,-0.046802,0.024677,1.0052,-25.093,0.88713,-13.75,0.011186,13.338,-0.269,-29.278
28.8,0.017527,-0.098598,-0.023172,-1.0094,0.042787,-0.040997,0.023186,1.9174,-24.764,0.29597,-11.971,0.76884,14.09,0.62997,-26.605,-0.0073159,-0.10698,-0.034578,-0.9935,0.048619,-0.050457,0.022451,-0.83469,-24.432,0.54821,-11.92,0.15477,13.529,-1.2934,-27.748
28.9,0.03807,-0.09852,-0.019265,-0.99484,0.036515,-0.061868,0.019652,-0.85314,-24.065,1.4463,-11.38,0.91133,14.156,-0.12615,-27.784,0.02665,-0.1021,-0.021161,-1.0184,0.041069,-0.054244,0.029846,0.4649,-24.016,2.4777,-9.8726,-0.39084,13.309,-0.75124,-27.993
29,0.01319,-0.1102,-0.035782,-0.99882,0.042362,-0.05587,0.018888,-1.018,-25.33,1.4494,-12.255,0.8082,15.629,-0.27681,-26.568,0.017827,-0.090599,-0.053265,-0.99157,0.043284,-0.058597,0.023941,0.70705,-25.026,0.33994,-12.26,0.52325,14.512,-0.93492,-28.482
29.1,0.0023381,-0.10425,-0.045478,-1.0037,0.048388,-0.055755,0.027474,1.048,-25.176,0.82898,-11.138,1.0273,15.277,-0.62406,-28.624,0.015924,-0.099247,-0.044137,-1.0066,0.042301,-0.053177,0.028066,-0.064831,-24.108,-1.936,-10.059,1.8052,14.781,1.6516,-26.486
29.2,0.01427,-0.10764,-0.050752,-0.99378,0.038474,-0.061828,0.022069,1.6524,-24.77,1.6775,-9.89,-1.0809,15.638,0.4246,-28.697,0.015914,-0.093144,-0.021488,-1.0045,0.047928,-0.059575,0.014855,0.46683,-25.016,-0.9861,-9.7306,1.1126,14.889,-1.7837,-27.504
29.3,0.019418,-0.11378,-0.041352,-0.99224,0.040796,-0.057809,0.022279,1.1303,-23.145,-0.52594,-8.9598,0.2422,14.894,-0.69607,-27.002,0.020135,-0.10257,-0.033097,-1.0013,0.040135,-0.057249,0.025125,1.2196,-23.777,2.4458,-9.8336,2.3212,12.896,0.2623,-28.837
29.4,0.020871,-0.085564,-0.043527,-1.0033,0.036383,-0.060422,0.01565,0.87115,-22.648,2.1365,-12.132,0.68703,14.009,1.6987,-27.993,-0.00098038,-0.10283,-0.038175,-1.0081,0.032683,-0.069522,0.013731,-0.057932,-24.007,1.5982,-7.5907,0.75787,14.495,0.26989,-28.435
29.5,-0.0086661,-0.092875,-0.034616,-1.0111,0.037102,-0.063095,0.017072,1.7634,-22.604,0.6739,-8.2054,-0.59684,14.561,-1.9764,-27.007,0.025565,-0.078409,-0.045617,-0.98113,0.045237,-0.061864,0.01929,1.4156,-23.559,2.413,-9.5682,-0.057442,15.616,0.26831,-27.809
29.6,0.0070741,-0.09179,-0.026372,-0.99404,0.035239,-0.062304,0.02025,0.47885,-22.725,3.4318,-9.3661,1.6698,15.221,1.3961,-27.418,0.013427,-0.079062,-0.030255,-0.99648,0.042815,-0.057473,0.025078,1.9542,-22.678,2.1296,-9.7148,2.5011,16.484,0.32541,-28.081
29.7,0.019347,-0.089878,-0.053267,-1.0005,0.034642,-0.059679,0.011922,-0.31927,-22.468,0.16243,-10.196,1.9074,16.549,1.2555,-29.478,-0.0079286,-0.095918,-0.043425,-1.007,0.031691,-0.062713,0.016364,0.92172,-20.779,3.236,-9.9369,1.7108,15.189,0.024979,-27.692
29.8,-0.01286,-0.077723,-0.035143,-0.98833,0.044931,-0.059847,0.013785,-0.18363,-23.513,2.826,-8.9131,1.5852,16.73,3.081,-26.788,0.014499,-0.096734,-0.058192,-0.98123,0.041696,-0.068218,0.022796,0.061574,-23.103,0.68782,-8.6198,0.19329,15.212,0.46801,-27.033
29.9,0.010041,-0.10427,-0.052267,-0.99418,0.040362,-0.056007,0.019483,2.3407,-21.275,1.9684,-8.9171,1.3217,13.773,1.353,-27.917,0.016246,-0.084041,-0.044088,-0.99592,0.03879,-0.057574,0.010109,-0.3321,-20.307,-1.4856,-7.0189,-1.5465,17.661,1.6316,-26.792
30,0.0023488,-0.068296,-0.026189,-1.007,0.042436,-0.068681,0.017781,1.9686,-21.47,1.0237,-7.6097,1.0076,18.36,0.96901,-25.633,0.021152,-0.05717,-0.041982,-0.98683,0.035168,-0.057979,0.008963,2.4973,-21.748,-0.083351,-7.1092,0.70743,17.204,0.42181,-27.186
30.1,0.0086565,-0.067999,-0.052474,-0.99205,0.026378,-0.059696,0.021228,1.5977,-22.215,1.5791,-8.3795,0.4353,17.555,0.27918,-25.275,-0.025944,-0.057032,-0.036216,-1.0084,0.036761,-0.068313,0.01325,1.1409,-21.586,-0.84365,-6.8757,0.99172,16.55,0.29252,-25.61
30.2,0.0029569,-0.083035,-0.036492,-1.0016,0.027004,-0.056052,0.016186,1.617,-20.51,-0.080434,-7.0103,-0.33938,16.919,0.7383,-24.858,0.0087973,-0.066195,-0.042456,-0.98827,0.037402,-0.051596,0.018077,0.68269,-20.337,-1.3811,-8.4586,0.16318,18.411,-0.62923,-26.114
30.3,0.0022394,-0.045478,-0.037696,-0.98789,0.032599,-0.062673,0.018785,1.4201,-20.383,-0.20709,-5.755,-1.8434,15.914,2.1427,-25.911,-0.016032,-0.038937,-0.04448,-0.99264,0.035226,-0.05976,0.0018265,0.21372,-22.712,-0.86859,-6.3106,-0.77667,15.998,0.3011,-25.761
30.4,0.0014483,-0.061453,-0.041515,-1.0148,0.028021,-0.058643,0.012471,-0.93901,-19.782,0.80344,-6.1276,0.19222,16.901,-0.057195,-25.948,-0.0039255,-0.089014,-0.046854,-0.99657,0.031976,-0.059312,0.0040992,1.4857,-22.221,-0.91416,-5.091,-0.27339,18.884,0.92099,-24.596
30.5,-0.0068236,-0.058996,-0.036629,-1.007,0.037236,-0.072355,0.012554,1.2093,-19.887,-0.047894,-7.2152,2.8401,18.037,0.31568,-24.18,-0.016177,-0.061548,-0.037238,-1.0093,0.031081,-0.070143,0.016799,1.8461,-20.041,0.82887,-7.7113,1.9771,19.265,0.61302,-26.584
30.6,-0.0052104,-0.06031,-0.029561,-0.9816,0.028947,-0.064154,0.0099359,0.28018,-19.695,-0.32738,-9.6311,1.6581,18.46,1.4887,-25.914,0.0077753,-0.040468,-0.038168,-1.0098,0.035064,-0.070244,0.01634,-1.6946,-19.67,-1.0646,-6.2072,-1.1418,16.533,0.29924,-23.995
30.7,-0.015464,-0.043003,-0.020605,-1.0135,0.025242,-0.061554,0.0061856,-0.13592,-18.76,-1.5113,-5.0586,1.4684,19.053,1.7685,-24.783,-0.002217,-0.050344,-0.053716,-0.99185,0.023884,-0.061787,0.017457,0.55481,-17.697,-0.30737,-6.1938,1.8446,18.985,2.0539,-22.967
30.8,-0.018755,-0.043164,-0.055692,-0.99098,0.03715,-0.058759,0.0057786,-0.22406,-18.977,-1.498,-6.8413,-0.63188,18.546,0.11663,-25.004,-0.01741,-0.04079,-0.041321,-0.99372,0.032603,-0.063685,0.014136,1.156,-19.185,-0.90898,-8.1347,1.8112,17.161,1.4653,-25.329
30.9,-0.022763,-0.046819,-0.05227,-0.99592,0.0286,-0.059415,0.0031845,1.8911,-17.288,-0.73188,-6.1486,1.0957,19.97,0.90698,-24.35,-0.011819,-0.048836,-0.055549,-0.98397,0.029415,-0.065381,0.00087546,1.0151,-18.971,-1.6649,-8.9356,1.2505,18.877,-0.11378,-25.686
31,-0.013043,-0.050254,-0.048058,-1.0119,0.027269,-0.063809,0.010211,-0.5513,-18.272,-2.3319,-9.0088,2.6738,19.081,0.22099,-22.36,-0.0057781,-0.055079,-0.045098,-0.98237,0.032732,-0.058305,0.0014293,0.57055,-17.801,-2.3934,-8.2877,0.072162,19.829,0.92343,-24.697
31.1,-0.038292,-0.052801,-0.044231,-0.98261,0.030532,-0.060132,0.0039635,1.2212,-18.841,-0.59635,-7.3061,1.3539,19.085,0.27535,-23.097,-0.02621,-0.038604,-0.049977,-0.9832,0.021641,-0.064015,0.0019847,1.6233,-19.553,-0.2986,-8.4745,-0.67921,19.359,-1.2162,-24.461
31.2,-0.026606,-0.040831,-0.028491,-1.0156,0.037483,-0.063711,-0.0046221,0.62049,-16.23,1.2385,-6.4873,-0.67948,20.328,1.1373,-22.949,-0.019853,-0.02827,-0.029983,-0.98461,0.023406,-0.053179,0.0084093,1.1741,-17.558,-0.76352,-9.3443,-0.49291,21.631,0.59025,-21.864
31.3,-0.040509,-0.033534,-0.057458,-1.0032,0.036502,-0.053844,0.00090716,1.15,-19.592,-1.1451,-8.6214,1.6856,21.892,0.51666,-23.374,-0.026598,-0.042051,-0.037039,-0.99731,0.035725,-0.054869,-0.0019282,1.708,-18.683,-1.9536,-7.6068,1.4624,20.867,0.25502,-22.222
31.4,-0.030085,-0.028763,-0.036398,-1.0107,0.030052,-0.04985,0.0070095,0.52744,-18.278,0.27566,-8.3052,0.64985,20.596,0.61375,-19.953,-0.030987,-0.022604,-0.039904,-1.0054,0.034913,-0.053369,0.002268,1.3172,-16.612,-1.8834,-10.145,1.9383,20.966,1.1378,-21.619
31.5,-0.018387,-0.038062,-0.044839,-0.97953,0.03156,-0.051383,-0.0021376,0.5734,-17.161,-1.813,-10.165,0.1175,20.143,1.3921,-22.538,-0.035549,-0.029825,-0.057096,-1.006,0.023717,-0.051404,-0.0032381,1.0678,-17.64,-2.3991,-10.853,-1.7164,20.998,0.58855,-20.617
31.6,-0.030701,-0.030874,-0.047856,-1.0016,0.026531,-0.050555,-0.0054675,1.0742,-17.02,-2.1328,-11.333,0.14014,20.351,1.5221,-20.836,-0.015748,-0.022623,-0.039545,-0.99544,0.027331,-0.054242,-0.0044582,2.0113,-18.201,-2.4705,-10.266,0.24339,20.807,0.076571,-20.551
31.7,-0.034191,-0.022992,-0.043635,-1.0236,0.017349,-0.060169,-0.010977,0.47861,-15.899,0.37175,-10.283,-1.5891,21.962,0.3233,-21.425,-0.033303,-0.030422,-0.052935,-1.0035,0.028854,-0.037368,-0.0042792,1.7782,-17.051,-1.9369,-10.212,3.0162,20.245,0.89781,-21.374
31.8,-0.041178,-0.0251,-0.037778,-0.99061,0.025943,-0.054808,-0.014454,0.69964,-15.215,-0.35542,-12.577,1.5296,22.771,0.68503,-21.116,-0.042741,-0.023203,-0.03931,-0.98817,0.030129,-0.043411,-0.014618,2.2335,-13.953,-0.16978,-11.069,0.39615,21.011,2.5464,-22.193
31.9,-0.035321,-0.010555,-0.054601,-0.99673,0.029592,-0.04885,-0.010266,0.61937,-16.45,-2.5509,-11.275,0.05788,20.514,0.21572,-20.941,-0.010217,-0.02441,-0.05631,-0.99195,0.019174,-0.040551,-0.0030234,1.1421,-15.19,-0.62266,-10.578,1.5153,21.138,-0.30399,-22.063
32,-0.013908,-0.0077902,-0.043198,-1.0108,0.024809,-0.044625,-0.0041435,-0.97259,-14.72,-1.2535,-12.239,0.92747,21.997,0.4009,-20.146,-0.039534,-0.0067845,-0.036749,-1.0019,0.025226,-0.034603,-0.010703,0.86014,-16.671,-2.4652,-13.628,1.0133,20.981,-1.0504,-19.952
32.1,-0.046771,-0.019644,-0.032323,-0.99924,0.028824,-0.044216,-0.0046948,0.58397,-14.537,-1.2417,-12.787,1.5711,21.426,1.3032,-21.118,-0.024295,-0.022692,-0.053805,-0.99544,0.027857,-0.044686,-0.0069905,-0.67931,-15.774,-1.2295,-11.779,0.86321,19.249,0.22855,-20.938
32.2,-0.0085055,-0.017933,-0.053303,-0.99672,0.020957,-0.03955,-0.011481,1.4248,-12.732,-0.74985,-13.166,0.35922,22.68,1.124,-20.356,-0.030998,-0.022482,-0.040487,-1.0119,0.021884,-0.043891,-0.010037,2.0053,-14.79,-1.5474,-11.68,2.1421,21.246,-0.030434,-22.005
32.3,-0.027264,-0.0093106,-0.040022,-0.98728,0.029569,-0.046122,-0.011608,1.9476,-14.726,-2.1478,-12.576,1.397,22.322,0.15356,-18.776,-0.055495,-0.035533,-0.046647,-1.0059,0.018592,-0.038769,-0.014666,1.2061,-12.603,-2.2514,-12.585,1.7936,20.56,0.82821,-21.117
32.4,-0.062666,-0.017773,-0.040245,-0.9928,0.023247,-0.040528,-0.0016087,3.2317,-15.398,-1.1404,-12.176,-0.60323,21.365,-0.08982,-20.593,-0.03884,-0.010336,-0.042284,-0.98634,0.026651,-0.039626,-0.008844,2.3787,-14.281,-1.4797,-13.027,-0.19154,21.706,0.91466,-18.013
32.5,-0.047991,-0.0093795,-0.033193,-0.99146,0.01228,-0.046034,-0.0048521,1.8287,-13.122,-1.3217,-12.993,1.731,24.698,0.24143,-20.563,-0.049395,-0.022305,-0.030023,-1.0061,0.020593,-0.05164,-0.015747,3.4908,-13.016,-0.96471,-11.926,0.4425,25.278,-0.16129,-20.119
32.6,-0.050637,0.0067522,-0.040603,-0.99068,0.01837,-0.037508,-0.011883,1.7996,-11.903,-1.1426,-14.765,2.2979,22.882,-0.85546,-20.194,-0.026933,-0.010698,-0.054784,-1.0069,0.02727,-0.035411,-0.013789,1.0249,-13.829,-0.71402,-15.508,1.8217,22.204,-0.10884,-18.429
32.7,-0.055296,-0.01035,-0.036431,-0.99506,0.024064,-0.0374,-0.013993,3.1131,-10.932,-0.63362,-12.075,1.3954,20.793,0.68266,-19.889,-0.03583,-0.00297,-0.03021,-0.99028,0.013577,-0.040032,-0.021735,-0.97516,-12.044,0.73493,-14.327,1.8432,24.483,-1.2992,-20.399
32.8,-0.028808,-0.0074458,-0.037479,-0.99565,0.015541,-0.0394,-0.0074734,-0.20482,-11.274,-3.0019,-14.425,1.2609,23.23,-0.013838,-19.142,-0.051154,-0.0011404,-0.037854,-1.0014,0.018756,-0.0306,-0.013605,0.65653,-12.163,-1.8455,-14.312,0.34071,23.958,-0.32654,-20.081
32.9,-0.049329,-0.0069284,-0.040821,-0.99402,0.015358,-0.035354,-0.010459,0.7368,-11.923,-1.1191,-14.222,1.0326,21.287,0.43049,-19.038,-0.049175,0.010491,-0.033084,-0.99543,0.013421,-0.028902,-0.0047315,1.428,-11.862,0.0065647,-16.557,1.3005,22.807,-0.46087,-18.913
33,-0.042343,0.0050525,-0.024806,-0.99637,0.018322,-0.039348,-0.013938,1.6889,-11.481,-1.2435,-16.382,2.132,24.907,0.33536,-20.165,-0.055631,-0.011669,-0.040716,-0.98964,0.014313,-0.041158,-0.019298,1.2324,-13.433,-1.8765,-15.466,1.3636,23.966,0.59868,-19.016
33.1,-0.029054,-0.016583,-0.034496,-0.99228,0.017714,-0.029852,-0.019278,2.9623,-11.544,-1.3701,-17.205,0.83526,25.309,-0.20408,-19.747,-0.039653,-0.0062448,-0.036389,-1.0273,0.014899,-0.037053,-0.015771,1.5701,-10.266,-1.9597,-15.342,-0.053505,25.615,-0.14107,-17.044
33.2,-0.045693,-0.0031925,-0.027137,-0.98283,0.0089181,-0.028883,-0.019026,0.16456,-11.725,-0.7543,-15.945,-0.48695,23.141,-1.7588,-18.556,-0.0547,-0.0066178,-0.040863,-1.0043,0.017471,-0.026466,-0.014279,1.223,-12.274,-2.5673,-17.237,3.3354,24.543,-0.49631,-19.317
33.3,-0.035618,0.00073424,-0.0263,-0.99003,0.011643,-0.029288,-0.013781,1.5126,-10.12,-0.074679,-17.341,0.43293,23.612,-1.3093,-18.634,-0.054751,-0.0034144,-0.047399,-1.0102,0.0072723,-0.034389,-0.011957,-1.4234,-12.516,-1.2917,-16.701,0.20844,25.135,-0.80879,-19.448
33.4,-0.041603,-0.0054194,-0.042899,-0.98858,0.0076146,-0.034837,-0.017785,-0.060668,-11.765,-1.9435,-17.832,2.2029,24.567,-1.0764,-17.95,-0.033903,-0.00052248,-0.039011,-1.0046,0.008852,-0.035196,-0.020715,-1.2693,-12.412,-1.2637,-17.764,1.9904,26.825,2.3887,-19.178
33.5,-0.0403,0.016876,-0.038748,-1.0071,0.01302,-0.024481,-0.020564,1.81,-9.7678,-0.9584,-18.751,0.78891,25.934,-0.34534,-18.929,-0.056169,0.0057976,-0.051807,-0.99107,0.015801,-0.03428,-0.028093,1.0267,-9.5212,0.49275,-19.044,-0.13268,25.389,-0.96936,-20.613
33.6,-0.049579,0.0036423,-0.031077,-1.0052,0.0082523,-0.029539,-0.020358,0.53768,-9.8051,-0.14903,-16.707,0.30045,27.044,-0.0071257,-18.156,-0.04708,-0.0082313,-0.017488,-0.98575,0.012437,-0.024731,-0.022237,0.34161,-10.906,-0.036371,-17.413,-0.63418,24.993,-2.1654,-20.103
33.7,-0.063031,-0.0058525,-0.02604,-0.9989,0.0073159,-0.02746,-0.020312,0.48221,-9.405,-1.391,-17.496,0.60434,26.725,-0.21101,-20.087,-0.049338,0.020754,-0.027645,-1.0063,0.0044546,-0.030949,-0.027028,1.1084,-9.6106,-0.68036,-19.183,1.0935,25.542,0.61562,-19.711
33.8,-0.032014,0.0096775,-0.022327,-0.99727,0.008057,-0.021291,-0.017836,2.7507,-9.8517,-1.1025,-18.703,1.1034,25.716,-0.44686,-21.023,-0.043863,0.012335,-0.051099,-1.0016,0.008018,-0.024197,-0.016786,-1.1823,-10.572,0.37734,-19.722,1.0547,25.786,-0.89541,-20.514
33.9,-0.026296,0.031626,-0.018348,-1.0116,0.00087853,-0.018422,-0.020606,0.19953,-9.8602,-3.2154,-19.429,0.89516,25.445,0.97713,-20.466,-0.059297,0.025632,-0.041149,-0.9998,0.014627,-0.023948,-0.0134,0.99824,-9.4535,-0.70905,-18.474,1.5634,25.005,0.86081,-18.236
34,-0.038408,0.013474,-0.021106,-0.98471,0.014175,-0.020469,-0.019569,1.0046,-9.3374,-0.1523,-17.478,-0.7117,27.894,-1.4062,-20.391,-0.035773,0.0090467,-0.016212,-0.99931,-0.00049722,-0.02766,-0.018916,2.4741,-8.5231,-2.0878,-19.546,-0.19382,26.95,-1.3817,-19.33
34.1,-0.049561,0.018389,-0.025922,-1.0082,0.002719,-0.03083,-0.019793,1.0993,-7.6698,-1.9034,-19.746,0.55533,28.118,-0.97966,-17.606,-0.04936,0.02979,-0.029091,-0.98453,0.0034413,-0.025721,-0.016653,2.626,-7.7476,-4.1589,-20.501,0.41219,27.759,0.25304,-21.542
34.2,-0.036381,0.015046,-0.02451,-1.0143,-0.0027759,-0.017926,-0.026271,-0.16987,-8.5292,-1.4323,-22.066,1.3635,26.855,0.0087713,-20.001,-0.055013,0.011434,-0.050253,-0.9956,-0.0080725,-0.018635,-0.022323,0.60031,-8.6818,0.25315,-18.778,-0.57765,27.397,-1.0514,-18.308
34.3,-0.038406,0.033012,-0.027127,-0.97156,4.7359e-05,-0.014555,-0.019276,1.9355,-7.8611,-2.6819,-21.003,0.10226,26.244,-2.9103,-20.233,-0.052934,0.003274,-0.019077,-0.99434,-0.0027331,-0.022403,-0.02193,0.98693,-9.9483,-0.63332,-21.331,-0.77291,26.49,1.2442,-18.7
34.4,-0.060963,0.010016,-0.014833,-1.0162,-0.0050738,-0.018884,-0.014974,0.62782,-8.5133,-1.8489,-21.812,2.1502,25.954,-0.93954,-19.891,-0.054911,0.028779,-0.014196,-1.0073,-0.00042816,-0.016413,-0.017062,0.93966,-8.1244,-0.36331,-22.78,0.13758,25.737,-1.1193,-18.909
34.5,-0.049291,0.013409,-0.040869,-0.98679,0.00014674,-0.027402,-0.023224,-0.61812,-8.4708,-1.1077,-20.419,-0.23855,24.358,-1.9078,-19.512,-0.057113,0.0040092,-0.010934,-0.99546,-0.0052135,-0.0083644,-0.017002,0.70819,-7.3647,-1.7377,-19.586,-0.46029,24.964,0.25645,-22.086
34.6,-0.044843,0.0065749,-0.035051,-0.99891,0.0020812,-0.013264,-0.020257,0.44833,-6.9591,-0.35053,-24.063,1.2692,26.796,-0.68337,-20.671,-0.049515,0.0031547,0.0019255,-0.99167,-0.0029765,-0.013518,-0.0085805,1.3035,-6.3484,-1.0939,-23.432,0.73336,25.279,-0.67628,-19.065
34.7,-0.03863,0.029023,-0.01209,-1.0139,0.004,-0.02029,-0.012845,0.45789,-7.0238,0.085582,-22.859,-2.595,25.782,-1.0093,-19.121,-0.051036,0.028161,-0.0089777,-0.99487,-0.0081597,-0.022466,-0.011078,1.3087,-5.8806,-1.1085,-22.086,-1.4214,28.25,-1.6136,-20.239
34.8,-0.036691,0.029802,-0.014193,-0.99056,-0.011268,-0.014409,-0.0079286,1.2873,-6.8134,-4.7959,-23.642,-0.20198,25.691,-0.92267,-23.055,-0.051348,0.018264,-0.018456,-0.99148,-0.00252,-0.014715,-0.021856,-0.11154,-7.4929,-0.60786,-22.096,-0.83606,26.871,1.316,-20.069
34.9,-0.031686,0.021993,-0.024838,-0.99789,-0.004198,-0.020898,-0.012186,-0.73457,-6.9267,-1.4531,-22.206,-1.7307,25.987,-1.1706,-20.468,-0.054736,0.0062971,-0.015901,-0.99372,-0.0090757,-0.0077514,-0.021591,1.5798,-5.6385,-0.489,-22.916,-1.3855,25.989,-0.50943,-21.029
35,-0.048945,0.04001,-0.021646,-0.99172,-0.0066857,-0.0098555,-0.016523,0.39336,-6.9698,-0.039074,-23.72,-0.19179,24.954,-0.039205,-24.043,-0.039385,0.028247,-0.030837,-0.99474,-0.0074797,-0.018856,-0.017847,1.2936,-5.9914,-0.29372,-22.771,-0.55137,28.487,-1.2099,-21.44
35.1,-0.045086,0.027188,-0.0039325,-0.98645,-0.012771,-0.01213,-0.020287,0.25936,-4.7214,-0.67856,-24.401,0.76242,24.893,-0.69189,-21.352,-0.046504,0.043844,-0.030643,-0.99383,-0.0080591,-0.02816,-0.014499,0.65193,-5.0826,-2.0707,-23.682,-0.092142,25.713,-0.87486,-20.517
35.2,-0.044117,0.015413,-0.0056857,-1.0049,-0.014544,-0.0044999,-0.019964,0.58718,-4.8287,0.22443,-22.688,1.2323,26.16,0.39336,-22.176,-0.06306,0.031314,-0.033018,-0.99204,-0.010752,-0.015086,-0.015238,0.29367,-4.1479,-1.2871,-26.258,0.98577,23.792,-0.82455,-21.628
35.3,-0.026206,0.015764,-0.015915,-1.005,-0.01032,-0.011934,-0.014992,1.7555,-4.4252,-2.8117,-26.653,-0.47231,25.816,1.506,-20.366,-0.057871,0.044101,-0.018884,-0.98206,-0.0067753,-0.012767,-0.015173,-0.023999,-5.3671,-0.091998,-23.817,0.84646,27.451,1.2271,-20.811
35.4,-0.039681,0.021945,0.0025372,-0.99291,-0.0085566,-0.010493,-0.0056385,0.23198,-4.2916,-1.9141,-25.536,1.5376,23.623,0.14181,-22.588,-0.059503,0.033279,-0.0013704,-0.99786,-0.0065291,-0.017203,-0.013702,1.0001,-5.4104,-2.8417,-24.754,0.096183,25.801,-0.85856,-20.763
35.5,-0.055741,0.029496,-0.016306,-0.99091,-0.018022,-0.016527,-0.0079081,1.9605,-2.7428,-0.6061,-24.172,-0.41727,23.735,0.11827,-21.306,-0.042888,0.025386,-0.0084821,-1.0055,-0.017012,-0.012271,-0.015206,0.58051,-3.6765,-0.93392,-24.861,1.4162,25.012,0.50672,-21.154
35.6,-0.045519,0.030093,-0.018001,-1.0016,-0.019987,-0.010345,-0.013107,1.6752,-4.5368,-2.6521,-25.037,-1.2269,24.129,-1.8081,-22.586,-0.056992,0.027873,-0.011383,-0.99888,-0.017231,-0.0081197,-0.0098789,1.2161,-2.218,0.47242,-27.31,-1.4599,22.876,0.12702,-22.644
35.7,-0.042008,0.04241,-0.024349,-1.0052,-0.014505,-0.012384,-0.0085676,1.8174,-1.9543,-1.4045,-26.074,-0.6472,25.9,-0.32073,-21.584,-0.043026,0.025818,-0.014087,-0.99323,-0.019921,-0.0068679,-0.0052047,2.4679,-2.541,-0.65072,-25.552,-0.78944,24.914,0.15117,-21.94
35.8,-0.039246,0.010318,0.0063781,-0.98923,-0.016984,-0.012788,-0.014482,0.80169,-2.61,-2.407,-25.414,-0.13171,23.272,1.2347,-22.303,-0.048377,0.0070219,0.00040857,-0.98292,-0.012112,-0.0056508,-0.010597,0.62443,-3.426,-2.6201,-27.636,0.69626,24.074,-0.32025,-20.142
35.9,-0.047664,0.025456,-0.023917,-1.0054,-0.024465,-0.0033251,-0.0086702,0.97247,-4.1997,-2.8391,-27.1,-0.58131,22.988,0.75136,-20.332,-0.053681,0.022332,-0.0064763,-0.99968,-0.018454,-0.0024693,-0.013417,1.0216,-2.5169,-2.5745,-26.456,-1.7337,23.723,-0.051464,-20.196
36,-0.025792,0.029855,0.00038718,-1.0122,-0.020317,-0.0093281,-0.020021,1.0036,-2.0372,-1.8664,-26.94,-0.66102,24.728,0.78153,-22.395,-0.028804,0.030365,-0.0049927,-1.0029,-0.019103,0.00050469,-0.0038742,1.5224,-1.0299,-1.9648,-28.546,0.28208,24.941,1.0443,-20.307
36.1,-0.047504,0.03032,-0.015183,-0.99862,-0.020311,-0.0066898,-0.010645,2.414,-2.3309,-1.5044,-26.414,-0.013866,24.75,0.72313,-19.895,-0.041278,0.020542,-0.016979,-0.99355,-0.014959,-0.0029303,-0.0080219,1.7013,-1.9765,-1.4778,-27.78,-0.054478,23.84,-0.00095724,-20.363
36.2,-0.036984,0.028401,0.006258,-1.0021,-0.016436,-0.0021064,-0.019478,-0.78626,-1.8335,-1.455,-27.869,-0.44531,23.539,-0.56712,-21.52,-0.049007,0.02556,-0.0076321,-1.0041,-0.018811,0.0078073,-0.0082824,0.34262,-2.9062,-2.3754,-27.46,0.028167,23.586,0.92124,-24.001
36.3,-0.038007,0.042603,-0.0039816,-0.99489,-0.019111,0.0025406,-0.011898,1.0405,-2.1612,-0.34963,-30.162,-2.3017,25.022,-1.2534,-20.555,-0.026182,0.0039522,-0.017744,-0.99016,-0.024636,0.0049816,-0.010336,1.1571,-2.1731,-2.0403,-28.745,-0.18135,23.577,-1.2082,-20.545
36.4,-0.054388,0.027737,-0.0018855,-0.98096,-0.016721,-0.00071805,-0.011243,0.015421,-2.5402,-2.2318,-29.262,-0.97529,25.028,-0.15448,-19.555,-0.015773,0.030757,-0.0041281,-0.9987,-0.013779,-0.0085409,-0.0025381,1.0244,-2.4055,0.75116,-29.118,-0.57077,22.3,0.023509,-19.329
36.5,-0.026637,0.029303,-0.014472,-0.98106,-0.022987,0.011036,-0.01312,2.2442,-0.47885,-0.92134,-29.899,0.79933,24.935,1.0706,-22.333,-0.026998,0.0074268,-0.017036,-0.99703,-0.024306,0.0027257,-0.017871,2.1424,-2.1976,-0.1759,-31.217,-0.95648,22.648,0.77653,-20.564
36.6,-0.011805,0.04654,-0.010198,-0.99571,-0.017086,-0.0012158,-0.021307,0.05377,1.3252,-1.5471,-28.648,-0.17742,21.275,4.322,-21.285,-0.032907,0.037546,-0.013958,-0.99203,-0.021773,-0.0080453,-0.015585,2.3828,0.36337,-0.98501,-30.887,-0.75013,22.579,-0.63861,-20.021
36.7,-0.040091,0.035558,-0.0048424,-1.0052,-0.0098235,-0.0041007,-0.0063181,-0.63406,-1.5508,-3.5726,-29.616,-1.6414,22.023,1.036,-19.114,-0.047087,0.016162,0.018434,-1.0135,-0.024753,0.0088164,-0.0035175,1.4927,-0.13155,-1.87,-30.293,-0.33638,22.882,0.89523,-21.203
36.8,-0.0355,0.035426,-0.013966,-0.99621,-0.030296,0.0016129,-0.011334,2.6822,0.72359,-2.3774,-30.873,-1.8271,20.788,-0.49115,-20.592,-0.037727,-0.0042786,-0.010642,-1.0131,-0.022414,-0.0011952,-0.0056442,0.79007,0.81997,-2.4939,-31.277,0.94765,21.349,-0.85178,-18.759
36.9,-0.021553,0.018485,0.010334,-0.98891,-0.024191,0.0072553,-0.013933,0.60868,0.89105,-2.1046,-29.493,1.0747,21.518,0.4745,-18.313,-0.038008,0.034823,-0.011319,-1.0109,-0.028842,0.0062461,-0.01263,0.26207,0.78208,-1.6422,-30.81,-2.7828,22.13,-0.10391,-17.59
37,-0.03614,0.01562,-0.0038416,-1.0025,-0.018749,0.0081102,-0.012749,0.29852,0.41214,-0.66585,-29.057,-1.7817,21.907,0.11759,-18.755,-0.015339,0.021762,-0.0014858,-0.99877,-0.022209,0.0038924,-0.010523,-0.047915,1.8146,-2.4096,-31.587,-1.0739,22.5,-0.51712,-19.465
37.1,-0.028643,0.014609,0.0029916,-1.0045,-0.025019,0.0092887,-0.0041317,0.87145,2.7018,-0.1598,-31.876,-0.055455,20.845,1.755,-20.11,-0.034951,0.02835,-0.012476,-1.006,-0.020327,0.013953,-0.005696,1.2723,1.2717,-1.324,-31.632,-1.2764,20.351,0.95017,-20.579
37.2,-0.032156,0.017981,-0.012052,-1.0017,-0.023344,0.010559,-0.010845,1.7849,0.64067,-1.5142,-32.914,0.379,21.277,-0.13492,-18.528,-0.028636,0.017038,-0.0027397,-1.0044,-0.030962,0.0076796,-0.0052423,0.66075,0.016658,-0.46669,-31.356,-0.22667,22.143,-0.42812,-21.024
37.3,-0.040234,0.020601,-0.013642,-0.9969,-0.018178,0.018669,-0.0066617,2.1789,-0.81354,-2.0746,-32.584,-0.15195,21.117,1.1397,-19.233,-0.033626,0.025579,0.0024932,-0.98695,-0.023028,0.0051723,-0.0095897,-0.39701,0.41555,-0.69406,-33.58,-1.7534,20.383,-0.23369,-18.921
37.4,-0.023392,0.031595,0.015082,-0.9921,-0.025589,0.01302,-0.016254,-1.1858,3.5227,-0.21181,-33.046,-1.335,19.066,1.9139,-20.339,-0.040541,0.032253,-0.0059072,-1.006,-0.031263,0.018985,-0.0090176,1.2463,2.4421,-1.5668,-34.546,-2.6813,21.239,0.86013,-18.328
37.5,-0.029107,0.015851,0.013081,-0.98149,-0.026272,0.012883,-0.0030518,0.6303,2.1768,-1.5698,-32.701,-2.2011,19.816,0.1552,-18.539,-0.028314,0.017117,0.014699,-1.0114,-0.023597,0.0044461,-0.0088228,-0.062774,-0.22536,1.1003,-32.877,-1.5666,20.86,0.41277,-18.843
37.6,-0.026058,0.015995,0.00017277,-0.99849,-0.024588,0.020612,0.0032,1.2449,2.226,0.08778,-32.586,-0.4623,19.903,0.82901,-17.539,-0.035815,0.038241,0.0081135,-1.0001,-0.026179,0.020103,-0.0044585,-0.22713,2.5697,-1.7182,-35.327,-2.4847,20.467,1.341,-17.32
37.7,-0.017739,0.021441,0.002459,-0.99954,-0.027551,0.029084,-0.0072562,0.20659,1.025,0.56913,-34.433,-1.5132,18.252,0.023018,-18.182,-0.037643,0.036486,0.008825,-0.99519,-0.03071,0.018432,-0.0055884,-0.27597,2.1778,-1.534,-35.635,-0.89464,20.667,0.75251,-17.373
37.8,-0.037968,0.018876,-0.0048844,-1.0066,-0.023414,0.025631,-0.0024051,-0.63922,2.8377,-0.66975,-32.703,-0.54726,19.35,1.0684,-17.333,-0.03252,0.035893,0.0012651,-0.99203,-0.020801,0.018283,0.0064682,-2.2337,-0.22886,-0.92005,-35.551,-1.499,16.747,1.2264,-17.159
37.9,-0.02058,0.029965,-0.0060881,-0.99886,-0.021319,0.020333,0.0016992,-1.7953,0.75333,-0.63012,-35.445,-1.9596,16.67,3.569,-17.183,-0.027305,0.027274,0.002634,-1.0047,-0.019283,0.014574,0.0055534,-1.7916,-0.37923,-2.0491,-34.222,-2.5098,17.975,0.63749,-15.97
38,-0.035263,0.030685,-0.0038898,-1.0161,-0.022423,0.020971,-0.0066275,0.86802,-0.32608,-0.33559,-37.126,0.76915,17.3,-0.68777,-17.585,-0.0093245,0.046564,-0.002368,-0.9963,-0.011088,0.022334,-0.0019083,0.087271,0.20049,-0.78638,-34.808,-1.2062,19.33,-0.25463,-16.31
38.1,-0.028895,0.037164,-0.0021246,-0.99029,-0.029345,0.017576,0.002847,0.92125,0.37426,-0.98862,-34.75,1.2664,15.992,0.78328,-16.106,-0.0089201,0.015756,-0.0083458,-1.007,-0.021911,0.016539,0.0032512,-1.1202,-0.13034,-3.057,-34.016,0.5427,16.546,-2.8073,-16.897
38.2,0.0042868,0.023026,-0.0037802,-0.99415,-0.022087,0.027109,0.00094628,-0.26453,0.48441,0.56692,-35.901,-0.4574,18.313,0.050157,-16.654,-0.026894,0.0088996,0.0098506,-0.99983,-0.011483,0.023014,0.0085187,-1.4002,-1.2982,2.2558,-36.523,-0.27075,17.015,-0.29889,-16.621
38.3,-0.027201,0.0096159,0.01346,-1.004,-0.017101,0.020962,-0.0033243,-0.35922,-1.074,1.1372,-34.895,1.0005,16.902,-0.53931,-18.19,-0.016068,0.026808,0.017719,-1.021,-0.012623,0.019418,-0.0084994,-0.37156,1.5041,2.3347,-35.56,0.56923,16.828,-0.12754,-17.419
38.4,0.00057756,0.019438,0.010209,-1.0019,-0.018238,0.01291,0.0015601,-2.8707,-0.95132,0.83667,-33.969,0.4567,16.152,0.61931,-17.467,-0.0044887,0.018498,-0.0023263,-0.99547,-0.015542,0.015714,-0.0063014,-1.1053,-0.70167,1.2476,-37.897,0.65462,17.918,0.45541,-18.318
38.5,-0.016772,0.0055711,-0.0046447,-1.0238,-0.0076526,0.021735,0.0033265,-1.853,0.89812,0.51167,-35.218,-0.17136,17.086,-0.46793,-15.59,-0.01698,0.016179,0.0041618,-1.0031,-0.021756,0.023041,-0.0034815,-0.96536,-1.3251,-0.25723,-34.192,1.0436,18.176,-0.19532,-17.082
38.6,-0.033757,-0.0084385,-0.01883,-0.98916,-0.0095999,0.011029,0.003329,-1.5032,-0.75623,-0.83443,-33.813,-0.89457,17.304,-1.1081,-16.513,-0.010407,0.012322,-0.0055756,-0.9932,-0.017642,0.011137,0.0047961,-0.57231,0.39926,0.69833,-33.105,-0.41731,19.149,-0.86338,-16.36
38.7,-0.011392,0.0045234,-0.0014013,-1.0042,-0.018578,0.014964,0.0081654,-3.7447,-1.2077,-0.55455,-33.14,0.03052,18.479,-0.14062,-16.87,-0.00415,0.011168,0.01414,-0.98405,-0.012982,0.020136,0.0022792,-1.8115,-1.0797,1.081,-35.546,1.3727,17.851,-1.561,-18.494
38.8,-0.011659,0.019939,-0.00070026,-0.9958,-0.012318,0.0066161,-0.00056243,-1.0129,-0.034331,0.98405,-31.822,1.4818,18.887,-1.0285,-17.928,-0.011812,0.027275,-0.0050661,-1.0023,-0.0090566,0.013667,-0.00074484,-2.1545,-2.769,-0.75034,-36.073,-0.090055,17.807,0.66791,-18.539
38.9,-0.010529,0.020718,0.0022739,-0.99459,-0.013833,0.015595,-0.0017124,-1.7205,-1.3034,0.95341,-35.4,-0.61893,17.716,-0.13369,-16.623,-0.014285,0.0094123,-0.00377,-0.99971,-0.024504,0.0091151,-0.004941,-2.5263,-1.9375,-1.0111,-32.581,0.056191,19.041,-0.15575,-16.473
39,-0.022733,0.0082741,-0.0046891,-0.98721,-0.016242,0.010081,0.0065002,-3.2382,-1.5408,0.93008,-33.621,0.17983,16.273,-0.60175,-18.915,-0.012883,0.013074,0.020597,-1.0143,-0.016728,0.0086886,-0.0039147,-1.5685,-2.2428,-0.063003,-32.843,0.36845,16.899,0.11122,-16.898
39.1,-0.020901,0.016592,-0.0084966,-0.98273,-0.003508,0.0043492,-0.0019195,0.52094,-3.9811,0.5574,-32.783,-0.87226,20.36,0.54017,-18.906,0.0030094,0.02997,-0.0048633,-0.9913,-0.010233,0.019824,0.0073181,-3.9014,-2.3018,1.3336,-33.076,-0.1684,19.592,-0.53598,-18.455
39.2,-0.0062091,0.026289,-0.02114,-1.0006,-0.01573,0.018302,0.0054687,-1.6276,-1.6376,-0.50974,-33.75,0.48351,17.524,0.14402,-18.133,-0.0031336,0.014433,0.031928,-1.0111,-0.012866,0.0056076,0.0063408,-1.0837,-2.2141,-1.6455,-30.943,-0.072303,17.588,-0.22053,-19.03
39.3,0.013259,0.013539,-0.019071,-1.0021,-0.013897,0.013001,0.0031691,-0.57164,-3.417,-1.0139,-33.306,-0.05773,16.855,-0.40005,-18.339,-0.0078735,0.015156,0.0065746,-1.0046,-0.0063273,0.012165,-0.0050455,1.3248,-2.0914,-0.0082045,-30.234,0.063942,19.131,0.053887,-16.684
39.4,-0.0089866,0.004275,-0.0033297,-1.0001,-0.0053419,0.0080015,-0.00055751,1.6871,-2.3383,0.64005,-32.695,-0.91215,18.563,-1.796,-18.734,-0.0047174,0.0071665,0.003644,-0.99342,-0.0086277,0.009535,-0.0065551,1.7896,-2.5497,-0.66153,-32.774,-0.32219,16.732,0.92523,-18.065
39.5,-0.0233,-0.0059499,-0.011089,-0.99646,-0.0055918,0.0069034,0.0025465,-0.084522,-3.7413,-0.01754,-31.121,-0.064302,19.16,-0.85029,-18.275,-0.010601,0.0071536,0.011023,-1.0083,-0.014117,0.01496,-0.0038247,0.14069,-1.3583,0.75124,-30.548,0.90716,17.088,-0.95529,-17.441
39.6,-0.0093937,-0.0035159,0.0080183,-1.0079,-0.0071936,0.0093094,0.0011227,-2.2332,-4.9292,2.4196,-32.201,-0.81132,17.158,2.0346,-17.029,-0.013934,0.0092693,0.0064303,-0.99229,-0.010104,0.0093265,0.0045054,-0.45761,-3.7753,0.82822,-31.933,-0.092362,16.826,1.4825,-18.396
39.7,-0.0089826,0.013795,-0.00065897,-0.97647,-0.006407,0.002765,0.0059649,-1.0716,-2.7684,0.73149,-33.906,0.56386,18.748,0.72343,-17.386,-0.016752,0.014698,0.0019655,-0.99478,-0.013942,0.0081028,-0.0049598,-0.93463,-3.9822,-0.38585,-32.041,1.3219,18.6,-1.5805,-19.444
39.8,-0.021964,0.031593,0.003006,-0.99539,-0.012544,0.0053777,0.0037525,-2.1367,-5.0752,-1.3667,-30.995,0.32694,18.9,1.9547,-16.88,-0.025839,0.014202,-0.0093701,-1.0138,-0.0098421,0.006825,-0.0037637,0.78837,-2.5694,0.43349,-31.276,1.651,18.786,2.1176,-17.842
39.9,-0.0093924,0.010315,0.024154,-1.0096,-0.014346,0.0070294,-0.0039226,0.60743,-4.7094,1.192,-30.115,-0.18226,19.338,-0.55505,-17.567,-0.011049,-0.001228,0.0092656,-1.0038,-0.01201,0.005822,-0.010231,-0.67869,-4.5058,-0.80141,-31.12,-0.81178,19.678,0.31792,-17.866
40,-0.01663,0.020443,0.0055256,-0.98233,-0.0081845,0.0060878,0.00065619,-0.015736,-2.5779,-0.12869,-30.114,-2.2366,16.246,-0.29695,-18.331,-0.0033091,0.015624,-0.0010646,-0.98817,-0.0096699,0.0019447,0.0016191,0.0115,-4.2081,0.75486,-30.545,0.11163,18.598,1.022,-17.197
40.1,-0.027508,0.0097119,-0.0051006,-0.992,-0.0060467,-0.0040683,0.0077711,-0.61897,-3.3826,-0.82384,-33.043,-0.96441,17.741,0.038597,-18.205,-0.0098533,0.019083,-0.0034383,-1.011,-0.010851,0.0040568,0.008792,0.49766,-2.7726,0.84877,-31.126,-0.33056,18.268,0.22346,-17.491
40.2,-0.016856,-0.016354,-0.0072508,-0.99956,-0.0020773,0.0052955,-0.0056322,-0.17605,-2.1592,0.55738,-30.862,1.1353,17.443,0.024724,-17.538,-0.012518,0.010838,0.0038657,-1.0089,-0.013919,0.0050171,0.0059743,0.87215,-2.5669,-0.79791,-30.945,1.4729,17.469,-0.40513,-17.972
40.3,-0.0027033,0.002084,0.0048937,-1.001,-0.0052894,0.0081434,0.0093335,-2.0997,-2.1657,1.8436,-31.96,-0.080972,17.911,-1.6017,-17.519,-0.0080397,0.0056877,-0.0067496,-0.98793,-0.01051,0.0072768,0.0015615,-0.64608,-3.5747,-0.83123,-31.819,1.213,17.844,-1.3545,-17.09
40.4,0.0045106,0.011458,0.002998,-1.0149,0.0013041,0.0048322,-0.011857,-0.0071248,-4.7462,1.5112,-32.208,-1.586,19.519,0.16993,-18.532,-0.0003992,0.01073,-0.0032496,-0.9878,-0.010606,0.0082453,-0.0073827,0.66034,-4.4491,-0.36896,-31.925,1.0278,18.863,-1.8748,-17.207
40.5,-0.0065741,0.014991,-0.0099816,-1.0163,-0.0069969,0.0052212,0.0028621,1.4274,-2.48,1.38,-30.681,-0.55741,19.072,-0.5647,-17.135,-0.0048749,-0.013014,-0.020706,-0.99687,0.0010674,0.00246,-0.0015534,-0.26496,-4.4937,-1.0831,-31.211,-0.98588,18.856,-1.3064,-18.681
40.6,-0.021017,-0.0049593,-0.011117,-1.0058,-0.0018813,-0.0043927,0.0056647,-1.3436,-4.1523,0.4962,-29.75,0.1457,18.464,-1.5287,-19.966,-0.0014811,-2.014e-05,0.0033904,-0.9942,-0.005594,-0.0039141,0.0024341,-0.15864,-3.5273,-0.68763,-31.907,0.096692,19.847,-1.1336,-17.581
40.7,-5.3515e-05,0.022438,0.030418,-0.9919,-0.0046477,0.0024062,0.0059056,-0.71765,-3.976,0.028862,-33.738,-0.11945,18.619,1.4189,-19.02,-0.0034503,0.010143,-0.0053993,-1.0228,-0.0061129,0.0094288,-0.0031391,1.2778,-4.5168,-0.77809,-30.429,1.4466,17.19,1.103,-18.19
40.8,-0.021273,-0.00065685,0.0040155,-0.99795,-0.0018485,0.010313,0.0027585,-0.21579,-5.0709,-1.0028,-33.92,1.2542,17.972,0.82985,-19.179,-0.012329,0.020529,-0.00062456,-1.0011,-0.0082199,-0.0017094,-0.0021359,-1.4822,-4.0754,0.591,-29.683,-0.6519,17.718,-1.0908,-18.032
40.9,-0.0054132,0.0056768,-0.0043981,-0.98359,-0.0064771,0.0066516,0.0037035,0.32053,-5.1354,0.95899,-30.336,2.0162,17.893,0.63951,-17.679,-0.016105,0.0032693,0.012348,-1.0115,-0.0099418,0.0029841,-0.00058728,-0.78125,-3.1808,2.2566,-31.511,0.64076,18.342,-0.22966,-17.556
41,0.010109,0.0065167,0.0061122,-0.97955,-0.0013749,0.0035,0.00075315,-1.594,-5.7891,1.545,-30.79,-2.6797,18.999,-0.71372,-17.942,-0.0069794,0.0099072,-0.0036977,-0.98368,0.0040723,-0.00011141,-0.0019817,-0.94907,-3.7177,-1.072,-33.438,2.5361,19.444,-1.6604,-19.407
41.1,-0.0033958,0.0014785,-0.003802,-1.0101,-0.0056599,0.0039404,-0.010119,-0.040806,-5.7038,0.92834,-31.253,-0.74926,17.598,-0.13529,-20.538,-0.00039986,-0.0018749,-0.013171,-0.9977,-0.0019824,0.011171,-0.0086751,-1.0225,-4.7723,-1.8588,-30.944,0.067429,18.244,2.0136,-19.372
41.2,-0.0055839,0.0080975,-0.0038863,-0.9946,-0.0047664,0.0064952,-0.012811,0.97097,-5.0303,-0.86536,-31.324,-0.26717,19.176,-0.95178,-18.129,0.0012213,0.0096266,-0.0095799,-0.99739,-0.0041322,-0.00081325,-0.0012794,-0.82183,-5.6408,0.5374,-30.891,0.6557,18.45,-0.35,-17.403
41.3,0.0077433,0.023662,0.0084345,-0.99348,-0.00048462,0.0045583,0.002029,-1.0415,-4.6363,-1.8206,-31.04,0.05258,18.527,0.20496,-16.225,-0.012736,0.0046254,0.0067492,-0.99005,-0.0076573,0.0083329,0.0022227,-0.051497,-5.8758,-0.12897,-29.371,0.39555,18.834,0.97197,-17.728
41.4,0.0095432,0.00096514,0.010899,-0.99566,-0.0071431,0.007458,-0.0065319,0.27224,-3.76,1.1418,-29.583,-1.016,19.46,0.020972,-19.407,0.01763,-0.0017019,-0.0022406,-1.0052,-0.0016328,0.00048561,0.0046103,-0.36926,-4.5164,1.1741,-29.92,0.22825,16.357,-2.7346,-18.409
41.5,0.0092111,-0.0089796,0.0015019,-0.99632,-0.0030021,0.014378,-0.0035873,1.6758,-5.9343,1.0419,-31.165,-0.34808,18.873,0.19778,-17.735,-0.0039404,0.0046572,0.0045746,-1.0133,0.00051771,0.005399,-0.0015301,1.3743,-3.0837,0.6093,-31.943,-0.51059,17.772,0.099131,-18.205
41.6,-0.0044056,0.0071729,0.00010725,-1.0109,-0.01132,-0.0063435,0.0065198,-0.17541,-3.3608,0.88451,-31.174,1.0752,17.287,-0.88753,-16.018,-0.0054866,-0.0055671,-0.028178,-1.012,-0.012831,0.0087249,-0.0033344,0.31983,-3.9473,0.32785,-31.958,1.0368,17.991,2.2344,-18.465
41.7,0.0089769,-0.00054754,0.011289,-1.0043,-0.00061283,0.00041637,0.0028441,-1.2052,-5.3713,0.072221,-30.668,0.42715,17.954,1.4916,-18.242,-0.01536,-0.0011802,-0.025429,-1.0066,-0.0014455,0.006099,0.0084999,-0.048903,-4.2876,1.6247,-30.566,0.30188,19.452,0.44013,-19.708
41.8,0.0002836,0.0010569,-0.01376,-0.97614,0.0027794,0.0047149,-0.0033557,-1.8172,-5.5698,-0.22322,-29.776,2.3646,17.356,0.21257,-17.489,-0.027477,0.003686,0.0024891,-0.99793,-0.0091099,0.012034,0.0003181,-0.22771,-6.2126,0.40049,-28.966,1.8523,18.3,2.1713,-16.674
41.9,-0.0094346,-0.015319,0.00068646,-0.99729,-0.0072485,0.0074418,0.00027931,0.51895,-4.3303,2.3505,-31.362,-0.66246,17.206,0.12349,-17.265,-0.012885,-0.003622,-0.0020968,-1.0115,0.0055929,0.0045726,-0.0074209,-0.73442,-5.2034,0.15755,-30.444,-0.42921,17.531,0.39265,-17.787
42,-0.00069459,0.010741,0.0093628,-1.0077,0.0019942,0.0025654,0.0017666,1.6759,-4.745,-0.15744,-30.786,-2.7985,19.419,-1.4349,-17.032,-0.0009346,0.014328,0.0014366,-1.0058,0.0010595,0.0068392,0.0050124,0.83464,-4.7708,-0.79527,-31.023,-0.15082,18.24,-1.1228,-16.284
42.1,-0.0045704,-0.00070659,0.014442,-0.98698,-0.0075394,-0.0074498,0.0040386,-0.18678,-3.7977,-1.1506,-30.544,-1.2733,19.113,-0.58591,-16.138,0.0023489,0.012389,-0.0019195,-1.0205,0.0025164,-0.003507,0.00011548,0.73817,-5.5332,2.3057,-29.464,0.15763,20.293,-0.81588,-18.157
42.2,-0.012809,0.001269,-0.013617,-0.98487,-0.0084129,0.010154,-0.0027718,0.088,-4.2013,-1.0569,-28.996,0.78591,16.645,0.50938,-18.642,-0.0048127,-0.00853,0.026946,-0.99757,-0.011665,0.00098712,0.0013079,0.46502,-3.5432,-0.58921,-29.334,-0.17386,17.126,0.061565,-18.256
42.3,0.007491,-0.021712,-0.0041561,-0.99525,-0.00020405,0.0094339,-0.0032772,-1.3088,-3.8815,-0.81024,-30.13,0.83616,19.683,0.9844,-16.785,0.022801,0.0044702,0.0069424,-0.9906,0.0060172,0.0023782,-0.0049308,-1.6689,-4.6514,-2.1442,-30.615,0.60036,17.752,0.24483,-17.593
42.4,-0.0051411,0.017693,-0.0010011,-1.0098,0.0048488,0.0042695,-0.0015854,2.4222,-5.866,-0.66021,-30.698,-0.29173,18.717,-0.23555,-17.563,-0.0061035,-0.0012555,-0.014556,-0.98117,-0.010733,0.011455,-0.0053528,0.57076,-6.2471,0.55448,-29.866,-1.0746,17.373,0.28856,-16.409
42.5,-0.0031543,-0.0048881,-0.00087331,-0.98703,-0.0058696,0.010384,0.0057901,1.4911,-4.3226,1.7898,-31.114,-0.21069,19.141,-0.8721,-16.562,-0.013832,-0.0053222,0.0049348,-1.0062,-0.005359,9.5786e-05,-0.0038304,-0.99132,-6.2736,2.1642,-28.603,1.0778,18.774,-0.65061,-15.377
42.6,0.0096771,0.0013829,0.0026326,-1.0105,-0.005905,0.0057129,-0.00018343,-0.79322,-4.561,1.5394,-28.696,1.4797,17.617,-0.57849,-16.537,0.016269,0.0080175,0.0049843,-1.0042,-0.00064905,0.0030129,0.00494,-2.1362,-4.3655,1.4608,-30.278,1.1454,19.05,1.8176,-18.453
42.7,-0.018329,-0.0076744,-0.012858,-1.0052,-0.0086767,0.0026632,0.0015279,-0.84678,-5.3661,-1.9763,-29.945,0.55781,18.166,-0.72897,-16.285,-0.0033019,-0.0034819,0.0033377,-1.0162,-0.012176,0.00019525,-0.0044661,0.12252,-5.2146,-2.5861,-30.9,0.69141,18.802,1.0681,-17.024
42.8,0.0022533,0.0063755,-0.0091822,-0.99597,0.007036,0.0051927,0.0013759,-0.67041,-4.3627,0.63188,-31.524,1.7077,18.289,1.295,-14.922,0.002469,-0.011774,-0.0074041,-0.98295,0.0018881,-0.00019192,-0.0030714,0.77819,-5.3089,-0.85104,-29.077,0.61503,17.876,0.47367,-15.544
42.9,-0.0041208,0.009612,-0.001452,-0.99228,0.0034063,0.0027655,-0.0017563,0.38231,-4.5858,0.10266,-29.659,0.15503,18.623,0.26633,-16.21,0.0068633,-0.015326,0.00095714,-0.99585,-0.0013476,0.0054434,-0.00083275,-0.56528,-4.0471,-0.15881,-31.117,0.44336,18.578,-0.46322,-18.174
43,-0.0021367,-0.0022629,0.013191,-0.99986,-0.0043362,0.00027682,-0.0050852,0.093246,-4.5578,1.7021,-31.579,-1.5827,18,-0.79808,-16.06,0.001264,0.0046117,-0.020225,-1.0135,-0.0022993,0.001633,-0.0012772,0.1494,-2.8027,2.951,-30.054,-0.39866,17.396,-0.088163,-16.833
43.1,0.005269,-0.010197,0.015909,-1.0013,-0.002122,-0.007243,0.0043269,0.41148,-3.4711,-1.6485,-30.321,1.3402,18.411,-0.46354,-17.724,0.011208,-0.0023673,0.0024002,-1.0122,-0.012368,0.002257,0.0072265,-1.2536,-6.8903,0.54813,-30.718,-0.56111,17.415,0.7973,-18.542
43.2,0.0055577,-0.0056111,-0.0052976,-0.98415,-0.010418,-0.00089434,0.0014486,-2.5359,-4.0637,-1.0358,-29.808,2.3588,18.153,0.75909,-18.42,-0.0089847,-0.0021305,-0.0070744,-1.0145,0.0025688,0.0030183,0.0053261,-1.2357,-4.5148,0.86575,-31.267,0.17506,17.609,-1.5689,-15.09
43.3,0.0099116,0.0053158,-0.0065088,-1.0022,-0.0089318,0.0064576,0.0019906,-0.5433,-5.012,-0.53044,-31.5,-0.83673,17.338,0.27708,-15.574,-0.013982,-0.0082553,-0.010223,-1.0077,-0.00078567,0.0006012,0.00027447,-1.0711,-3.729,-2.3962,-30.647,1.9696,17.379,1.9046,-17.867
43.4,-0.0063781,0.015291,0.0052386,-0.98337,0.008726,0.0030051,-0.0019272,0.20108,-4.3131,1.69,-27.881,-1.1172,17.636,-0.23734,-16.199,0.01033,-0.0068743,-0.0060929,-1.0061,0.0060957,-0.0034437,-0.0086892,0.43097,-5.9183,0.28399,-30.296,-0.9518,18.544,1.1994,-17.458
43.5,-0.0070237,0.015415,0.0061279,-0.98676,-0.005373,0.0015805,-0.0054892,0.2272,-5.9098,-0.36538,-29.147,-0.51244,17.739,-1.5767,-16.675,-0.011772,-0.011492,-0.01049,-1.0119,-0.0015225,-0.002632,0.010755,0.19047,-4.7931,1.4185,-30.691,-2.9512,17.533,0.82538,-17.287
43.6,-0.017783,0.0042243,0.016531,-1.0108,-0.0088013,-0.00012057,-0.0052193,1.2296,-3.9352,0.19492,-30.26,0.25543,18.053,-0.45765,-18.936,-0.020406,0.011458,0.014183,-1.0102,-0.0055318,0.002501,-0.0017744,0.73716,-3.0499,0.17813,-30.469,0.96174,16.965,-1.385,-18.52
43.7,-0.021241,0.016991,0.006946,-0.99054,0.00032944,-0.0034935,-0.0014453,-0.70858,-3.6353,-0.44682,-28.471,0.78746,17.842,0.38912,-17.826,-0.0013829,-0.0086912,0.0056481,-1.0027,-0.011994,-0.0011429,0.0022157,-1.176,-3.914,0.17558,-31.188,1.2583,18.322,0.16494,-19.128
43.8,0.0042548,0.0012977,0.0023083,-1.0017,-0.002451,0.0031669,0.00083301,-2.1369,-3.2152,-0.83975,-31.044,0.48768,16.311,0.43412,-16.636,0.014252,-0.0042275,-0.008937,-0.98159,-0.0034022,0.0035443,-0.0035517,0.078488,-4.8268,1.3313,-29.678,0.87391,16.112,0.087612,-17.616
43.9,0.0075703,0.007689,0.0010272,-0.99642,0.0066498,-0.00024546,-0.0017205,0.65121,-5.8803,-2.3387,-29.522,0.41199,16.791,1.8728,-16.964,0.0087124,-0.0064201,0.013388,-1.0172,0.0026323,0.0057032,0.0058167,2.4614,-5.7338,-1.2537,-31.245,1.8916,16.991,0.15433,-16.428
44,-0.018171,0.01115,0.0048117,-0.99389,0.0013024,0.0014575,-0.0010117,0.92057,-3.7926,-0.22121,-31.245,0.48644,17.939,-0.87104,-14.448,0.005,-0.0072263,0.0022058,-1.01,0.0014207,-0.00050373,-0.0087413,0.11103,-5.7669,1.1138,-29.831,-0.40167,18.297,-0.69582,-16.246
44.1,-0.0074774,-0.0084095,-0.0039909,-0.9882,-0.0010634,0.0037802,0.0036342,1.5403,-4.3842,0.65211,-30.84,0.39856,18.896,-2.3342,-18.077,0.0096911,0.015543,0.011041,-1.0063,0.013728,-0.0047536,-0.00010914,0.084815,-3.3949,-0.10527,-31.673,-0.74877,17.74,-1.9787,-15.699
44.2,-0.0034356,-0.0078109,-0.012198,-0.99254,-0.0088637,0.0033076,0.0029867,-1.3362,-4.1659,-0.17466,-29.309,0.38417,16.98,0.080927,-19.269,-0.010564,0.0064596,-0.025068,-0.99393,-0.0038056,-0.0066394,-0.0012238,1.1138,-3.5741,1.8503,-28.432,0.46989,17,0.6678,-17.382
44.3,0.0019981,-0.0039783,0.01044,-1.0084,0.001876,-0.0002665,-0.0036481,-0.52654,-4.3594,-1.2582,-30.368,-1.5859,16.723,0.18495,-17.118,-0.014055,0.002508,-0.0087122,-1.0108,0.00099221,0.0048098,0.00013842,-0.57978,-3.6205,-0.11095,-31.078,1.1677,16.913,1.7747,-16.362
44.4,-0.00057217,0.0069964,0.005655,-1.0086,-0.0021443,-0.00065228,0.0007544,-1.1736,-5.2503,-0.17837,-31.32,1.7236,19.228,1.2522,-14.394,0.013211,0.013629,-0.014793,-0.97711,-0.0011279,-0.00014609,0.0021598,-0.5944,-4.472,0.061359,-30.14,1.9235,17.568,1.1311,-18.431
44.5,0.0048723,0.0065436,-0.00038375,-0.99867,0.0040103,0.0055788,-0.007652,1.0413,-4.1182,-0.30275,-30.738,-1.5582,18.158,-0.12687,-15.728,0.010151,0.016179,0.0013885,-1.0047,-0.00079504,-0.0043813,-0.012533,-0.89166,-5.7401,0.36124,-30.839,0.31735,16.581,-2.6017,-17.231
44.6,0.020401,0.024142,0.020608,-0.99874,0.0019342,0.01016,0.0033432,0.58569,-5.8624,1.3228,-29.643,-1.6166,18.261,-0.47342,-17.376,0.010726,-0.0029796,0.0015933,-1.0107,0.0035311,0.00097381,0.0024932,-0.15159,-4.0236,0.0061872,-30.294,0.48441,18.042,-1.2429,-17.783
44.7,0.00052054,-0.014902,0.004925,-0.99965,-0.00052306,-0.0060923,-0.00044035,1.4311,-3.7397,-1.7198,-31.312,0.42381,16.973,-0.088859,-17,-0.0022289,0.0017116,0.00068762,-1.0096,0.00079558,0.0057286,-0.0020341,-0.73394,-5.0703,-0.41445,-29.656,-1.2895,18.07,-1.9718,-16.995
44.8,-0.0073565,-0.010065,0.01355,-0.99015,0.0015088,-9.1676e-05,0.0052071,-0.10297,-5.2073,0.0048389,-30.417,1.4042,15.869,2.0873,-17.458,0.00021924,0.0022,-0.0090094,-1.0018,0.0044488,0.0036051,0.0071961,1.0056,-3.8046,-1.9522,-30.836,0.24149,17.009,0.54546,-17.104
44.9,0.013232,-0.0015982,0.0060975,-1.006,-0.0055456,-0.0055868,-0.0011564,-0.97071,-5.079,-0.49056,-31.963,1.3717,16.086,0.78479,-16.613,-0.014343,0.00098893,0.002392,-0.99361,0.0064136,-0.00011314,-0.001911,-0.65764,-3.05,-1.5094,-31.816,1.3292,17.302,0.87623,-17.895
45,-0.0099603,-0.0077337,0.0032172,-1.0027,0.001393,0.0032796,-0.0042974,2.0076,-4.4085,0.12416,-31.297,0.90854,17.027,0.47582,-16.305,-0.0067163,0.0047498,-0.017152,-0.98985,0.0022059,0.0075129,0.002536,0.85242,-2.865,0.26999,-30.525,0.72702,17.734,1.2225,-16.867
45.1,-0.0064346,-0.012091,-0.013242,-0.9994,-0.0046667,-0.0084556,0.0016941,1.9511,-5.4924,0.080984,-31.174,-0.51345,17.723,-1.4437,-16.627,0.005183,0.0053603,0.0069467,-1.0074,-0.0066229,0.0068858,0.0093018,1.4663,-4.353,1.2589,-31.367,-1.2383,18.501,0.60899,-17.312
45.2,0.0040476,0.00020694,-0.0030434,-0.98948,0.0031286,-0.0052902,0.0015086,-0.98623,-4.4293,0.6941,-28.595,-0.020639,19.242,1.7151,-17.649,-0.010915,0.0050536,-0.012156,-0.99411,-0.0020938,0.004266,0.00035821,-0.81073,-5.4346,-1.2649,-30.515,-0.34544,18.583,0.47028,-16.613
45.3,0.01424,-0.013886,0.016626,-1.006,-0.0058433,0.00068848,0.0014265,-1.793,-3.3616,-1.5432,-30.891,0.30087,18.519,1.748,-15.451,-0.0045417,0.0063804,0.0036384,-0.99778,-0.010067,0.0027152,-0.0012499,0.19382,-4.0473,0.21673,-30.178,-0.36152,17.96,0.18218,-16.991
45.4,-0.010746,-0.006077,0.015908,-0.98964,-0.0032703,0.0064312,-0.0095542,-0.079475,-4.5064,-1.2235,-31.418,0.28605,17.074,-0.23464,-18.072,0.0078868,0.0027542,0.0016405,-0.99502,0.0049793,-0.0036702,0.0035119,0.30827,-4.4725,-2.1722,-32.03,0.099142,18.746,-0.24971,-16.49
45.5,0.00021896,0.00063031,0.0029708,-0.99107,0.0011285,0.0077103,0.0038576,1.1153,-4.7891,-1.3478,-31.584,-1.7181,18.023,0.042163,-16.032,0.0074884,0.01255,0.011158,-1.006,-0.0017503,-0.015885,-0.0019228,1.5207,-6.2113,-0.74747,-31.462,0.030588,15.709,-0.45338,-16.522
45.6,0.021507,0.0096817,0.016124,-1.0088,-0.0034745,0.0022022,-0.010685,1.3346,-3.8275,-0.72625,-31.528,-1.3519,18.506,0.38825,-19.227,0.0074628,-0.023814,0.011588,-0.99818,-0.0067449,-0.0037211,-0.0024497,2.3589,-5.1531,-0.29206,-30.789,1.7299,16.848,0.39276,-16.657
45.7,0.011723,-0.0038774,-0.011849,-0.98849,-0.0015244,0.00013359,0.0016579,-0.84355,-5.7962,0.27255,-32.057,1.8447,18.324,0.50802,-16.388,0.01075,-0.0039056,0.0070373,-0.99545,-0.00048962,-0.00056443,-0.0037945,1.1837,-6.2918,2.2459,-32.083,-0.052591,17.606,0.75203,-14.668
45.8,-0.02131,0.0023574,-0.0095269,-0.99692,-0.00025408,0.0090197,-0.0029302,-0.99118,-6.0702,-0.058174,-31.867,-0.65072,16.998,0.67473,-17.985,0.019084,0.0064903,-0.0084823,-0.98849,-0.0016444,0.002556,0.0048762,-0.40241,-4.1911,-0.11219,-30.21,1.1468,17.676,0.94486,-16.419
45.9,-0.0017902,-0.013705,0.0027059,-0.99706,0.0018785,-0.0006531,0.0026871,0.12293,-5.0176,1.7773,-30.853,-0.191,19.776,0.3185,-15.333,0.0012354,0.00095656,0.002399,-1.0085,0.00043642,0.00033267,0.00043531,-0.38724,-5.2372,1.248,-30.211,0.5658,17.423,-0.66041,-15.616
46,0.016043,0.010214,-0.017356,-0.99868,0.00054232,3.0119e-05,-0.0028739,-0.34246,-5.9735,-1.6961,-30.732,-1.3646,17.631,1.0866,-17.571,0.0036574,0.012782,-0.03363,-1.0183,0.0060173,-0.0056141,-0.0044453,1.0145,-4.8596,-1.3321,-31.557,-0.6622,18.096,-0.45832,-17.281
46.1,0.0099419,-0.0046735,-0.0028847,-1.0018,0.0033093,-0.0032819,0.011428,0.65016,-3.0822,-0.61515,-30.353,-1.6854,16.975,1.0357,-16.82,0.0077076,0.013636,0.013769,-0.98652,0.0022245,-0.0047317,-0.00099653,-1.0561,-5.3017,-1.7837,-30.277,-0.503,17.595,0.59241,-16.853
46.2,0.0047059,0.018018,-0.011231,-1.001,-0.0034843,0.0094813,0.00044462,1.005,-6.5862,-0.40531,-31.289,-0.34864,19.935,-1.0331,-15.771,-0.0069626,-0.019601,-0.0019617,-0.99332,0.0040932,0.004721,0.0040329,-0.31328,-3.3773,-2.244,-31.751,1.2872,18.516,-1.1671,-17.6
46.3,0.0046379,0.0030127,-0.010892,-0.99842,0.00082415,0.0010962,0.00010575,0.58965,-4.1179,0.69515,-31.299,0.73818,17.876,-2.4211,-16.59,0.0057392,-0.0079395,-0.019394,-1.0054,-0.0045715,0.0072555,-0.0083669,1.5567,-4.2899,0.73139,-31.319,0.57361,17.887,2.1482,-15.731
46.4,0.0042208,0.01107,-0.0085737,-0.98993,0.0073309,0.0035852,-0.0007737,-0.67236,-3.4346,1.0658,-32.233,0.24236,17.538,0.0085548,-16.771,-0.0057052,0.015776,0.0009239,-1.0119,-0.0091277,0.00049827,0.0055587,-2.8203,-5.0108,0.95181,-32.266,-0.29999,18.821,-1.37,-16.455
46.5,-0.020315,0.0073639,-0.0035079,-0.99639,0.002791,0.00091673,-0.0010461,0.097845,-3.3602,3.868,-31.054,0.29173,17.789,-2.0156,-17.203,0.01498,-0.010808,0.0039246,-1.0021,-0.00092985,0.002082,0.0029461,1.2795,-3.7591,1.0957,-33.455,-1.1071,19.098,-0.84299,-18.474
46.6,0.0079612,-0.0068578,0.0065277,-1.0115,-0.0028257,0.0004749,0.0042126,-1.7436,-2.8491,0.72329,-31.262,0.6748,16.351,-0.645,-16.038,-0.0016746,-0.0043643,0.01155,-0.99724,-0.0024316,-0.0094428,0.00071069,-1.029,-3.2812,0.22285,-30.695,-0.19059,15.264,1.0065,-16.396
46.7,0.0075253,0.009168,0.0054322,-1.0087,0.0068647,0.00019124,-0.0033839,0.024895,-4.4666,-1.257,-29.931,1.6453,18.031,0.1866,-17.216,0.003728,-0.0045547,-0.011742,-1.0073,-0.0018315,-0.0045072,-0.0030334,0.40283,-3.3898,-1.9918,-33.325,2.4252,16.362,0.38932,-15.323
46.8,-0.020346,-0.020754,0.013644,-0.99439,-0.0037102,0.0063771,0.00045483,1.2093,-4.234,-0.83319,-30.959,3.0905,19.124,1.5569,-16.38,0.0043698,-0.01094,0.0071828,-0.98196,0.0026469,0.0046261,-0.0026815,0.4785,-5.0061,-1.5242,-28.819,1.2394,17.166,0.015987,-15.509
46.9,-0.0051351,0.0077903,0.012078,-1.0128,0.008276,0.0064051,0.0012107,2.4201,-4.344,1.512,-32.094,-1.2665,17.65,-1.3125,-17.346,-0.012197,-0.0050296,0.014101,-0.99085,-0.0014964,0.0019505,0.0099679,2.5008,-4.5601,0.31111,-30.741,-2.0533,18.079,-1.1962,-15.82
47,-0.0023239,-0.0097025,0.01591,-0.99253,-0.0038159,0.0072144,0.00088821,1.796,-3.7057,0.98506,-31.205,-1.5464,15.637,-1.4795,-16.315,0.018973,0.013639,0.0060562,-1.0003,-0.0002176,-0.0019107,0.0054785,0.93074,-4.8101,0.20768,-30.567,-0.47962,18.534,-1.4368,-15.745
47.1,0.0048526,0.010521,-0.0032547,-0.99325,-0.00067847,-0.011478,0.0012922,-0.3373,-3.6272,0.89493,-30.644,2.037,18.429,-1.3404,-15.197,-0.0031236,0.0042666,-0.012623,-0.98961,-0.0039893,0.0040263,-0.00060536,-0.67564,-3.8664,-0.19278,-30.682,2.7474,15.795,-1.6078,-17.139
47.2,0.00062731,-0.0062335,0.011754,-0.98671,0.0036724,0.00042104,0.0048447,-0.84041,-5.6925,-0.90021,-31.079,-1.4514,16.275,-0.066711,-15.053,0.010052,-0.010421,-0.0077453,-0.98738,0.0029121,-0.0032808,-0.0036911,-0.25319,-4.7908,0.16689,-29.315,1.0531,17.274,-0.37947,-17.261
47.3,-0.0049935,0.026497,-0.016931,-1.0272,-0.0063595,-0.0050218,0.0015129,-2.4991,-3.837,-0.69059,-32.235,2.2443,17.945,-0.64529,-16.208,0.0029537,-0.013167,-0.0066719,-0.98897,0.0024246,0.0014673,0.001636,-0.20371,-4.1007,-2.8532,-33.516,0.67708,17.456,0.84792,-17.91
47.4,0.0055018,-0.016212,-0.0075151,-1.0049,0.0086829,0.0040333,-0.0035109,0.24414,-5.2596,-1.896,-31.543,0.89065,16.568,0.68404,-15.81,0.014023,0.016225,-0.01357,-0.9922,5.4247e-05,0.00033488,-0.0033521,-1.1091,-3.9227,-1.8394,-32.768,1.1008,17.532,0.56463,-16.729
47.5,-0.0056805,-0.0059111,-0.0046041,-0.99608,0.0089376,0.0010824,-0.0012529,0.2412,-4.8609,1.2505,-32.513,-1.2949,18.575,-1.0338,-15.918,0.00040209,0.006954,-0.0021222,-0.99164,8.6466e-05,-0.0034697,-0.0017201,0.47014,-5.1604,-0.73227,-32.303,-0.89676,18.361,1.3802,-15.688
47.6,-0.005158,0.0015427,0.004596,-0.99915,-0.00020745,0.0044281,-0.0026201,1.3237,-5.27,2.2076,-31.889,-1.0141,16.374,2.1937,-15.673,0.0099004,0.0066662,0.004667,-0.9896,-0.0067616,-0.0015147,0.0078761,-0.79482,-4.3894,0.83277,-29.661,-1.9489,16.804,-1.3766,-16.794
47.7,-0.010559,0.025193,-0.0015754,-1.0114,-0.0033871,0.0053728,0.00066745,0.30936,-3.7433,-1.7308,-29.866,0.88453,18.644,0.48852,-18.267,-0.010734,0.004139,0.0034857,-1.0161,-0.0045156,-0.0011748,-0.0056954,0.90515,-3.4341,0.35068,-31.593,-0.21924,19.054,-0.43171,-19.07
47.8,0.010575,0.0051714,-0.0037551,-0.98647,-0.00082204,-0.0048197,0.0041222,-1.9376,-4.3002,-0.91883,-32.613,-0.011083,17.627,1.5161,-15.239,0.00038851,0.013017,-0.009716,-1.0015,-0.009234,-0.0059251,0.0064817,-0.55115,-4.4339,0.19693,-32.807,1.2081,16.461,-0.050201,-16.035
47.9,0.025688,-0.0036708,-0.014668,-0.99911,-0.0035077,-0.0019233,-0.0069858,1.5354,-4.2623,2.3358,-31.225,-1.2977,19.87,-0.48686,-17.426,0.010706,0.015095,0.01883,-1.0026,-0.0079221,0.0014833,0.004542,0.81753,-6.8057,0.68162,-32.894,2.5359,16.832,-1.3493,-15.342
48,-0.0030743,-0.0057992,0.012005,-0.9967,0.0061954,-0.0034522,-0.0026762,0.70319,-2.6889,-1.3581,-30.993,0.24034,17.455,-3.3415,-18.094,-0.020992,0.016543,0.0099042,-0.97831,-0.002486,-0.0012149,0.0059086,0.11215,-4.72,0.70125,-33.213,-0.25114,19.809,0.4194,-17.681
48.1,0.010851,0.019544,-0.0031251,-1.0065,-0.0037308,0.0023325,-0.0081556,-1.0592,-4.6172,0.44509,-32.381,0.84457,17.534,-0.75451,-16.296,-0.0034027,-0.0097199,-0.00083865,-0.98823,0.0070965,0.0060181,0.0041925,0.72588,-3.6859,-0.25438,-29.759,2.1088,16.378,1.1186,-18.06
48.2,0.0013706,0.0090588,-0.0010667,-0.99485,0.0056725,0.0013413,-0.0041234,-0.46547,-4.2965,-1.122,-29.503,-0.40423,18.47,2.1649,-16.142,-0.011774,-0.0078106,-0.022083,-0.99361,0.0072138,0.0065606,0.0059621,-2.5815,-4.1748,-0.93069,-32.534,1.1219,18.181,1.23,-16.378
48.3,0.0078538,0.01102,-0.01382,-0.99663,-0.0092798,-0.0003967,0.004204,0.1652,-6.168,-0.014507,-31.976,-3.2168,19.14,-2.8951,-15.755,0.011552,-0.010474,-0.012385,-1.0095,0.0058046,0.0018993,0.0018589,-0.15277,-3.7874,-2.2228,-32.71,0.98337,18.018,-1.055,-16.853
48.4,0.0011853,0.0023401,-0.010529,-0.99958,-0.0062229,-0.008477,-0.0041616,2.574,-5.2202,-0.11593,-32.736,-1.483,18.917,-1.8988,-17.931,-0.018424,-0.011488,-0.0080393,-0.99134,-0.0075236,-0.0055112,0.0031901,0.22972,-2.8889,1.7753,-32.468,-0.68717,19.062,-1.1323,-17.331
48.5,0.010589,-0.0016358,0.011597,-1.0027,-0.012717,0.0037689,-0.0025077,-0.5649,-5.507,-0.071971,-31.762,-0.82841,19.054,-0.42771,-16.695,0.013388,-0.012293,0.0017962,-0.99953,-0.0040811,0.0053853,-0.0026619,-0.041412,-4.5898,-2.1219,-31.575,0.32405,16.777,0.39965,-16.521
48.6,0.0091195,-0.012689,-0.0067196,-0.98858,0.005647,0.0014311,-0.0033303,-0.69224,-3.137,-0.1816,-32.191,0.83412,17.812,1.1168,-15.789,0.0090565,0.01624,0.0002227,-0.99776,-0.0006926,0.0052083,0.0014874,0.5901,-4.0661,-0.1623,-30.577,-1.0949,18.158,0.31544,-16.537
48.7,0.0013407,0.0013954,-0.023442,-1.0101,0.0045658,-0.0035125,0.0073237,0.78223,-5.0332,0.84032,-31.811,1.4732,18.092,0.41256,-17.661,-0.0093137,0.0056312,0.0071436,-0.99005,0.0010129,0.0044014,-0.010006,1.4352,-5.1822,-1.1608,-32.391,1.341,18.126,0.024173,-17.032
48.8,-0.012684,-0.0038866,0.020741,-1.0013,-0.00036314,0.0043493,-0.0018514,0.033956,-5.9756,0.015856,-31.2,-0.29593,19.459,-0.61809,-15.341,0.011651,0.004931,0.00045816,-0.99478,-0.00033136,0.0071042,-0.010166,1.6071,-4.3313,1.4908,-33.452,1.5285,18.984,-0.093929,-17.984
48.9,0.0030259,-0.01169,-0.001668,-1.0148,-0.0022407,-0.0036189,-0.00060929,0.87674,-3.6395,1.7852,-33.28,0.096155,16.983,0.77889,-17.439,-0.00033615,-0.0093188,0.00067826,-1.0149,-0.0014478,-0.0022445,0.00019271,2.7656,-3.7248,0.11669,-32.241,-2.5925,17.688,-1.4913,-15.934
49,0.00098744,-0.0064103,-0.0026989,-1.0136,0.0021925,-0.003717,-0.0019493,0.4761,-6.0607,-0.76826,-32.324,-1.3177,17.546,-0.50279,-18.283,-0.0078453,-0.017993,-0.0037864,-1.009,0.0032469,-0.0038279,0.0097249,0.83996,-1.1445,-0.41537,-31.083,-1.2927,18.702,0.2796,-17.207
49.1,0.0012447,-0.0038192,0.0024029,-0.98009,-0.0029961,0.00088075,-0.00084911,-1.274,-3.4667,-0.27287,-31.601,-1.7076,17.914,-0.56216,-15.49,0.010669,-0.0084955,0.009777,-1.0138,-8.9603e-05,-0.0058352,-0.0061267,-0.93391,-3.8107,-3.3497,-31.466,-0.60699,18.479,0.93329,-15.907
49.2,0.017777,-0.013901,-0.00061216,-1.0041,0.0028766,-0.0029518,0.0042751,1.0266,-4.0288,-0.30896,-32.681,-0.33617,17.873,1.9131,-18.208,-0.0029449,-0.0053075,0.011533,-0.98868,0.0046455,0.010785,-0.00057902,-0.87987,-4.887,-2.4769,-31.777,-0.258,19.345,1.0132,-18.211
49.3,0.010846,-0.0032042,-0.0036413,-0.98636,0.0068441,-0.00471,0.0037917,0.1458,-3.5864,0.78224,-33.232,1.4408,18.747,-0.40831,-17.515,0.0045111,0.0083134,0.0027922,-0.99043,0.011281,-0.0018685,-0.0030964,0.11171,-6.2956,-0.61322,-33.436,-1.7981,18.438,0.12086,-18.28
49.4,0.018237,-0.014358,-0.0093555,-0.99622,0.0091291,0.0013045,0.0016218,1.0493,-4.0851,1.2347,-33.239,-0.39032,19.021,-0.47124,-16.617,-0.014549,0.013668,-0.0047966,-0.9982,-0.0037646,0.0061721,0.0013106,1.2872,-5.4902,-0.99756,-32.09,0.13632,18.221,0.2581,-13.551
49.5,-0.0042732,0.00329,0.0052364,-1.0002,0.0059714,-0.0079873,0.00080317,0.88496,-3.4132,0.41123,-32.519,1.1587,19.985,-0.99389,-17.166,-0.00031662,0.015455,-0.0089776,-1.0033,-0.0021462,0.00037538,0.0024046,1.5416,-3.4373,0.88475,-32.294,-0.67076,17.575,-0.23137,-18.737
49.6,0.0025044,-0.0082955,0.00099952,-1.0002,0.001261,0.01057,0.0089149,-1.3829,-5.177,-1.3774,-31.618,-0.14959,17.353,0.27843,-16.611,-0.011881,-0.0040352,-0.0037445,-1.0001,-0.0025391,-0.010155,-2.0823e-05,-1.5536,-3.2692,0.43997,-31.322,1.1075,19.194,-0.69817,-16.034
49.7,-0.020161,-0.012701,0.013797,-1.013,-0.009478,-0.0025745,-0.0011417,1.3481,-3.323,1.6192,-31.164,1.2858,18.526,-1.5586,-17.699,-0.00364,-0.00091405,0.010692,-0.98291,0.010051,0.00066343,-0.003468,-2.5581,-3.5272,1.7221,-32.369,1.3266,19.664,1.4574,-16.188
49.8,-0.010444,0.0059648,-0.0028299,-1.01,-0.0085609,0.0028101,-0.011903,-0.21265,-4.0101,1.2171,-35.036,-1.7941,17.975,-0.60596,-15.68,-0.0015663,-0.013839,-0.028214,-0.99628,-0.00087603,-0.00021976,-0.007197,-1.6806,-3.0005,-1.7992,-32.311,0.52531,16.402,1.1154,-17.61
49.9,-0.0085159,-0.003135,0.00047829,-0.99336,0.00074901,-0.0058953,-0.0026309,0.018467,-4.9026,-1.3943,-31.772,-1.4456,17.465,-2.3918,-17.091,0.01014,0.026638,-0.0093155,-1.0113,-0.0030966,0.0015455,0.0055005,0.044471,-4.7873,0.13102,-32.166,-0.056249,17.413,-0.23798,-16.528
50,0.0062905,0.00098036,-0.005471,-1.0111,0.0012891,-0.002843,0.0029055,-1.3933,-5.053,-1.7896,-33.46,-2.0726,18.405,-0.34644,-17.441,0.00342,0.029616,0.005049,-0.99026,0.0082042,-0.0086515,-0.0012493,-1.0591,-2.9143,0.99772,-31.262,0.64656,19.609,-0.090057,-15.468
50.1,0.0016821,-0.0013987,0.0065774,-1.0044,-0.0031586,-0.0030524,-0.0027115,0.089905,-4.7605,-1.3432,-34.131,1.0778,17.565,-0.16728,-15.293,0.0054708,-0.017517,0.0077908,-0.97372,-0.0048237,-0.0050117,-0.004553,-0.20998,-4.3878,-0.5548,-32.318,0.25652,17.413,0.26535,-16.801
50.2,-0.0058182,-0.005066,0.012567,-0.99006,0.0002348,0.0054204,-0.0024268,-1.3827,-4.5211,-0.027995,-33.132,0.66494,18.766,0.70084,-15.744,0.010913,-0.0078242,0.0090469,-0.99748,-0.0036504,0.013349,0.00090015,-1.7737,-3.3494,1.3558,-32.103,0.60895,18.168,2.7818,-15.158
50.3,-0.016768,0.01311,0.010304,-0.998,0.0044535,0.00076652,-0.0023864,0.9576,-3.1642,-1.0185,-33.256,1.9284,17.156,-0.036112,-15.819,-0.0079157,-0.0061391,0.015631,-0.99507,0.0048333,-0.00054693,0.0047233,0.20471,-5.5333,0.76789,-30.361,-1.0339,17.059,0.32069,-15.867
50.4,-0.019764,0.016487,-0.0051674,-0.99784,0.0017785,-0.0015209,-0.0060739,1.5464,-5.4053,-0.088018,-31.885,-1.0755,18.932,-2.4112,-17.724,-0.0034224,-0.011034,-0.013825,-1.005,0.002235,0.0026795,-0.00072112,0.47641,-2.7141,-1.0113,-32.732,-1.9808,17.784,-0.51637,-17.089
50.5,0.0029495,-0.00033804,-0.01966,-0.97634,0.0027596,-0.0096126,0.002678,0.77372,-3.1028,-1.0492,-32.162,0.26866,19.926,0.36703,-18.038,0.0092672,-0.00056674,0.012123,-0.99391,-0.0083543,0.001447,-0.00022427,0.45411,-4.6907,0.42202,-31.441,-1.0789,16.313,-0.2469,-15.377
50.6,-0.0025528,0.013147,-0.0050387,-1.0081,0.0045929,-0.0026149,-0.0011453,-0.62689,-4.6933,-2.6125,-32.265,0.87012,17.868,0.59289,-18.81,-0.019215,0.0016581,-0.0099091,-0.98449,-0.0056263,0.0082478,-0.0012792,-0.039193,-5.1464,0.17332,-34.005,0.7356,18.225,-0.62612,-15.785
50.7,-0.0045277,-0.0030776,0.00083293,-0.99646,-0.001598,0.0077322,0.001611,0.58334,-4.2793,0.79585,-31.807,2.3064,17.333,0.34915,-16.956,0.0047612,0.0089835,-0.021737,-1.0111,0.0056561,0.0069324,-0.0089054,1.3551,-4.2452,-0.61067,-33.02,0.5248,17.774,0.45156,-16.179
50.8,-0.0020402,-0.011063,0.018975,-0.99941,0.0024784,-0.0010521,-0.0028304,0.34918,-4.5041,0.52117,-33.433,-0.91861,17.375,-0.49898,-16.824,0.0040673,-0.0099235,0.00050079,-1.0029,-0.0023784,-0.0019436,-0.011689,-0.42746,-4.8503,-0.65727,-32.121,-0.41753,16.923,-1.4083,-16.468
50.9,-0.0019881,0.016607,-0.011284,-1.0013,0.008496,0.013531,0.0021253,1.2446,-5.0944,0.64485,-32.84,-1.919,17.805,-1.6233,-16.999,-0.01383,0.0081051,0.0037392,-0.99859,0.0088236,0.0022481,-0.0015942,-0.40073,-3.9635,-0.032721,-31.461,-0.26129,19.492,-0.1663,-15.662
51,-0.002003,-1.2196e-05,-0.0020408,-0.99872,0.0032622,0.0038468,0.0020166,0.89955,-4.5022,-0.66763,-30.989,1.1784,19.089,-1.1138,-17.453,0.013486,0.0079686,-0.0099427,-1.0048,0.00015363,0.0038791,0.0052439,-0.697,-2.3659,-0.29677,-31.538,0.55049,16.869,-0.24988,-16.905
51.1,0.0055581,-0.011546,-0.0060421,-0.98579,-0.0027344,-0.012087,0.0023256,1.1595,-3.8198,2.5094,-32.666,2.3446,17.455,1.7117,-16.747,-0.0047618,0.013347,0.0078291,-0.98655,-0.0021011,-0.00057161,-0.003622,-0.5993,-5.3571,-0.44553,-31.655,0.1437,17.135,2.2143,-15.784
51.2,-0.0045789,0.015029,-0.011927,-0.9886,0.0096171,0.0079705,0.010145,-0.98958,-4.0405,-0.43773,-32.475,0.95756,17.976,-0.060834,-16.501,0.021247,-0.01842,0.0060515,-1.0092,-0.0041134,0.010848,-0.0048504,-0.45963,-5.1942,-0.77527,-33.076,0.1405,19.304,0.83855,-17.475
51.3,0.008074,0.02315,0.001802,-1.0185,0.0030331,0.00057187,0.007748,-1.2898,-4.0362,0.26823,-33.148,2.4975,18.329,0.65522,-16.099,0.020892,0.0045937,-0.0038907,-0.98954,-0.0038866,0.0059258,0.00080596,1.1827,-2.4056,0.074353,-33.481,-0.73239,15.981,-1.0657,-16
51.4,0.010864,0.014866,-0.0013256,-1.0065,0.010773,-0.0078578,-0.0032419,-0.13104,-3.8139,-1.2702,-34.165,-0.26697,18.255,0.10724,-17.207,0.013209,-0.025832,-0.0035355,-1.0026,0.0028941,-0.013149,-0.00060683,-0.67954,-2.2369,0.45638,-31.496,0.88874,15.089,-1.0543,-17.194
51.5,0.0086011,-0.00094408,-0.012428,-1.0008,-0.0029334,6.182e-05,0.0013663,0.21449,-5.508,-0.94988,-33.16,-1.2379,19.135,0.223,-17.849,0.0053235,0.0086287,0.013663,-0.99626,0.0015544,0.0016706,0.0038381,-0.75912,-3.5346,-1.5924,-33.207,-0.23129,18.004,-1.0979,-16.678
51.6,-0.01496,-0.0039363,0.0078194,-1.0075,0.0027029,0.0039296,0.0019634,-0.050067,-4.3966,1.8068,-31.851,-0.35492,18.025,-0.0060376,-17.581,-0.019093,0.0069847,-0.001102,-0.99833,-0.0023034,0.00097404,-0.010257,0.16569,-3.3696,1.5293,-33.011,-2.1188,18.608,-0.59653,-15.084
51.7,0.011605,-0.0099192,0.00883,-1.0012,0.0044625,0.0044585,0.0023895,-0.23234,-3.8465,0.11866,-33.639,0.9585,16.33,-0.97804,-17.201,0.0043532,-0.001489,0.0037933,-1.0017,-0.0012808,0.0056525,0.005057,-0.73401,-6.7168,-0.75537,-33.803,0.57046,16.482,0.73988,-16.729
51.8,0.0066039,-0.0039693,0.010992,-0.98448,-0.0061107,0.001295,0.0067781,-0.044542,-4.7857,0.67694,-32.035,4.4143,18.636,-0.29961,-16.095,-0.0093177,-0.01118,-0.011036,-0.99042,0.00093396,0.00034044,0.0037153,1.5095,-2.749,-0.33469,-32.302,1.1081,18.117,0.34644,-14.322
51.9,0.011357,-0.0029916,0.0073631,-1.0223,0.0057121,0.0066955,-0.00061177,-1.1188,-2.3891,-1.8034,-31.598,1.175,18.884,1.4817,-14.875,-0.017757,-0.0040733,-0.014958,-1.0017,-0.00013851,0.0044207,0.005639,-2.1331,-2.7904,0.65599,-32.33,0.25712,17.47,-0.50336,-17.816
52,-0.0019899,-0.0078275,-0.0029834,-0.99116,0.00057059,0.0032086,-0.0041209,1.3428,-1.5371,-0.12645,-32.61,-0.055059,20.052,0.1069,-16.54,-0.003723,-0.025427,-0.0066652,-0.9932,-0.0021647,0.0031824,-0.0010077,-1.6546,-4.793,-0.31506,-32.563,0.69502,17.644,2.117,-16.136
52.1,0.0083071,-0.00076681,-0.0052605,-0.98869,-0.0062019,0.00025289,-0.012129,1.7325,-6.4078,0.38825,-34.777,-1.0442,20.487,-2.7623,-18.041,-0.0024817,0.003231,0.0069385,-1.002,0.010941,-0.0068926,-0.0048278,0.44161,-5.9847,-0.25236,-32.214,0.0063914,16.821,-1.8274,-16.241
52.2,0.0045583,0.00070279,-0.0044849,-0.99726,-0.0063561,0.0023191,0.0044757,-0.52379,-4.0077,1.3822,-32.089,0.54855,19.744,1.0589,-16.275,0.01377,-0.0053013,0.0020951,-0.99546,-0.0024873,0.0016601,-0.0010545,0.34496,-4.8067,0.2346,-33.523,0.14889,17.097,-0.84133,-15.237
52.3,0.0082995,0.013034,0.0098297,-1.0177,-0.0029734,0.0014024,0.0060133,-0.063858,-6.4676,-1.6417,-32.097,0.82534,19.622,-0.38135,-16.442,-0.0062985,0.0025408,-0.0012073,-1.0078,-0.0069324,0.0061839,0.0042521,0.01558,-2.2395,-1.7267,-32.117,-0.37301,18.333,-1.17,-15.49
52.4,0.00086353,0.0092739,0.019656,-0.99092,0.0099861,0.0037372,0.0035991,0.3799,-5.5182,-1.5765,-32.494,-0.54287,21.493,1.0405,-17.254,-0.01814,-0.017705,-0.0027024,-0.99697,-0.0033239,-0.013561,0.0036893,-1.3058,-3.3138,-1.2153,-31.92,-0.85519,18.672,2.726,-14.495
52.5,-0.011228,-0.0026014,-0.01456,-0.98315,-0.0043399,-0.0014285,0.0091507,-0.082982,-4.9835,1.382,-33.131,0.51725,17.468,-0.6549,-17.551,0.0027357,0.0063503,0.00016126,-1.0081,-0.0012183,0.00030122,-0.003957,-0.64676,-3.3853,-1.9119,-32.557,0.027935,18.007,0.2948,-14.323
52.6,-0.0051485,0.0024559,-0.0081957,-1.0058,-0.0025701,-0.0020264,-0.0019997,0.9964,-5.9323,-1.077,-33.377,-1.1228,17.155,-0.27493,-16.397,-0.0026367,-0.0029707,-0.011426,-0.99138,0.0018144,0.0067629,-0.00066008,0.88114,-2.607,0.30383,-33.097,0.69263,18.265,-0.88094,-16.389
52.7,-0.0030814,-0.011917,-0.001409,-0.98631,0.0037285,-6.054e-05,0.0086757,-0.36167,-3.7121,0.11733,-33.122,-1.5116,17.787,-0.14145,-16.827,0.01211,-0.016365,-0.0091222,-0.99588,0.0053219,0.0022164,0.00094431,-0.86303,-3.4117,-2.5551,-33.915,-0.31367,17.927,-2.2122,-14.886
52.8,0.0070521,0.0093743,-0.025931,-1.0053,-0.0054891,0.00082858,-0.0046781,-0.90369,-3.5499,-0.93483,-33.899,1.0159,19.117,-0.33832,-17.284,-0.0053776,0.014727,0.025049,-0.99645,-0.0049363,0.0030411,-0.0064177,0.22165,-3.4195,0.49593,-32.367,1.019,17.807,-2.0949,-16.412
52.9,0.0015593,-0.0050189,0.0046262,-1.0076,0.0059967,0.0089863,0.0020048,-1.5998,-5.0248,-0.65473,-33.15,0.80938,18.987,0.43104,-15.404,0.0040044,-0.003349,-0.0030987,-0.99622,0.0081903,0.0014291,-0.003396,-1.2749,-5.1807,0.99623,-33.072,0.17766,18.834,-0.69571,-16.628
53,-0.0026949,-0.010885,0.0076838,-0.99373,-0.0021777,-0.00040908,0.0046543,1.0423,-5.0338,-0.17216,-32.819,-0.96993,19.716,-0.31212,-16.401,0.0019296,0.024884,0.0050628,-1.0128,0.0048969,0.0018535,0.0018533,-1.9636,-3.5069,0.6789,-32.698,2.0797,18.339,0.23516,-14.905
53.1,-0.0067925,0.0049911,-0.0048501,-1.0222,-0.00082254,0.0036859,0.0031,0.99533,-5.4526,0.15105,-34.312,-1.309,17.072,-1.1108,-18.34,0.01517,-0.0041887,0.014753,-0.99735,-0.0053245,0.0060111,0.0036036,-0.20963,-5.3224,1.5759,-32.98,-1.271,18.682,-1.0737,-15.527
53.2,0.0020137,0.012628,0.0087779,-1.0081,-7.294e-05,0.00038293,-0.0022266,-0.91416,-3.344,0.45601,-33.375,-0.62658,17.981,-0.5236,-18.528,0.01428,-0.0044912,0.0011793,-1.0182,0.00072324,0.0070985,-0.0066482,2.5408,-2.2416,2.1584,-34.33,-0.015821,16.409,-0.64283,-16.073
53.3,-0.0047937,-0.0049598,-0.0094614,-1.0063,0.0039957,0.0043829,-0.0055613,0.89698,-3.9407,-2.2719,-34.227,0.23915,18.573,0.073946,-16.296,-0.0094157,0.0027456,-0.014883,-0.99118,-0.0051741,0.0059962,0.0038104,1.309,-5.202,-0.21488,-31.477,-0.1997,16.918,0.073854,-16.194
53.4,0.0045745,-0.0066892,-0.0093567,-0.98555,-0.0099552,0.0081638,-0.0062666,-0.22616,-3.712,-0.53368,-34.86,0.20545,20.119,-1.6191,-16.35,-0.0040954,0.019487,0.0098939,-0.98058,0.0051856,0.004266,0.0045293,0.39804,-4.4058,-1.3301,-34.339,-1.5527,16.88,-0.1469,-16.548
53.5,0.012713,-0.0057001,-0.0064268,-0.98355,0.0019946,-0.00013383,-0.0078732,-1.3968,-3.2273,-0.31402,-34.466,-0.65858,19.244,-1.9348,-16.834,0.0012486,-0.012674,-0.011258,-1.0006,0.0015523,0.0064589,-0.0070692,-0.74991,-3.1443,-1.6765,-32.072,-0.4398,19.282,1.5131,-17.736
53.6,-0.0076667,-0.0016704,-0.0018102,-0.9934,0.0057134,0.0010158,-0.0050071,0.80814,-3.8868,-0.83731,-34.33,-0.34023,19.217,-0.98034,-16.067,-0.017755,-0.0010515,-0.013792,-1.0107,-0.007101,0.0008331,-0.0065114,-0.053392,-4.6582,-0.99885,-32.454,-0.58754,18.897,0.60815,-16.435
53.7,-0.00032872,-0.0061134,0.0069945,-1.0106,-0.0034526,0.0016126,0.0087802,-0.2588,-5.0873,-2.2198,-34.146,-0.28933,17.111,0.14352,-17.354,0.00094378,-0.0058446,0.0072133,-0.9809,-0.005357,-0.000171,0.0016258,-0.92034,-3.127,1.3911,-33.774,1.3162,17.281,0.47622,-15.249
53.8,-0.0096576,-0.0040934,0.02451,-0.99253,-0.001056,-0.00040443,0.0010989,-1.0592,-3.4549,-0.78878,-30.577,-0.68409,17.794,2.8193,-15.047,-0.014206,-0.0082181,0.0075268,-0.98448,0.0040026,-0.0074774,0.0042984,0.092487,-3.8669,-1.512,-33.626,0.78742,17.687,0.77507,-16.381
53.9,0.018853,0.022632,0.008214,-1.0024,0.0054585,0.0036077,-0.0020886,-0.46958,-4.453,-0.049195,-33.25,2.5525,17.751,0.22335,-15.851,-0.012007,0.027263,0.026596,-1.0123,0.0018075,0.008345,-0.00057568,-0.80461,-3.8696,-1.0767,-34.166,-0.46109,18.524,1.1759,-15.474
54,-0.0028712,-0.009148,-0.0076032,-0.9991,-0.0056559,0.00015626,-0.001803,1.3003,-4.2667,1.0992,-36.184,-0.72539,17.245,0.28078,-16.29,-0.005248,0.0020955,0.010973,-0.99372,-0.004969,0.0018695,-0.0021126,-0.75645,-4.5752,0.83639,-33.716,0.016388,17.527,-0.83809,-16.074
54.1,0.022471,0.015376,0.014249,-1.0006,0.010916,0.00065736,0.00062177,0.06753,-4.2499,0.063223,-34.608,-0.31652,18.196,-0.46757,-17.317,-0.00051574,-0.0028144,-0.0060037,-1.0063,-0.00072662,-0.0022232,0.00074897,0.71575,-5.6057,-0.16976,-34.07,0.60513,19.205,-1.1655,-17.655
54.2,-0.0044629,-0.00072526,-0.0005316,-0.99082,-0.0013205,0.0067898,-0.0034049,-0.92423,-3.1701,-0.36158,-31.033,-1.3498,18.618,1.8181,-15.645,-0.013536,-0.016213,-0.0021556,-1.002,0.0042333,0.0040745,0.00059105,-0.86294,-3.5975,-0.71305,-32.531,1.3179,19.597,0.92107,-14.748
54.3,0.0080276,0.00081589,0.014614,-0.99928,0.0072896,0.0067003,0.0066941,-2.8961,-4.0882,0.56062,-34.537,-0.45638,19.664,0.23747,-16.311,0.004395,-0.0047684,0.0062815,-1,0.0051234,-0.0092116,-0.0075256,-0.23597,-4.0584,-2.6244,-33.692,-0.59046,17.994,-1.9304,-15.467
54.4,0.0018179,-0.00090556,0.012236,-0.99907,0.00036017,-0.0015838,-0.0066927,2.7318,-4.4634,1.8866,-34.674,-0.34311,17.347,1.4971,-15.788,0.0048703,0.0056441,-0.0074583,-0.99856,-0.0045858,-0.0056079,0.00014164,0.050941,-3.7412,1.3612,-33.332,-1.0202,19.163,-0.24449,-15.148
54.5,-0.010531,-0.011646,0.0016491,-0.99178,0.00023755,0.0027651,0.0015425,1.2811,-4.2532,0.42578,-31.178,-0.61434,16.826,-0.85442,-17.391,-0.01287,0.016838,-0.015228,-1.006,0.0042364,-0.0081278,-0.0065028,-0.56963,-3.3443,1.2655,-33.331,0.0041761,18.221,-1.22,-15.122
54.6,0.0076391,0.00042759,-0.0074791,-0.99161,0.005478,-0.0029652,0.013364,0.70165,-4.4641,-0.23527,-34.053,-1.7197,17.296,-2.0698,-15.959,0.0010348,0.0099556,0.0094443,-0.98697,-0.00543,0.0021912,-0.0050652,1.3753,-2.8519,-0.01368,-33.851,-0.86951,19.178,-2.6657,-15.088
54.7,0.006889,-0.010298,-0.0043215,-1.0069,0.0063275,-0.0082494,-0.0092033,0.37982,-2.5109,0.61681,-32.641,-0.42572,18.135,1.9997,-17.795,0.0051077,-0.0043823,-0.013595,-0.99586,-0.0012537,0.0039233,0.0044214,-1.9463,-1.2114,-0.71672,-32.577,-0.66531,18.528,0.17173,-15.47
54.8,0.00018433,0.0081671,-0.012922,-0.98967,0.0032845,-0.00017751,-0.0097156,-1.8742,-2.648,-2.2768,-32.75,0.51506,17.002,-1.2596,-16.546,-0.013483,-0.0053751,-0.015443,-1.0075,0.0038494,0.00037066,-0.0041707,-1.8909,-2.6224,-1.5973,-33.518,1.442,17.277,0.81237,-15.913
54.9,-0.020199,-0.0022495,0.014553,-1.0034,0.0080529,-0.0015147,0.0030734,-0.039284,-4.4889,-1.5678,-34.401,0.16999,17.274,1.3169,-15.212,0.0055684,0.0073383,0.0076783,-1.0063,-0.0093894,-0.0012627,-0.00061107,-1.0253,-4.287,-2.1032,-34.13,1.5657,18.004,2.3086,-14.618
55,-0.0051164,0.0034721,-0.0030786,-0.99942,0.010846,-0.0011562,-0.0097985,-0.97022,-4.0507,0.50873,-33.552,-1.1834,17.618,-1.4776,-14.368,-0.01439,0.0089243,0.0052626,-1.0009,-0.0018409,0.006019,0.0022297,0.78602,-2.2378,-1.6614,-35.166,0.49545,18.429,-1.2427,-15.11
55.1,0.0070657,-0.0066057,0.011473,-1.0024,-0.01624,-0.011193,0.0012093,1.2735,-5.1593,0.78264,-35.077,-1.5494,18.97,-0.11028,-15.607,0.010691,-0.00088678,0.0089704,-1.0028,0.0069557,-0.0016432,0.0062368,1.5361,-2.252,1.3707,-33.593,-0.52492,17.862,-0.99917,-17.049
55.2,-0.00017956,-0.0064139,-0.01007,-0.99709,-0.00241,-0.0017012,-0.00026958,1.578,-3.1871,2.6083,-32.562,0.21888,18.313,-0.43682,-16.122,-0.015742,-0.0039371,0.0015028,-0.99969,0.0032337,0.0043833,-0.0061796,1.2183,-3.2089,0.61289,-32.985,1.6011,16.609,0.49676,-18.506
55.3,-0.019287,-0.0047167,-0.008392,-1.0105,-0.0019212,-0.0094601,0.0015043,-0.84037,-2.3998,0.1197,-32.964,1.4742,18.21,-2.1208,-17.962,0.0059899,-0.0074443,-0.015876,-0.99026,-0.0015412,-0.0041866,0.0072472,-0.67428,-2.8244,-0.82765,-32.45,0.51414,19.06,0.72848,-16.508
55.4,-0.0020156,0.030805,-0.021322,-1.0068,0.0030949,0.010768,0.00058541,0.99437,-2.8654,-0.96574,-34.544,1.6449,20.758,0.66773,-14.684,-0.015836,0.00010068,0.011675,-1.0047,0.0040691,-0.0022861,0.010575,0.57903,-3.0599,-0.10179,-33.531,-0.43133,19.029,0.88683,-15.536
55.5,-0.0016836,-0.003701,-0.0039583,-0.99845,0.0025912,-0.00027188,-0.0028987,-1.9785,-2.8459,0.19254,-34.174,1.4301,19.305,1.5534,-16.384,-0.01408,0.0062735,0.0093742,-1.0028,-4.1305e-05,-0.0049438,-0.0020595,-1.4984,-4.5609,-0.53609,-35.254,-0.49842,18.567,-0.43137,-16.429
55.6,-0.0057524,0.009965,-0.017756,-1.0009,0.0029601,-0.0075342,-0.0073954,2.5407,-3.2512,-0.36636,-35.127,0.060825,18.57,0.70088,-14.98,-0.0050918,0.00033167,0.0024575,-0.98972,-0.00023565,0.0032029,-0.00040128,0.54949,-5.0385,-0.10973,-36.812,-0.50644,20.527,-0.84614,-15.355
55.7,0.0062847,0.01219,0.014361,-0.99211,0.0025582,0.0013714,-1.5528e-05,1.7211,-2.9697,-0.84307,-34.961,-0.9764,18.196,-0.86495,-18.165,-0.0038476,0.0099693,0.015531,-1.0045,0.0018319,-0.0011588,-0.0044477,1.9126,-4.3879,2.2364,-32.681,-1.3996,20.224,0.34035,-16.245
55.8,-0.0099389,0.013938,0.019626,-0.9842,-0.00097999,0.002567,0.0043885,-1.0337,-3.016,-2.1639,-33.578,1.1841,18.516,-0.79847,-16.209,-0.0059288,0.011986,-0.0021966,-1.0028,-0.00043249,0.0019851,-0.0079456,0.31569,-3.3169,-0.91513,-33.731,0.43427,17.448,0.48789,-16.587
55.9,-0.0038866,-0.0049889,0.0026819,-1.0161,-0.0044334,-0.0059872,-0.0021861,1.1425,-3.6167,-1.3324,-33.654,-1.2342,15.137,-0.62945,-16.891,0.0060666,-0.0040919,0.0042868,-1.0165,-0.0019557,0.0014126,0.0011041,0.14799,-5.5749,-0.75984,-36.064,1.0074,19.623,-0.071943,-16.549
56,0.0023776,0.013997,0.0029591,-1.0061,-0.0042584,0.0010819,0.0039201,-0.80093,-4.6993,-1.8226,-36.167,1.1111,20.529,0.10023,-15.754,-0.013072,0.0098864,0.013382,-1.0023,-0.012149,0.0012695,1.4195e-05,-1.1416,-3.6633,-0.42431,-34.115,0.28468,18.619,-0.89133,-15.511
56.1,-0.0064856,0.020597,0.0092134,-1.0051,0.001061,0.0029323,-0.0041661,-0.81328,-4.024,-1.8558,-35.597,0.54602,19.802,0.68805,-16.717,0.013586,-0.0066898,0.020279,-1.0164,0.0032854,0.0029272,0.00061834,1.1784,-1.3079,-1.8201,-34.74,2.5379,20.62,-0.20272,-15.868
56.2,-0.00687,-0.0092881,0.010602,-0.99947,-0.0029549,-0.013517,-0.0064199,-0.32928,-3.494,1.9391,-36.07,0.62527,19.257,-0.88356,-14.203,0.0033404,-0.013189,0.0079698,-1.0037,-0.0045426,-0.0061508,-0.0037991,-1.2312,-6.3813,1.7801,-33.775,-0.84314,18.776,0.073216,-15.808
56.3,-0.0075609,0.0044888,-0.009246,-0.98732,0.0007817,0.0010816,0.0012925,0.13223,-4.1076,0.38797,-36.187,0.048882,20.012,-0.62671,-16.245,-0.007218,-0.00025238,-0.013337,-0.99349,-0.0017728,0.0049004,0.0013803,-0.32456,-1.5741,-0.044732,-35.795,-0.79062,18.709,-0.057599,-16.11
56.4,0.0087076,0.0089707,0.0089677,-1.0085,0.0032665,0.0063771,0.0062062,1.1927,-3.066,-0.44342,-33.971,-0.9464,19.926,-1.2931,-15.464,0.0053856,-0.011059,0.00057302,-0.9884,0.0040785,-0.0030196,-0.0025253,-0.85954,-3.3496,0.20348,-33.399,-0.5594,17.748,-0.76119,-16.425
56.5,-0.0033855,-0.0038321,0.014881,-1.011,0.0062555,-0.0063732,0.0040871,-1.3534,-2.2138,-2.8504,-35.61,-0.46721,18.705,0.98528,-17.987,0.0022305,0.00085812,-0.013958,-0.98357,0.0050105,-0.00059285,2.2395e-05,-1.8395,-1.3944,1.8409,-34.132,-0.024025,18.265,-0.56127,-18.646
56.6,0.0025755,-0.0044209,-0.020896,-0.99756,0.0064995,0.0025982,-0.0034618,-1.0133,-5.734,-0.23437,-36.97,0.054974,18.628,1.0497,-18.608,-0.009168,0.0072698,-0.0012876,-1.0119,0.0021477,0.0018319,0.0031827,0.19841,-0.74964,-1.0643,-32.699,0.32004,19.11,-0.08595,-18.346
56.7,0.016574,7.1253e-05,0.0090152,-0.98384,0.002854,0.0043206,0.0057735,0.10309,-4.2775,-0.34467,-35.726,0.68402,18.394,0.92468,-13.675,-0.013883,-0.0051667,-0.0086635,-1.0007,0.0043692,-0.002547,-0.006909,-1.0732,-4.5168,-1.6199,-34.775,1.224,19.374,1.0321,-15.989
56.8,-0.0022562,-0.021983,0.0077496,-1.0019,0.01214,-0.0022387,-0.0016299,1.3212,-1.3041,0.50705,-35.228,-0.61253,19.601,1.821,-16.871,-0.018001,-0.0021736,0.00596,-1.0022,0.0026847,-0.0047166,0.0012828,-0.46228,-3.1476,0.39224,-35.342,1.2865,18.083,-0.59342,-14.067
56.9,0.008731,0.011146,-0.0087975,-1.0036,-0.005409,-0.001798,0.0033284,1.9514,-1.8228,-0.18627,-36.247,-1.6667,18.792,-0.82623,-16.365,0.014714,0.0010712,0.010612,-1.0052,0.002351,-0.0018271,0.0021357,-0.57174,-2.5966,-0.83909,-36.065,-1.0337,20.753,-2.0407,-16.434
57,0.0079359,0.0090753,-0.025799,-1.0072,0.0015385,-0.010868,0.0015432,-1.3932,-2.9488,-0.40903,-35.311,-0.22248,18.851,-0.11228,-16.093,-0.018352,-0.00027287,-0.011767,-0.99022,-0.00098173,-0.0023448,-0.007478,0.10751,-2.1594,0.84785,-34.787,-0.93643,18.044,0.54293,-16.146
57.1,0.001287,0.025692,-0.0074485,-0.98895,-0.0089136,0.011624,0.0050274,-2.4246,-3.1495,1.2293,-35.327,1.3914,18.942,2.0095,-15.536,-0.011882,0.009416,-0.0062799,-0.99727,0.0019407,-0.00023307,-0.0031118,-2.1218,-5.1034,-2.4384,-35.39,0.27066,18.711,-1.0035,-16.565
57.2,0.022439,-0.0052146,-0.00019341,-1.0075,0.001743,0.0035881,-0.0073199,-1.5093,-6.3884,0.060835,-34.036,0.38293,18.285,0.33179,-16.091,0.0055498,0.014687,0.0022695,-1.0014,-0.0015219,0.0048433,0.0041325,0.71645,-4.3513,-1.4857,-32.305,1.5394,18.186,-0.55221,-16.251
57.3,0.0071187,0.0054896,0.0010238,-0.99379,0.0074559,-0.0058452,0.0027043,-0.77592,-5.021,1.0712,-36.602,0.71905,18.807,1.1439,-14.97,0.0038563,0.01916,0.0049029,-0.98915,0.0020125,0.0049577,-0.0036447,1.0404,-3.2531,-0.71694,-35.802,-0.3299,19.094,-0.15229,-16.498
57.4,0.00021755,-0.011109,-0.0039401,-0.99085,0.0016237,0.0071837,-0.0068666,0.95552,-3.3303,-0.56246,-35.296,-0.64217,17.663,1.1794,-15.909,0.0089002,0.017243,-0.0051193,-1.0021,0.0056339,0.0024326,-0.010928,-1.3368,-3.5996,0.65777,-33.166,-0.75462,19.266,-0.62515,-16.632
57.5,0.0059844,-0.0013256,0.0053126,-1.0016,-0.0041025,-0.00379,0.011054,-0.81595,-2.5296,-0.0053236,-34.678,-0.13956,19.624,-1.5141,-17.155,-0.0060491,0.0011973,-0.025013,-1.0057,0.0021712,-0.0014425,0.0040123,0.91766,-3.3103,-0.092349,-35.016,0.36911,17.267,1.3207,-16.603
57.6,-0.015854,-0.010576,0.012618,-0.9907,0.013956,-0.0070542,-0.00055445,-1.0585,-4.9848,-1.5415,-36.973,1.7763,17.687,0.54248,-16.77,0.0095189,0.0037144,0.010954,-0.99928,-0.00015234,0.0028112,0.0033856,0.3649,-2.4065,-0.76754,-34.925,0.25959,18.488,1.615,-16.003
57.7,0.0039294,0.0096531,-0.010305,-0.99868,-0.0026845,-3.7108e-06,0.000244,-2.0788,-3.247,0.90081,-37.435,1.5911,18.967,0.72426,-17.333,0.0070013,0.0089826,0.0083298,-0.99874,0.010126,0.00025227,0.00070471,-0.03789,-3.5458,-3.2138,-35.083,1.1439,17.305,1.9556,-16.656
57.8,0.007283,0.00023193,0.0095808,-1.0127,0.0025456,0.0042406,-0.0018516,-0.10716,-4.0754,0.10082,-35.428,-0.98261,21.588,0.14935,-16.154,-0.0025424,-0.0044066,-0.026471,-0.98979,-0.0027,0.0023574,0.0068535,0.93218,-3.9417,1.1556,-34.101,-0.3109,19.081,-1.3076,-15.157
57.9,0.00057444,-0.019729,0.016248,-0.9957,-0.0021756,0.00031325,0.0043534,0.71618,-4.0146,1.0536,-33.545,1.0687,20.609,-2.1362,-16.809,-0.0079157,-0.011649,0.0053299,-1.0071,0.01233,-0.00054582,0.010327,-0.40529,-3.2364,-0.2106,-34.563,-2.4963,19.474,0.2887,-16.919
58,0.0010017,0.0036371,-5.8073e-06,-0.99788,0.0014764,-0.003012,0.0044666,-1.1562,-3.2096,0.41989,-34.279,-1.3763,18.178,0.10399,-16.779,-0.0075478,0.018822,-0.0034323,-1.0061,0.009442,-0.0036387,-0.0030346,-0.73287,-2.9747,-1.1331,-35.734,-2.0133,16.733,-1.1796,-16.479
58.1,0.025621,0.0054236,-0.0065452,-1.0221,-0.001045,-0.0081198,0.0066058,-0.88117,-4.753,0.26818,-36.393,-0.6743,19.432,0.2214,-14.559,0.014905,-0.0010247,0.0017585,-1.0088,0.0027183,-0.0037169,-0.0040677,-0.84325,-6.0714,-0.97279,-33.965,1.4408,17.634,0.45139,-16.216
58.2,0.0020574,-0.0011851,0.0025085,-1.0084,0.0008448,-0.0011384,0.0029449,-0.37931,-3.9807,-0.46892,-34.415,0.65588,18.767,0.70205,-16.133,-0.0061004,0.0022839,-0.012156,-1.0078,0.0043641,-0.0026939,-0.0046019,-1.5675,-3.7105,-1.4617,-34.218,0.068989,18.361,-0.80277,-16.217
58.3,0.0013136,0.0016389,-0.016126,-0.98545,-0.0084906,-0.0065803,0.0005089,1.7299,-3.261,-2.0348,-34.807,1.2765,18.493,2.0376,-16.387,0.0033956,0.00021747,-0.003288,-0.98797,0.00021792,0.0082743,0.0031967,2.0405,-4.06,0.19579,-35.849,-1.541,19.428,1.1243,-15.723
58.4,-0.00024939,-0.01571,-0.032171,-0.99428,0.010748,-0.0041305,-0.0046823,0.56623,-2.914,-0.26198,-34.482,0.30685,20.763,0.23363,-15.617,-0.0080349,-0.0014845,-0.011015,-1.0151,-0.005116,-0.003308,-0.0031272,1.7304,-3.7436,1.0609,-34.356,-1.1319,21.424,2.2841,-15.369
58.5,-0.015144,-0.00062293,-0.012418,-1.0122,-0.0024039,0.0045871,-0.0041527,0.53919,-4.254,-0.096028,-34.629,0.026802,19.77,-1.1063,-15.253,0.018255,-0.00073342,0.0028977,-0.98965,-0.0066023,-0.008822,0.0017135,-0.90965,-3.0453,1.744,-35.117,-2.1938,17.738,-0.95812,-18.799
58.6,0.0061747,-0.014138,-0.0010095,-0.99046,0.00071682,-0.00014321,0.0052453,0.55238,-3.3396,-0.35571,-35.956,-1.1453,18.018,-0.38225,-16.195,-0.0075438,0.0099083,-0.0056209,-1.0048,0.0025903,-0.001666,0.0041834,-1.3618,-3.9753,-0.25914,-34.71,1.5825,18.008,-0.010453,-15.524
58.7,-0.0072589,0.014602,0.0029005,-1.0097,0.0062968,0.0040735,-0.0037759,-0.55432,-4.4001,0.73158,-35.274,-1.3674,17.788,1.8009,-15.996,0.007304,-0.0048265,-0.0062768,-1.0042,0.0028229,0.0078389,-0.0048907,0.76357,-2.4626,-0.47684,-35.658,-0.6164,16.427,-0.18818,-16.639
58.8,-0.0013151,-0.0045012,0.010817,-0.99029,0.0044276,-0.0086949,-0.0072808,0.98978,-1.9222,-1.4826,-35.306,1.3648,19.087,0.39035,-16.14,0.0086541,0.0056373,0.011234,-0.98946,0.0039465,-0.0076998,-0.0030612,-1.0104,-1.412,-0.40519,-34.063,1.5841,17.608,0.49415,-16.135
58.9,-0.007076,-0.024121,0.0082766,-0.98524,0.00096899,0.0037294,-0.0019418,-0.36858,-3.5308,2.075,-35.567,-1.6853,19.197,0.085564,-16.289,-0.00047969,-0.0013167,0.0039014,-1.0019,0.00047826,-0.0078614,0.0012372,0.4389,-1.4528,0.59515,-35.754,-1.4457,20.189,-0.24485,-14.383
59,0.017047,-0.00071125,-0.0073311,-0.99517,0.0055807,-0.00031327,-0.0053529,-0.23754,-2.5408,2.0164,-35.262,-1.1362,20.046,0.072983,-15.689,-0.016741,-0.011447,0.0034858,-0.98642,0.0029057,0.0030164,-0.0013925,-0.1838,-3.1285,0.47642,-35.406,0.32054,17.136,1.4351,-15.984
59.1,0.010978,-0.017978,-0.0022985,-1.0001,-0.0040432,0.011103,0.011307,-1.1833,-2.5143,-1.4405,-36.017,2.2632,21.119,-1.3759,-17.519,-0.0068028,-0.013916,-0.00090323,-0.98816,0.0033903,0.0041909,-0.002768,-0.65036,-2.7818,0.054994,-36.078,1.0059,18.538,1.7402,-15.891
59.2,0.0017708,-0.0002205,-0.0093591,-1.0055,0.001467,0.0052669,0.0033031,0.89614,-2.9519,-3.1931,-35.666,0.77467,19.335,-0.027913,-15.705,-0.0014398,0.0069715,0.0061018,-1.0039,-0.010672,-0.007392,0.0041978,0.85022,-3.9169,0.3506,-36.047,-0.7564,17.849,2.671,-15.513
59.3,0.001851,0.0032686,-0.0095291,-0.98829,0.0026427,0.0078238,-0.00086139,-1.1227,-3.9615,-1.2982,-37.425,0.010345,19.426,0.083064,-15.824,-0.01875,-0.0059833,-0.013072,-1.0001,0.00042045,0.0054681,0.00266,0.015576,-3.2635,-0.50227,-35.404,-0.40597,18.363,1.2605,-14.767
59.4,0.0017559,-0.0037287,0.0051766,-0.98622,-0.0079427,0.0041015,-0.0047885,1.5829,-3.3047,0.75025,-35.204,-0.43135,18.638,1.9792,-16.116,0.019221,0.0020618,0.005882,-1.0008,0.0096742,5.7897e-05,-0.0058639,0.33774,-3.4875,0.83145,-36.526,-1.4376,18.261,-0.091713,-17.256
59.5,-0.0020774,0.0060758,0.00035723,-1.0058,-0.0004121,0.0025372,0.005592,1.3355,-2.6947,-0.16016,-36.372,-1.2408,18.357,-0.72928,-16.354,-0.021472,0.012897,-0.0085252,-0.99127,-0.0017665,-0.0078988,0.0021711,-0.5928,-1.8217,-0.50609,-35.018,1.9138,18.876,-1.2468,-18.119
59.6,-0.0026725,0.010452,0.0035267,-1.0059,-0.012173,0.013518,-0.00051172,-1.1867,-4.0054,1.0868,-34.161,0.37797,18.82,-1.0252,-17.721,-0.023627,-0.013599,0.02022,-0.9965,0.00060653,0.009457,-0.0016877,-2.0124,-1.8783,-1.6403,-34.444,1.0667,20.764,0.64566,-15.777
59.7,0.00036239,0.012836,0.0058235,-0.99507,0.00012073,0.0058986,0.0073175,-1.3895,-2.782,-1.4359,-37.324,0.37439,18.206,-0.72415,-16.811,-0.018996,-0.0052439,-0.018703,-0.99381,0.001311,-0.010941,-0.0018197,-1.2959,-3.8743,-1.053,-36.807,2.205,16.49,-0.11061,-16.769
59.8,-0.0027721,0.019917,0.015113,-0.98471,-0.0022835,-0.0063116,0.0054577,-2.257,-4.2879,-1.7101,-36.001,1.4765,18.368,-1.4389,-17.025,0.014645,-0.00022176,0.013462,-1.009,-0.0053083,-0.0072289,-0.0022664,1.3064,-5.0281,-0.37072,-34.591,-0.28922,19.011,-0.94312,-15.531
59.9,-0.0036121,-0.0038325,0.0082657,-1.006,0.0063925,-0.0013097,0.003148,-1.315,-3.9321,-1.7136,-36.635,0.22197,17.933,0.54382,-17.694,-0.021059,-0.00097948,-0.0038015,-0.99254,0.0049338,-0.001885,0.0052014,0.92611,-1.2731,1.2565,-36.468,0.11011,17.782,0.20951,-15.018
60,-0.0041701,-0.011079,-0.0013491,-0.98284,-0.0017112,-0.0048221,0.0010455,0.025669,-3.7386,0.16203,-36.252,0.46515,17.932,0.42304,-17.358,0.0072669,0.01915,-0.0010719,-0.98794,0.0027686,0.0026502,-0.00032845,0.2461,-2.5925,0.27404,-37.217,-0.1033,17.121,0.52222,-16.075
