time,q1_healthy,q2_healthy,q3_healthy,q4_healthy,omega1_healthy,omega2_healthy,omega3_healthy,wheel1_i_healthy,wheel1_w_healthy,wheel2_i_healthy,wheel2_w_healthy,wheel3_i_healthy,wheel3_w_healthy,wheel4_i_healthy,wheel4_w_healthy,q1_faulty,q2_faulty,q3_faulty,q4_faulty,omega1_faulty,omega2_faulty,omega3_faulty,wheel1_i_faulty,wheel1_w_faulty,wheel2_i_faulty,wheel2_w_faulty,wheel3_i_faulty,wheel3_w_faulty,wheel4_i_faulty,wheel4_w_faulty,
0,0,0,0,0,0,0,0,0,0,0,0,0,0,0,0,0,0,0,0,0,0,0,0,0,0,0,0,0,0,0
0.1,-0.70711,-0.010336,0.10446,-0.69929,-0.0030622,0.0042306,0.0049707,0.83571,-0.78091,-0.11652,1.4462,-2.4151,0.72423,-0.54467,0.18119,-0.70384,-0.01459,0.12255,-0.70489,0.0028116,0.004114,-0.0003225,0.14128,1.3686,-0.45587,1.349,0.30795,-0.26235,-0.67828,-0.30648
0.2,-0.71145,0.0030003,0.12934,-0.68836,-0.00066022,0.00018096,0.0018486,0.27321,-0.79164,-0.31412,0.8309,-0.21308,0.28899,-1.9606,-0.428,-0.71095,0.00026642,0.14249,-0.70249,0.0010165,0.0041979,0.0028498,-0.63935,2.9152,-0.57619,-0.12681,-1.6575,0.31107,-1.5683,2.318
0.3,-0.72654,-0.01081,0.12644,-0.68171,-0.0061171,-0.0031967,0.0030929,0.073926,-0.3811,2.0728,-0.30878,-2.1967,-1.8397,-2.5809,-0.094508,-0.70359,-5.7188e-05,0.11723,-0.6916,0.0071277,-0.0011714,0.0076162,0.92282,-1.4577,-0.2482,-0.55137,0.022246,-1.1101,-2.2307,-1.7904
0.4,-0.70543,-0.0018484,0.11502,-0.68398,-0.00082089,-0.0051466,0.012384,0.53498,0.8956,-0.61874,-1.6128,0.19459,-0.79874,0.01758,-1.8446,-0.71815,-0.011531,0.12868,-0.69337,-0.01465,-0.0017213,0.0010021,0.0039425,3.0091,-1.5459,-0.031114,-2.0979,-1.6659,0.48747,-1.1905
0.5,-0.71783,0.0027865,0.14219,-0.6847,-0.012526,-0.0062393,0.0075465,-0.14912,3.0251,-0.027777,0.026657,-1.5663,-0.19131,-0.79346,-1.0145,-0.68801,0.00082411,0.1192,-0.71372,-0.0040413,0.00018998,0.0077815,-0.97846,2.0296,1.3593,-0.45276,-0.16992,-1.4094,-0.6104,-0.58572
0.6,-0.72405,-0.013354,0.10455,-0.7212,-0.0084499,-0.0018021,0.014044,0.75752,0.29044,-0.54139,0.33592,-1.6334,-1.0032,-0.95844,-1.2064,-0.71864,0.01283,0.12636,-0.68725,-0.0086365,0.0049609,0.0065288,0.69014,0.35429,2.0168,-0.43958,-0.42166,-2.4578,0.74645,0.0040214
0.7,-0.70783,-0.0055496,0.13908,-0.68829,-0.006499,-0.0024088,0.0045396,1.6569,0.79728,0.17139,-0.28869,0.52649,-0.19586,-3.5118,-2.3667,-0.70652,-0.011626,0.13531,-0.69663,-0.01327,-0.0086561,0.015283,-0.68961,1.1742,0.9772,0.95255,-0.62751,-2.0923,-0.7195,-1.5549
0.8,-0.70575,-0.0094955,0.11372,-0.69562,-0.014296,-0.0029216,0.0014861,-1.1725,2.6867,-0.37128,-0.091806,-2.4981,-3.4786,0.066172,-1.9352,-0.69561,0.00034873,0.10175,-0.68826,-0.0074922,-0.0060822,0.013427,0.83759,3.8828,0.31489,-0.11435,-0.93173,-1.4089,-0.49706,-2.2583
0.9,-0.69022,-0.0042353,0.12486,-0.70771,-0.0048824,-0.010038,0.013131,-0.26987,2.3456,-0.84926,-1.7895,-0.51104,-0.10636,-0.57721,-1.6591,-0.71463,0.0092834,0.13139,-0.70799,-0.012515,-0.0013239,0.0044835,2.0881,4.1846,-1.5427,-1.1936,-2.088,-1.9998,-0.77319,-0.83621
1,-0.68933,0.0063028,0.12026,-0.69433,-0.021606,-0.0022916,0.0067675,-0.16435,3.315,-0.37182,-0.63814,-2.2897,-2.5921,-1.3748,-2.737,-0.72546,0.0083801,0.13057,-0.69998,-0.012217,-0.0096198,0.010755,-0.39015,2.8704,-0.41282,0.54666,-1.0142,-3.4519,-1.7651,-1.8841
1.1,-0.70249,0.01515,0.11439,-0.68912,-0.013743,-0.0060685,0.02345,1.3072,2.25,1.8001,0.12265,0.72528,-3.7299,-2.0461,-4.5749,-0.69256,0.0069173,0.10059,-0.70351,-0.020641,-0.0077703,0.019337,0.14944,2.6243,0.96037,-1.3594,-3.3229,-2.4422,-1.4486,-2.5776
1.2,-0.70047,-0.0047268,0.13949,-0.69806,-0.021088,-0.0034215,0.018026,0.21296,3.4023,-1.0491,0.73464,0.13595,-3.7144,-0.21196,-4.3561,-0.70156,0.0015781,0.12447,-0.7023,-0.01374,-0.0065021,0.015664,-0.32444,2.8065,-0.12554,0.11694,-1.9467,-4.9696,-3.2978,-3.0777
1.3,-0.6898,0.0016043,0.11141,-0.70958,-0.010582,0.001006,0.022316,1.3348,2.8744,1.5334,0.60454,0.11909,-5.7816,-1.0551,-3.8996,-0.71109,0.009735,0.11464,-0.69555,-0.013984,-0.010715,0.017945,-0.69519,3.923,1.0748,-0.67299,-0.85451,-4.0339,-0.57924,-3.2392
1.4,-0.71506,-0.0099288,0.12287,-0.70153,-0.019104,-0.0072625,0.022392,-0.39903,3.5709,1.1472,-1.8271,-2.6697,-4.7109,0.3764,-4.105,-0.70356,0.0048124,0.11536,-0.69607,-0.01945,-0.0077895,0.020239,1.8005,2.8564,-0.45348,0.99675,-1.3433,-3.7507,-0.46118,-6.2661
1.5,-0.69498,0.0091692,0.11593,-0.7221,-0.019008,-0.0037735,0.019955,0.45689,3.2686,-0.79118,0.51942,0.31223,-5.7214,-0.82591,-4.4647,-0.69778,0.0066553,0.093113,-0.698,-0.022436,-0.0051334,0.02152,1.0652,2.9148,-0.53455,-1.5979,-1.2795,-5.8918,1.001,-5.0955
1.6,-0.70588,0.010944,0.10533,-0.699,-0.019628,-0.017002,0.027101,0.43192,6.2621,-0.15727,-2.0696,-1.2292,-5.099,-1.6578,-3.5959,-0.70587,0.018408,0.11647,-0.70084,-0.025069,-0.00014954,0.029092,0.093584,3.5738,-0.38781,-0.53699,1.0379,-5.737,-0.9301,-7.0458
1.7,-0.69098,0.0035959,0.11568,-0.70407,-0.026183,-0.0096311,0.016701,0.70489,4.7071,-1.0071,-1.7114,0.32546,-6.5606,-1.6753,-6.4538,-0.66132,0.023956,0.14799,-0.70502,-0.023976,-0.018991,0.022158,0.037603,5.8536,1.108,-0.86582,-2.2311,-6.202,-2.2068,-5.0688
1.8,-0.70472,0.015248,0.13238,-0.69609,-0.031888,-0.0029719,0.029928,1.6239,3.8557,1.7732,-0.46635,-2.9448,-7.4854,-2.2951,-6.0421,-0.69824,0.034692,0.10485,-0.70467,-0.019822,-0.014674,0.027849,0.8367,5.5601,-1.7043,0.78729,-0.64594,-5.1242,-1.1762,-6.8057
1.9,-0.70033,0.018344,0.11475,-0.68496,-0.026507,-0.012686,0.031804,0.67898,3.8118,-0.40564,-1.3229,0.46827,-5.4886,-2.2539,-7.3836,-0.69334,0.011162,0.10123,-0.69552,-0.029482,-0.0054443,0.0238,2.3678,5.2331,-0.35777,-0.74307,0.79901,-5.1184,-0.74484,-5.0528
2,-0.68095,0.0019779,0.11979,-0.7118,-0.02536,-0.0022171,0.031307,-1.0512,5.6165,-0.99999,-0.74226,0.70424,-6.0777,-1.7083,-6.758,-0.69014,-0.019978,0.10445,-0.6907,-0.023967,-0.0045061,0.028545,1.1728,4.5479,-1.9193,-2.477,-1.7932,-7.5893,-1.1714,-5.5946
2.1,-0.69824,-0.0078539,0.11662,-0.69641,-0.037938,-0.0048287,0.024719,1.5712,4.8297,1.0837,-0.99159,-2.295,-7.1919,-2.5707,-5.9323,-0.68904,0.028622,0.11056,-0.71231,-0.033224,-0.0083788,0.035535,1.4217,6.0162,-1.0268,-1.966,-0.62388,-7.6921,-0.25479,-4.9426
2.2,-0.69993,0.01016,0.14116,-0.71399,-0.039477,-0.013567,0.032393,0.59964,5.6832,-0.11676,-1.473,-0.73002,-7.1703,0.31476,-7.4215,-0.69771,0.012594,0.11969,-0.70979,-0.028456,-0.007482,0.026386,1.8681,6.3892,-1.1377,-1.8038,-0.85757,-8.2155,-1.6766,-7.7689
2.3,-0.70598,0.0054698,0.10785,-0.71303,-0.030919,-0.014912,0.037302,-0.53724,3.8361,2.2265,-1.1769,-1.2394,-7.3293,-0.25844,-6.8753,-0.68376,0.028244,0.099859,-0.71593,-0.029598,-0.014046,0.032981,2.1914,5.2042,-1.343,-1.9879,-3.5607,-5.7662,-0.2192,-6.2133
2.4,-0.67919,0.019738,0.1243,-0.71082,-0.030954,-0.016998,0.035501,-0.32136,5.8269,-0.14933,-1.9415,0.32718,-8.0959,-1.9459,-8.8758,-0.6797,0.02893,0.12526,-0.70949,-0.028639,-0.016708,0.028557,0.51675,5.7375,-0.39776,-0.64337,0.96382,-6.9432,-0.51755,-9.3449
2.5,-0.68376,0.010601,0.096152,-0.72632,-0.032996,-0.012203,0.036202,2.1471,5.6346,0.421,-1.0436,-2.2754,-9.2142,-0.79595,-8.5096,-0.66986,0.020184,0.11071,-0.69746,-0.033247,-0.0052111,0.04348,0.11595,8.6866,0.09849,-1.4717,0.83855,-8.3475,-0.57754,-8.8255
2.6,-0.68986,0.012551,0.12267,-0.70549,-0.034392,-0.015647,0.039239,0.81279,7.3604,0.29489,-1.016,-0.20337,-8.7675,-0.94114,-8.6461,-0.70718,0.019914,0.12537,-0.70526,-0.039308,-0.020099,0.042797,2.2817,7.43,0.53482,-1.8884,-1.365,-9.2689,-0.70586,-8.5468
2.7,-0.68878,0.017019,0.093272,-0.7258,-0.040333,-0.0092296,0.024265,2.3615,6.6899,-1.0131,-2.0101,-1.5295,-10.298,-3.7415,-10.107,-0.67499,0.028603,0.095963,-0.71854,-0.037455,-0.013994,0.04285,-0.46462,7.1452,-1.2923,-2.8796,-1.972,-7.5373,-0.33446,-9.0578
2.8,-0.69188,0.028958,0.11587,-0.71238,-0.031528,-0.021177,0.053212,-0.70965,7.7108,-1.2547,-1.9314,-2.3334,-9.6005,-1.2925,-10.538,-0.70069,0.024558,0.11996,-0.71893,-0.035939,-0.02164,0.047567,-1.0726,8.5162,-0.4253,-1.045,-0.11706,-7.265,-0.75051,-9.3321
2.9,-0.68963,0.018472,0.10667,-0.73326,-0.050117,-0.01137,0.049526,0.1098,7.2108,-2.6955,-0.48619,0.34253,-10.458,-1.8999,-9.4467,-0.69267,0.035144,0.10884,-0.72617,-0.0556,-0.020558,0.046951,0.15165,8.2065,-1.512,-2.6757,-0.036817,-8.7034,-0.79758,-9.3906
3,-0.67834,0.025369,0.11134,-0.71262,-0.04655,-0.010018,0.034249,-0.12399,8.4716,0.71917,0.27289,-0.20145,-11.178,0.12632,-11.189,-0.70594,0.018093,0.10645,-0.739,-0.05288,-0.015033,0.049828,-1.413,6.7806,-0.79772,-0.70841,-2.4518,-9.4273,-0.61451,-9.9013
3.1,-0.67987,0.04129,0.10407,-0.71784,-0.043772,-0.030267,0.051119,0.70966,7.401,-1.6716,-1.4836,-0.071971,-11.928,-0.62692,-11.903,-0.6711,0.029096,0.11968,-0.72434,-0.054583,-0.011129,0.045332,1.093,7.1698,0.081457,-0.50197,-1.4961,-12.283,-0.63358,-12.149
3.2,-0.67998,0.042203,0.11874,-0.72179,-0.046161,-0.0078704,0.053262,2.0616,8.5163,-1.8538,-1.9287,-0.7754,-10.956,-1.8594,-11.004,-0.66883,0.023599,0.099946,-0.71454,-0.049813,-0.010008,0.038928,-0.94554,8.4628,-1.7799,-0.79514,-0.33763,-11.27,-1.7834,-12.473
3.3,-0.68133,0.017445,0.10471,-0.72912,-0.053907,-0.0062637,0.056837,0.4704,6.3283,-0.62906,-2.1967,-2.6691,-10.929,-0.66327,-12.151,-0.67098,0.049701,0.092229,-0.72285,-0.040615,-0.017495,0.057754,-0.20127,9.8752,-1.186,-1.4848,-0.67624,-10.298,0.63325,-10.989
3.4,-0.67464,0.030253,0.093306,-0.73359,-0.053228,-0.019027,0.055404,1.474,9.8769,-0.73735,-3.3306,1.0689,-10.938,0.87257,-13.535,-0.68657,0.028782,0.12205,-0.72758,-0.05516,-0.012567,0.051404,1.6646,10.545,-2.4798,-3.2698,0.58663,-10.877,-0.82656,-12.167
3.5,-0.67393,0.044574,0.11955,-0.72916,-0.051094,-0.015863,0.057904,0.24171,9.9201,-2.2086,-2.4521,-1.1322,-9.6327,-3.2467,-12.51,-0.67469,0.021106,0.092146,-0.74952,-0.048724,-0.0045686,0.059134,-1.1431,7.8878,-0.25068,-4.7003,-0.53085,-11.124,1.0963,-12.427
3.6,-0.67296,0.040996,0.11314,-0.73265,-0.059358,-0.010497,0.052677,-2.2508,10.035,-1.5949,-1.2672,-1.7411,-13.269,-0.12879,-12.91,-0.6645,0.038593,0.086692,-0.73137,-0.050247,-0.018675,0.048648,0.15076,11.149,-0.21653,-4.0349,-0.93484,-12.298,-0.96713,-13.144
3.7,-0.67339,0.039457,0.088108,-0.71862,-0.047502,-0.019384,0.047667,1.5792,11.784,-0.67074,-4.3056,-0.92861,-12.695,-2.0594,-14.303,-0.67584,0.024721,0.11473,-0.72676,-0.053125,-0.016915,0.052716,0.31545,10.003,0.13394,-2.6463,-1.1184,-13.15,-1.1161,-14.892
3.8,-0.67695,0.054902,0.099431,-0.74319,-0.060639,-0.013221,0.056936,1.7947,10.346,-1.7192,-6.4615,0.17717,-12.737,0.58658,-11.684,-0.66757,0.036723,0.11978,-0.74562,-0.049258,-0.012532,0.056387,1.4227,12.562,-0.51671,-3.2018,-1.623,-13.102,-1.9081,-14.106
3.9,-0.67315,0.033285,0.085643,-0.73643,-0.059684,-0.014869,0.057781,1.2345,11.589,0.63466,-4.299,-2.1102,-11.816,-0.98303,-13.617,-0.66964,0.035129,0.10384,-0.74176,-0.057182,-0.016506,0.054161,1.4043,9.3332,-1.1425,-3.7125,-1.4613,-11.835,-1.2333,-12.937
4,-0.65671,0.042898,0.098096,-0.76268,-0.056408,-0.010615,0.048951,-1.0272,11.547,-1.8265,-4.8035,-0.32249,-12.358,0.27168,-13.684,-0.64592,0.06848,0.10936,-0.73866,-0.062811,-0.013564,0.061366,0.20982,9.4269,-2.6837,-2.562,-1.1628,-11.624,0.1231,-14.116
4.1,-0.65755,0.054549,0.076485,-0.75431,-0.053706,-0.021245,0.058488,2.2567,11.27,-1.4235,-5.5736,-2.5812,-11.534,0.27493,-13.435,-0.66097,0.037731,0.090429,-0.73112,-0.059283,-0.011264,0.064184,0.77013,11.601,-1.8524,-3.1854,-0.38428,-13.608,-3.3265,-16.047
4.2,-0.64474,0.0397,0.1,-0.74306,-0.066282,-0.013998,0.055982,1.8796,10.713,-0.97657,-4.3318,-1.4853,-12.253,-2.1563,-15.064,-0.64283,0.069268,0.10078,-0.75798,-0.064916,-0.015872,0.057066,1.9381,10.059,0.40624,-3.2457,-0.099409,-13.44,-1.5719,-15.699
4.3,-0.6625,0.052294,0.087082,-0.74823,-0.071172,-0.0045832,0.056066,1.7164,8.6539,-1.4423,-4.9065,-0.57627,-12.804,-1.0009,-16.307,-0.64373,0.041614,0.087324,-0.74018,-0.06192,-0.0071074,0.062567,-0.26601,12.414,0.55359,-4.9937,0.3237,-13.217,-1.0598,-16.313
4.4,-0.65552,0.0375,0.1003,-0.75689,-0.072433,-0.01492,0.057461,0.076972,10.69,-2.4728,-5.9752,-0.72685,-13.859,-3.0692,-17.938,-0.66899,0.06805,0.093293,-0.74931,-0.066682,-0.017238,0.059976,0.18946,12.052,-1.2838,-4.9734,-1.1146,-14.523,-1.4357,-15.198
4.5,-0.65929,0.058921,0.098596,-0.73864,-0.065569,-0.011189,0.057002,0.47163,8.6404,-0.25068,-3.3582,-0.61562,-12.682,-1.4321,-17.486,-0.6524,0.054897,0.086781,-0.7529,-0.064546,-0.018252,0.068569,0.81411,11.421,-0.4666,-5.3358,-0.79625,-13.981,-1.4644,-15.621
4.6,-0.64045,0.054095,0.067177,-0.75641,-0.062396,-0.019936,0.062466,1.1893,11.838,-0.26375,-6.6971,0.48487,-13.263,-1.8157,-15.255,-0.64203,0.041508,0.069758,-0.75062,-0.064073,-0.012737,0.072152,1.3157,12.653,-0.97284,-5.9453,-0.52667,-11.615,-2.1922,-17.147
4.7,-0.65331,0.059902,0.080116,-0.7469,-0.068654,-0.02115,0.063052,3.1624,12.35,-1.154,-8.1789,-0.41105,-13.586,-2.5085,-16.329,-0.64491,0.076251,0.084252,-0.76813,-0.0703,-0.027191,0.071209,1.8191,12.755,0.21287,-6.8939,-0.56881,-13.559,-0.14734,-16.865
4.8,-0.62443,0.054678,0.076956,-0.75628,-0.077653,-0.02484,0.076461,1.5503,11.305,-1.2844,-5.9809,-0.76515,-14.569,-1.8031,-17.826,-0.63634,0.071614,0.067174,-0.74506,-0.076032,-0.01717,0.059107,1.0557,12.819,-2.1797,-7.1888,0.6139,-14.449,-1.5107,-19.302
4.9,-0.62113,0.060286,0.090693,-0.75032,-0.078236,-0.011756,0.069067,0.28108,11.818,-1.4743,-7.2894,-1.385,-13.943,0.50689,-17.438,-0.61987,0.070531,0.076396,-0.78361,-0.069501,-0.011148,0.067127,-0.01115,11.557,-1.7054,-5.7508,-0.77959,-14.047,-2.0417,-19.093
5,-0.64938,0.092486,0.068884,-0.75265,-0.064826,-0.01313,0.071162,-0.80964,12.262,-1.2655,-8.0058,-0.38388,-15.012,-3.6444,-17.128,-0.63547,0.05628,0.087827,-0.76168,-0.082544,-0.010349,0.066088,1.8656,14.214,-1.7617,-8.0566,0.68706,-15.612,-0.77709,-19.207
5.1,-0.64031,0.070245,0.083785,-0.75278,-0.076504,-0.0010929,0.073841,-0.85186,12.297,-1.2845,-6.8547,-1.2235,-12.93,-1.1387,-17.95,-0.63652,0.079474,0.069345,-0.76504,-0.072673,-0.012303,0.067212,-0.092221,13.794,-1.0033,-7.2584,0.28293,-13.426,-0.95145,-19.484
5.2,-0.64985,0.083762,0.07336,-0.77858,-0.06579,-0.017287,0.072443,1.2316,14.785,-2.3698,-6.9091,-2.2645,-13.354,-2.0428,-20.104,-0.62033,0.070908,0.066225,-0.76176,-0.088388,-0.011999,0.071916,1.0019,12.481,-1.4569,-8.5218,-0.27268,-13.713,-1.3109,-19.075
5.3,-0.61039,0.094668,0.082157,-0.77541,-0.081546,-0.011718,0.061537,-0.2688,13.731,-0.76641,-8.8491,-0.10582,-14.068,0.044271,-19.491,-0.61466,0.076298,0.076815,-0.78642,-0.072352,-0.011598,0.066413,-0.92918,15.302,-2.8238,-9.2777,-0.5229,-13.787,-1.6376,-19.934
5.4,-0.6174,0.084676,0.048645,-0.77894,-0.084559,-0.017204,0.071388,-0.020298,13.962,0.44932,-9.4795,-0.51489,-12.383,0.33775,-18.966,-0.62934,0.081309,0.06484,-0.76259,-0.072988,-0.0093861,0.079268,0.50254,14.113,-1.4436,-9.657,-0.59529,-14.068,-0.8642,-19.29
5.5,-0.62576,0.074287,0.073856,-0.78412,-0.077476,-0.012248,0.070048,0.74121,16.065,-0.98487,-11.045,-1.0672,-14.957,-0.48162,-20.214,-0.62158,0.066738,0.050719,-0.7982,-0.075117,-0.010084,0.069197,1.4943,14.903,-1.195,-8.9117,0.49567,-14.391,0.024856,-20.834
5.6,-0.61094,0.084903,0.075703,-0.78433,-0.087631,-0.019501,0.072283,0.33807,14.689,-1.8697,-9.506,-0.43167,-12.536,-0.82482,-21.127,-0.61277,0.081278,0.074587,-0.79183,-0.078262,-0.0091162,0.068565,1.864,16.53,-0.77129,-11.195,0.998,-15.031,-1.3922,-20.73
5.7,-0.61312,0.071082,0.076932,-0.78771,-0.078802,-0.013268,0.07503,-0.43595,14.461,-0.97047,-11.267,-1.3606,-14.913,-0.99938,-21.27,-0.59714,0.1023,0.054068,-0.79034,-0.088111,-0.0060849,0.077738,1.2634,14.119,-1.7859,-9.9048,0.086382,-14.054,-0.2782,-21.898
5.8,-0.59521,0.083189,0.066144,-0.77313,-0.089107,-0.0088021,0.077863,0.16496,15.842,-0.44595,-10.719,-0.80943,-13.004,0.23794,-20.813,-0.60748,0.078283,0.071237,-0.77841,-0.089482,-0.0086963,0.075782,0.78694,16.319,-1.4614,-9.7743,0.85076,-14.424,-0.59307,-21.637
5.9,-0.59605,0.08568,0.05653,-0.79713,-0.087563,-0.0026549,0.07378,0.48362,17.54,-3.0578,-10.647,-0.31546,-14.835,-1.5727,-22.092,-0.59572,0.10118,0.05161,-0.79222,-0.079825,-0.0086434,0.062908,2.0899,15.956,0.23836,-11.606,0.12877,-13.919,0.37494,-20.427
6,-0.59343,0.073188,0.061887,-0.79536,-0.095304,-0.016827,0.071674,1.7305,16.452,-0.12797,-12.553,-0.2291,-13.538,-0.28674,-22.894,-0.59938,0.11917,0.054772,-0.7779,-0.088824,-0.0016522,0.069022,1.3268,16.005,1.5248,-11.413,0.072394,-13.244,-1.8311,-21.8
6.1,-0.58882,0.096523,0.044814,-0.79625,-0.093105,-0.0058769,0.073851,1.1876,15.378,-0.42746,-11.09,0.90265,-13.972,-1.2749,-22.553,-0.61796,0.10958,0.029124,-0.80035,-0.088342,-0.012888,0.07123,3.3677,16.024,-0.1607,-12.111,-1.0815,-15.105,0.43294,-20.63
6.2,-0.59304,0.10056,0.050631,-0.7998,-0.089828,-0.01373,0.080158,1.4233,17.779,-1.5172,-11.503,0.090095,-14.892,-0.73959,-24.318,-0.58003,0.09305,0.048206,-0.79136,-0.097489,-0.0071569,0.083158,1.0752,16.52,-0.70887,-12.094,0.8096,-13.662,-2.0793,-23.897
6.3,-0.59855,0.082502,0.055947,-0.78969,-0.09059,-0.012869,0.078936,2.5625,16.563,0.026129,-11.135,-0.039843,-12.027,-2.0197,-21.511,-0.60774,0.1107,0.051723,-0.80658,-0.087009,-0.018586,0.075648,-0.041226,14.964,-1.8464,-11.052,-0.65609,-13.095,-3.1233,-25.682
6.4,-0.5928,0.10183,0.044924,-0.79042,-0.099637,0.0017079,0.081061,2.7287,17.275,-0.88165,-12.499,-0.9552,-14.31,-2.0842,-24.685,-0.58536,0.096815,0.054056,-0.80597,-0.085565,-0.010163,0.071217,0.073754,16.99,-0.054946,-12.129,1.4227,-14.771,-1.2667,-23.614
6.5,-0.57886,0.10026,0.041567,-0.79149,-0.090893,-0.0020858,0.082061,0.98524,15.176,-1.012,-13.242,0.20778,-12.75,0.67612,-24.404,-0.59633,0.12582,0.037871,-0.79416,-0.090145,-0.013787,0.071188,0.38662,16.023,-1.9391,-11.366,0.73577,-14.257,0.15222,-23.614
6.6,-0.58306,0.10526,0.035416,-0.81346,-0.096449,-0.014032,0.080199,0.95706,17.789,-1.0215,-13.231,-0.43266,-11.558,-1.4481,-23.735,-0.58089,0.08746,0.03895,-0.80726,-0.091101,-0.01429,0.083905,0.21698,17.003,0.1711,-15.57,-0.28184,-14.52,-1.5537,-23.361
6.7,-0.56624,0.10643,0.052024,-0.81455,-0.091454,-0.0065945,0.075971,0.92694,17.178,-3.2259,-14.967,0.96734,-14.237,-1.8958,-24.503,-0.5639,0.10188,0.030486,-0.80799,-0.094646,-0.015013,0.074733,0.93566,17.525,-1.6483,-14.313,1.1456,-12.519,-0.65896,-23.637
6.8,-0.5791,0.12851,0.029305,-0.82022,-0.098118,-0.0011361,0.078147,-0.71543,16.27,-0.74544,-15.664,-0.75488,-14.35,1.0385,-24.029,-0.58321,0.1382,0.034699,-0.81911,-0.10706,-0.0049471,0.070472,1.6831,19.645,-1.7367,-14.733,-0.78267,-13.818,-2.4715,-24.113
6.9,-0.54515,0.10606,0.039367,-0.80767,-0.1036,-0.0044505,0.078047,-0.701,18.406,-0.99247,-14.69,0.96404,-13.153,0.093935,-25.117,-0.55036,0.11585,0.0066736,-0.80788,-0.094729,-0.0024534,0.076951,1.5315,17.418,-0.25389,-13.354,2.0994,-14.503,-2.1919,-24.982
7,-0.5788,0.13397,0.036731,-0.81791,-0.1016,-0.011589,0.08122,-0.64343,18.257,-0.12002,-11.72,-1.2228,-14.233,-1.607,-24.792,-0.55138,0.12292,0.030631,-0.81572,-0.10779,0.002316,0.074321,1.124,18.758,-0.28156,-16.428,-1.8984,-12.52,-2.114,-25.914
7.1,-0.52066,0.11693,0.049093,-0.80546,-0.10193,-0.0052129,0.087631,1.1036,18.509,-2.5361,-15.509,2.0819,-12.308,-0.52964,-24.906,-0.54663,0.12421,0.041281,-0.82977,-0.10635,-0.0096251,0.08605,2.4474,17.73,-2.6692,-14.323,-0.16393,-10.497,-1.641,-25.656
7.2,-0.53895,0.13589,0.022505,-0.85388,-0.11073,-0.0053794,0.083998,1.8404,19.833,-2.0795,-15.438,1.5242,-12.09,-0.67133,-27.878,-0.54342,0.12146,0.025639,-0.81149,-0.10591,-0.00045473,0.077569,0.95809,16.972,-0.40685,-13.432,2.062,-12.601,-2.845,-27.108
7.3,-0.5591,0.12681,0.011909,-0.83123,-0.10759,-0.0031627,0.085477,2.2616,18.871,-0.6732,-16.854,-0.20885,-13.142,-1.2112,-27.585,-0.54561,0.12729,0.018692,-0.82577,-0.10613,-0.0040502,0.077357,1.7364,18.107,-1.2016,-15.109,0.79626,-13.956,-2.9804,-26.055
7.4,-0.5331,0.13566,0.0028378,-0.83359,-0.10602,-0.0040296,0.083388,0.94123,21.722,-2.9897,-15.889,1.5947,-10.721,-1.0444,-27.965,-0.52511,0.12212,0.019835,-0.84337,-0.11393,-0.0031651,0.083894,0.89106,19.381,-1.3899,-14.9,1.4154,-12.076,-3.7681,-27.217
7.5,-0.52123,0.13513,0.023874,-0.8313,-0.10908,-0.0033102,0.083268,-0.54336,18.396,-0.34529,-17.531,-1.8244,-12.828,-1.316,-28.964,-0.53362,0.15823,0.003089,-0.82923,-0.10833,-0.004033,0.081582,0.57222,20.821,-0.8798,-15.135,1.8077,-10.157,-0.19708,-27.769
7.6,-0.52519,0.13585,0.00012855,-0.82426,-0.10605,-0.0025737,0.080159,0.96213,19.792,-1.007,-16.705,0.11256,-11.675,-0.050537,-26.895,-0.53409,0.14321,0.023056,-0.8382,-0.1132,-0.0078936,0.078094,1.0002,20.296,-1.601,-20.039,1.0939,-12.143,-0.64417,-29.885
7.7,-0.53309,0.12251,0.018345,-0.84247,-0.11822,0.00030726,0.083863,0.17064,18.268,-1.5522,-16.237,-1.4976,-13.884,1.4655,-30.428,-0.53547,0.12793,0.036587,-0.84191,-0.11215,-0.0056216,0.091848,-0.54611,18.364,-1.1872,-18.267,1.7747,-9.4525,-1.5753,-29.707
7.8,-0.51687,0.14216,0.014212,-0.84319,-0.11446,-0.016966,0.079525,1.256,19.179,-1.7911,-18.201,-1.5762,-11.959,0.3068,-28.044,-0.4926,0.12944,0.018502,-0.83575,-0.11337,0.00016796,0.085067,1.2936,18.603,-2.5213,-15.131,1.9435,-10.84,-2.6483,-27.703
7.9,-0.51173,0.15416,0.020634,-0.86428,-0.11742,-0.016514,0.0821,1.6614,20.443,-0.5346,-18.679,1.165,-10.544,-1.4435,-27.953,-0.51679,0.14104,-0.009069,-0.86167,-0.10954,-0.0015072,0.071987,0.306,21.65,-1.9059,-17.997,0.65919,-11.9,0.81276,-28.067
8,-0.51473,0.13892,0.0085906,-0.83694,-0.12108,-0.0046354,0.075241,1.9341,19.083,1.6227,-18.055,-0.09053,-13.329,-0.25435,-28.733,-0.4881,0.13558,0.0035336,-0.8492,-0.12655,-0.0051306,0.084763,1.6177,20.696,0.55962,-18.43,0.59368,-10.012,-2.8469,-29.402
8.1,-0.49394,0.14352,0.0032383,-0.86009,-0.11574,-0.00055979,0.077325,1.4377,21.2,-2.168,-18.205,0.39161,-11.352,-0.95124,-29.688,-0.49718,0.12944,0.0087235,-0.84847,-0.11607,-0.0055754,0.077761,1.696,21.465,-1.5146,-17.727,2.3791,-8.3235,-2.33,-30.101
8.2,-0.49431,0.13983,0.0056636,-0.86892,-0.12437,-0.0036386,0.081492,2.5372,20.763,-1.0432,-19.214,0.25117,-9.2985,0.40201,-32.127,-0.47887,0.13829,0.013598,-0.86882,-0.11318,0.0022794,0.075228,1.2915,22.01,-1.4714,-20.693,0.77338,-10.832,-2.1675,-30.179
8.3,-0.48246,0.15372,-0.0059564,-0.85932,-0.12031,-0.0041587,0.083082,0.92282,21,-3.2536,-19.189,0.99093,-8.4136,-1.3277,-31.224,-0.49305,0.11697,0.017026,-0.86432,-0.11687,-0.0094711,0.073852,0.69427,20.402,-2.4686,-19.387,-1.1402,-8.6152,-1.3053,-32.142
8.4,-0.46984,0.16448,-0.010087,-0.85992,-0.11444,0.0033143,0.080045,0.83547,19.92,-0.38316,-20.662,2.1637,-11.039,-3.3985,-30.5,-0.48675,0.13763,-0.016447,-0.86647,-0.13137,-0.012074,0.091382,-0.37448,21.866,-1.6616,-20.192,2.0116,-9.0152,0.29146,-28.53
8.5,-0.47313,0.14516,-0.0034095,-0.86378,-0.11785,-0.00055734,0.083628,0.13082,21.994,-2.12,-19.369,2.3269,-11.252,-0.22565,-33.906,-0.4722,0.16582,-0.0021053,-0.84877,-0.12509,-0.00091779,0.075731,1.0274,20.742,0.66932,-21.675,0.48643,-7.9438,0.13481,-30.315
8.6,-0.48241,0.14999,-0.010808,-0.8613,-0.12003,-0.0076014,0.071822,-0.776,22.077,-0.13322,-19.97,-0.64322,-6.1231,-1.2469,-30.946,-0.46974,0.1626,-0.019643,-0.85306,-0.13079,0.0037052,0.081854,-0.31299,22.457,-0.61393,-18.822,0.096273,-8.4674,-0.64686,-32.448
8.7,-0.45687,0.15258,-0.0040931,-0.86782,-0.11714,-0.0036831,0.079445,0.86681,22.57,-0.78844,-21.392,1.8181,-8.3576,0.015395,-33.34,-0.44629,0.15307,-0.010558,-0.86738,-0.12599,-0.0032606,0.07459,-0.87937,23,-0.14494,-21.093,2.9074,-6.5281,-0.76848,-33.755
8.8,-0.48007,0.14294,-0.0045242,-0.88373,-0.12315,-0.0076793,0.067259,0.74602,21.896,-1.9552,-22.69,1.249,-9.0218,0.14265,-31.923,-0.4592,0.17079,-0.01351,-0.88169,-0.1237,-0.0043586,0.080764,1.2305,20.869,-0.13366,-20.399,-0.78241,-6.4379,-0.99839,-32.617
8.9,-0.4505,0.17345,-0.013541,-0.87542,-0.13095,0.0065991,0.077443,1.0574,24.13,-1.0067,-20.598,-0.22843,-6.4715,0.72454,-33.09,-0.45202,0.16515,-0.0042341,-0.88537,-0.12596,-0.0053868,0.088692,-0.52195,23.271,1.1273,-21.676,1.2899,-6.1068,-0.21097,-35.057
9,-0.45164,0.16258,0.00049876,-0.8945,-0.1216,-0.0021074,0.066588,1.5655,21.764,0.0097199,-21.855,0.85359,-7.0654,-1.7519,-31.819,-0.44705,0.16063,-0.029399,-0.88131,-0.13506,-0.0031493,0.090606,2.2492,21.129,-1.2696,-21.728,0.83729,-8.5669,0.29754,-32.211
9.1,-0.43598,0.16326,-0.012306,-0.88257,-0.1327,-0.0030017,0.072194,1.1371,24.616,-2.6466,-22.838,0.037421,-6.6909,-0.75269,-32.572,-0.44272,0.17811,-0.027557,-0.87941,-0.13684,-0.0048874,0.079435,1.3445,22.045,-0.51327,-23.594,1.5473,-7.9787,-1.4644,-32.408
9.2,-0.44204,0.16891,-0.014614,-0.88925,-0.13506,0.00215,0.079701,1.925,22.718,0.71298,-24.516,0.55614,-5.9196,-0.84383,-34.303,-0.4568,0.17737,-0.017726,-0.89934,-0.13167,0.0030759,0.075897,1.0143,23.252,-2.1556,-22.839,-1.1711,-7.8727,0.24805,-33.185
9.3,-0.4255,0.16966,-0.031111,-0.88018,-0.13364,-0.0047382,0.073197,-0.65596,22.243,-0.41496,-25.435,1.9552,-6.8615,-1.8606,-35.993,-0.42713,0.14987,-0.026143,-0.88263,-0.13486,0.00094813,0.069888,1.3119,24.206,-1.5487,-23.938,0.61211,-5.8249,-1.7109,-33.212
9.4,-0.41814,0.15466,-0.02509,-0.89778,-0.14657,0.0040691,0.070704,2.6566,23.437,-1.857,-24.165,-0.39292,-6.3391,1.6317,-33.551,-0.42435,0.16875,-0.021316,-0.89349,-0.13208,0.007673,0.081366,-1.169,23.885,-1.6457,-23.029,1.13,-6.1214,-0.95308,-32.985
9.5,-0.41829,0.16839,-0.024345,-0.88874,-0.13747,-0.0046177,0.065293,0.087886,24.327,-0.24028,-24.915,-0.5001,-4.662,-0.4896,-33.224,-0.40766,0.16411,-0.014258,-0.90146,-0.13739,-0.010677,0.068462,-0.042466,22.466,-2.4551,-24.418,1.0994,-6.8924,-2.3283,-33.893
9.6,-0.42135,0.18075,-0.0064238,-0.88722,-0.14043,0.0038265,0.073137,0.92501,24.158,-1.2685,-24.865,0.91871,-4.2542,1.1772,-32.269,-0.41435,0.16773,-0.034461,-0.90281,-0.13889,-0.0091656,0.073586,-1.1955,24.961,-0.82618,-24.973,1.724,-3.2659,1.361,-31.995
9.7,-0.40938,0.15487,-0.043573,-0.88913,-0.13738,0.0015721,0.073784,-1.4508,25.276,-1.6534,-25.105,3.4761,-5.4326,0.53147,-33.632,-0.39407,0.17799,-0.017384,-0.88722,-0.12828,0.0041745,0.067257,1.5859,24.003,-0.58092,-24.202,0.50538,-6.5035,-0.54273,-35.523
9.8,-0.37999,0.17761,-0.048589,-0.89985,-0.13418,0.0013836,0.071835,1.3635,24.441,0.22061,-23.76,1.3725,-5.124,-1.3337,-34.573,-0.41767,0.18984,-0.027563,-0.89217,-0.13961,0.002604,0.063346,1.2465,25.244,-0.060075,-26.2,-0.021978,-5.5499,1.8109,-32.406
9.9,-0.38941,0.16194,-0.031183,-0.89658,-0.12342,0.0090122,0.072328,-0.52815,24.898,-2.3567,-25.813,-0.10416,-5.3444,1.0987,-34.405,-0.38464,0.18769,-0.026426,-0.89118,-0.13557,0.010335,0.066715,0.87918,25.104,-1.0596,-26.379,1.7042,-3.5962,-1.0412,-35.822
10,-0.39051,0.17811,-0.039079,-0.90745,-0.14549,0.0090109,0.06878,0.92048,26.313,-1.2113,-26.089,-0.37411,-3.7787,0.28973,-33.633,-0.38607,0.1787,-0.03234,-0.90807,-0.12934,0.007503,0.065514,-0.32952,27.416,-1.1168,-28.906,1.6208,-4.1403,0.8151,-32.533
10.1,-0.3784,0.18538,-0.053628,-0.91327,-0.14557,0.0068426,0.068566,-1.2132,26.577,-0.98082,-27.931,0.22476,-4.0215,0.66978,-33.763,-0.37112,0.17463,-0.049803,-0.92022,-0.14634,0.0090329,0.063146,2.2249,24.689,-0.91808,-26.503,-2.0788,-4.4051,-0.42479,-34.076
10.2,-0.39625,0.18521,-0.057809,-0.91596,-0.14335,0.012882,0.072565,1.1274,26.456,-2.3378,-26.983,2.5189,-3.9775,0.5813,-31.939,-0.37388,0.18022,-0.048089,-0.9011,-0.13322,0.0086175,0.065239,1.5544,24.619,-1.8302,-26.514,1.0124,-0.92151,1.2737,-32.133
10.3,-0.35701,0.17729,-0.03094,-0.91843,-0.13979,0.0091437,0.065804,1.7173,24.861,-1.6563,-27.056,1.7422,-4.2968,0.93191,-31.974,-0.36118,0.17066,-0.024156,-0.91886,-0.13839,0.010421,0.060328,0.090011,26.779,-0.31312,-28.03,2.3991,-2.975,-0.85474,-32.338
10.4,-0.35449,0.18677,-0.032572,-0.90867,-0.14136,0.012606,0.056971,-0.026337,23.536,-3.0279,-28.259,0.43052,-3.9126,1.4606,-33.46,-0.34355,0.18454,-0.056348,-0.91243,-0.13928,0.0037342,0.05984,0.24555,25.933,-0.31601,-26.907,-0.55743,-1.4914,-0.31386,-30.951
10.5,-0.35192,0.17948,-0.049682,-0.93094,-0.14888,0.01621,0.059573,0.22803,26.565,-3.8231,-27.592,1.1677,-1.2392,0.018997,-31.775,-0.35355,0.21104,-0.045548,-0.90337,-0.13899,0.016738,0.066461,1.383,25.586,-1.6715,-28.33,0.60008,-2.6577,1.6096,-32.568
10.6,-0.34505,0.18325,-0.05314,-0.93295,-0.13147,0.021747,0.056604,0.5669,26.631,-1.5719,-29.548,0.50095,-0.74825,-0.46586,-30.2,-0.34649,0.19314,-0.045719,-0.92108,-0.13987,0.013072,0.057606,0.96137,27.739,-0.43549,-30.04,0.048467,-1.4757,-1.3281,-31.933
10.7,-0.33615,0.19109,-0.052079,-0.93082,-0.14542,0.010281,0.064039,0.71164,26.011,-0.71087,-28.272,1.6303,-1.0134,2.4354,-30.205,-0.34274,0.18267,-0.04494,-0.92709,-0.14296,0.014768,0.056803,0.80849,29.429,-2.036,-29.704,1.1997,-1.7866,0.48164,-31.998
10.8,-0.32328,0.18342,-0.050468,-0.91644,-0.1475,0.020521,0.05231,1.8429,28.075,-2.686,-30.773,-0.038623,-1.2177,0.47336,-30.729,-0.33044,0.17246,-0.063939,-0.93183,-0.14636,0.016441,0.055813,1.4023,27.091,-0.52534,-31.363,-0.03166,-0.6822,-0.50908,-31.565
10.9,-0.32334,0.19924,-0.062369,-0.93317,-0.14512,0.014376,0.060523,1.0334,29.035,-3.193,-30.07,1.5043,0.66195,1.7455,-31.789,-0.34041,0.19686,-0.050331,-0.93295,-0.13604,0.021752,0.053085,2.2075,27.355,-2.3474,-30.243,-0.19257,-1.9995,2.0769,-29.819
11,-0.30301,0.17332,-0.051055,-0.93921,-0.1403,0.025195,0.059041,0.36532,27.712,-1.7645,-31.156,2.2168,-0.82478,1.2889,-31.748,-0.30329,0.18542,-0.058752,-0.92861,-0.14868,0.023802,0.052949,1.9249,27.193,-0.8458,-30.712,1.0957,-0.41901,0.037141,-29.884
11.1,-0.30449,0.18316,-0.043202,-0.94227,-0.14669,0.020602,0.05659,0.48967,27.101,-0.22484,-29.106,2.4996,-0.60324,0.36436,-30.949,-0.31587,0.18815,-0.066854,-0.95691,-0.14131,0.019357,0.056733,-0.65055,28.098,-1.6161,-31.119,1.055,0.37577,-0.87792,-30.841
11.2,-0.30541,0.18135,-0.069919,-0.93219,-0.13836,0.019822,0.048006,2.4954,27.166,-1.4057,-31.16,2.5558,2.3403,0.97001,-30.366,-0.30271,0.15917,-0.058151,-0.93777,-0.141,0.023427,0.054553,2.1207,27.638,-0.64201,-30.13,-0.68378,-0.29093,-0.20392,-29.443
11.3,-0.2888,0.18029,-0.068116,-0.92776,-0.13698,0.016304,0.045125,-0.92963,28.525,0.8142,-30.294,-0.54778,-0.12296,-0.49547,-28.399,-0.28713,0.18571,-0.068707,-0.93708,-0.13922,0.017889,0.056958,0.44448,28.012,-0.82818,-32.113,0.81859,1.2371,0.98888,-28.153
11.4,-0.29738,0.1887,-0.076278,-0.92258,-0.13272,0.021715,0.048217,3.2911,26.002,-2.2767,-32.297,0.43038,-0.37989,-0.16888,-28.284,-0.27275,0.18602,-0.047481,-0.93029,-0.14518,0.028735,0.062553,-0.13367,28.186,-0.92126,-30.8,-0.67462,1.5526,0.78977,-30.892
11.5,-0.27854,0.1972,-0.064805,-0.95011,-0.1502,0.031148,0.046962,3.1204,28.433,0.64574,-30.283,0.99521,-0.71528,0.22579,-28.04,-0.28043,0.1827,-0.061344,-0.92703,-0.13685,0.025603,0.051329,1.2623,27.413,-0.33809,-33.466,0.80647,-0.40011,-0.040546,-28.614
11.6,-0.27985,0.19236,-0.049478,-0.94544,-0.13695,0.020992,0.053708,0.12372,28.812,-0.85117,-33.793,1.3581,0.84784,-0.021006,-28.328,-0.27482,0.19311,-0.050777,-0.93335,-0.13652,0.030412,0.047632,0.16686,27.857,-1.5281,-33.691,0.04058,4.02,2.4696,-29.088
11.7,-0.26838,0.17245,-0.06753,-0.93637,-0.14166,0.033856,0.040401,2.1899,28.828,-4.5728,-33.373,0.24016,0.72638,1.1655,-28.876,-0.25351,0.19178,-0.072576,-0.94705,-0.144,0.026439,0.049559,-1.693,28.253,-1.038,-33.413,4.3653,1.3392,0.080698,-28.954
11.8,-0.26284,0.17165,-0.05718,-0.94492,-0.14142,0.031532,0.047095,1.2321,30.625,0.089002,-34.037,1.7134,1.7393,1.3968,-29.083,-0.26418,0.18336,-0.083585,-0.94971,-0.14481,0.02651,0.052098,0.79506,28.241,-1.7923,-34.038,0.28758,2.9147,0.37351,-28.663
11.9,-0.24321,0.18658,-0.071232,-0.95705,-0.13462,0.036733,0.051321,-0.54164,30.985,-0.19147,-33.854,-0.058397,2.1151,-0.10475,-28.798,-0.24625,0.17398,-0.084047,-0.93085,-0.13983,0.025674,0.047059,1.331,29.381,-0.92059,-32.993,-0.82836,2.2064,0.86143,-25.013
12,-0.24483,0.19303,-0.080003,-0.93192,-0.13757,0.040695,0.042312,0.35861,29.901,-1.1429,-34.96,1.3143,1.1824,0.75136,-28.086,-0.25299,0.18425,-0.079033,-0.94575,-0.14463,0.031709,0.037909,-0.97888,30.577,-0.86698,-35.011,1.4549,2.5892,1.2995,-27.34
12.1,-0.25865,0.1794,-0.057591,-0.96196,-0.15393,0.037803,0.038084,-0.30526,31.151,-0.41758,-36.647,1.3038,2.4854,2.5268,-26.956,-0.23788,0.19763,-0.063993,-0.96526,-0.1464,0.032951,0.038755,-0.4055,31.176,-1.567,-34.384,1.3532,2.3671,0.69813,-25.285
12.2,-0.23656,0.17572,-0.070876,-0.95739,-0.13874,0.043571,0.033961,0.96852,30.353,-0.40548,-33.55,0.43845,2.5947,1.0816,-27.031,-0.23822,0.17319,-0.079894,-0.95878,-0.14285,0.037274,0.037476,0.23912,31.411,-2.753,-34.088,2.2538,4.7464,0.0065169,-27.316
12.3,-0.2265,0.18107,-0.062259,-0.94786,-0.14322,0.040931,0.044178,1.0081,31.098,-0.69575,-35.819,-0.79226,4.2574,0.21502,-24.78,-0.22886,0.19121,-0.070879,-0.94512,-0.13963,0.0337,0.035489,-0.082457,29.991,-1.6018,-35.627,2.3938,5.7979,1.974,-27.061
12.4,-0.20686,0.1711,-0.073731,-0.95493,-0.14629,0.040008,0.039033,0.21645,31.044,-0.38267,-35.892,-0.67298,2.7882,1.6886,-25,-0.22032,0.19255,-0.063701,-0.96472,-0.14045,0.042025,0.03333,1.8752,29.374,-1.1956,-34.828,0.13773,2.8928,0.91532,-26.628
12.5,-0.19986,0.17352,-0.059997,-0.97528,-0.14693,0.035214,0.035278,1.1816,32.008,-0.87452,-35.755,2.1807,4.3334,1.0084,-26.324,-0.20598,0.18966,-0.082782,-0.96204,-0.14024,0.040372,0.040775,1.9541,30.852,-0.44305,-37.208,0.96737,3.5324,1.1841,-26.725
12.6,-0.20725,0.1746,-0.069916,-0.96525,-0.14819,0.044579,0.032896,2.0734,30.586,-1.1646,-37.213,2.5676,4.6706,0.77339,-24.54,-0.19206,0.16631,-0.066392,-0.95675,-0.14384,0.037021,0.035653,1.1368,30.565,-2.8908,-36.278,0.64033,4.2411,0.13126,-25.024
12.7,-0.18751,0.17739,-0.085981,-0.986,-0.14078,0.041869,0.030276,-1.359,31.393,-1.8921,-39.175,0.44061,4.0634,-0.2399,-25.492,-0.19239,0.17382,-0.073427,-0.97118,-0.14399,0.045301,0.032138,0.03712,30.164,-2.0932,-37.55,-0.53156,2.6282,0.06174,-25.116
12.8,-0.17038,0.18218,-0.059807,-0.95204,-0.14262,0.043651,0.031638,1.3722,31.845,-1.6394,-38.501,1.9928,5.0425,1.61,-25.037,-0.18207,0.17961,-0.090267,-0.955,-0.1464,0.046103,0.029768,0.42454,32.791,0.3373,-37.41,1.2253,3.4532,1.8284,-25.616
12.9,-0.18643,0.1857,-0.069958,-0.96199,-0.15579,0.049734,0.028713,-0.18322,33.685,0.14677,-35.328,0.91444,4.4595,0.85919,-24.337,-0.17054,0.17349,-0.084088,-0.95834,-0.14471,0.034727,0.036459,1.5828,30.296,-0.66771,-37.629,1.1513,2.8083,0.27551,-24.682
13,-0.15471,0.16841,-0.060366,-0.96185,-0.14418,0.049997,0.036645,0.2138,33.348,-2.5653,-38.306,-0.38615,4.2104,0.33526,-25.868,-0.1615,0.19295,-0.095402,-0.97905,-0.13687,0.037904,0.029143,1.3837,30.31,-1.9491,-36.591,0.62284,4.4917,2.9288,-25.344
13.1,-0.1488,0.19003,-0.075192,-0.98205,-0.15333,0.051418,0.028092,0.17151,30.519,-0.36224,-40.136,1.5405,4.6288,-0.22703,-26.195,-0.16363,0.19047,-0.086798,-0.96804,-0.14001,0.048974,0.026903,0.51977,32.828,0.6685,-37.637,1.9693,6.6759,-0.27261,-23.205
13.2,-0.15543,0.17336,-0.082632,-0.97002,-0.1446,0.047607,0.022906,0.22808,32.299,-2.7073,-39.35,0.74855,4.2349,0.40006,-23.924,-0.16043,0.17824,-0.092688,-0.96387,-0.14113,0.050582,0.02586,0.57709,31.577,-2.5335,-39.975,1.3846,4.8994,1.1952,-23.455
13.3,-0.15322,0.17427,-0.068638,-0.97749,-0.14382,0.053549,0.02969,1.7899,32.485,-0.18678,-39.75,-0.34673,7.0873,1.1081,-22.621,-0.15839,0.1711,-0.077246,-0.97135,-0.14243,0.055764,0.023992,1.596,32.655,-0.79231,-39.977,0.42259,6.5665,2.8023,-23.036
13.4,-0.11719,0.16821,-0.075009,-0.98202,-0.14204,0.061825,0.031725,0.94354,32.283,-0.63483,-40.166,-0.96178,7.2766,0.30558,-22.34,-0.13149,0.18896,-0.085808,-0.98559,-0.14354,0.046291,0.023693,-0.965,30.638,-0.37408,-41.388,1.726,4.4072,1.9562,-21.963
13.5,-0.1286,0.17695,-0.084459,-0.97954,-0.14223,0.049812,0.024244,0.23929,32.336,-0.82588,-41.286,0.25492,5.6151,0.5899,-22.159,-0.13374,0.17062,-0.080363,-0.96931,-0.1562,0.045119,0.027159,1.6289,33.298,-2.9601,-39.128,1.6999,4.7593,-0.78238,-21.042
13.6,-0.13716,0.17996,-0.083243,-0.95845,-0.14089,0.055501,0.023658,0.26148,34.371,-1.8533,-40.789,0.59988,5.9374,-0.16891,-23.872,-0.1323,0.17612,-0.065559,-0.97709,-0.13737,0.051573,0.020193,1.0876,31.487,-1.8048,-39.626,2.8687,6.5314,1.5748,-21.617
13.7,-0.11889,0.15012,-0.0926,-0.97213,-0.14194,0.059136,0.02706,0.48873,31.543,-1.3919,-40.866,0.70308,4.4347,1.0301,-23.537,-0.1082,0.18542,-0.095798,-0.98469,-0.14162,0.053572,0.023463,-2.7045,31.119,-1.235,-42.467,1.0752,5.5275,1.6114,-20.408
13.8,-0.11783,0.16463,-0.073954,-0.98081,-0.14571,0.057995,0.025459,0.051412,31.681,0.16785,-42.166,-0.26304,7.182,1.0918,-20.867,-0.10232,0.16702,-0.094368,-0.98197,-0.13759,0.052471,0.021335,-0.8851,31.075,-1.7049,-41.086,1.9708,7.8335,1.9467,-20.848
13.9,-0.093543,0.1633,-0.079265,-0.98743,-0.1366,0.070708,0.022246,-2.1536,30.069,-1.2519,-41.866,1.1406,7.0886,0.43654,-20.634,-0.10535,0.17211,-0.077719,-0.9806,-0.13489,0.066344,0.0051023,1.1434,29.768,-2.8053,-42.089,0.62042,8.6437,1.0292,-20.128
14,-0.091978,0.1582,-0.087037,-0.99399,-0.12831,0.060382,0.021301,-1.5929,31.008,-1.795,-43.258,-0.80968,6.6789,-0.31708,-21.969,-0.095944,0.16527,-0.072783,-0.96874,-0.13476,0.05714,0.017747,-1.2469,29.34,-0.61692,-43.153,0.2869,8.7361,0.41386,-21.1
14.1,-0.090717,0.15036,-0.10086,-0.98814,-0.1378,0.057659,0.025913,-3.3307,29.89,-2.3731,-42.534,0.67292,7.0838,-0.36119,-18.543,-0.079191,0.14399,-0.06445,-0.98047,-0.13511,0.069467,0.018211,-0.16134,29.565,0.20672,-41.374,0.579,8.8338,1.5331,-20.719
14.2,-0.072768,0.15538,-0.09059,-0.97741,-0.1336,0.062622,0.016445,-0.36009,29.412,-0.58997,-42.681,1.8657,8.3412,1.7892,-19.208,-0.079853,0.15199,-0.074897,-0.97858,-0.12533,0.062929,0.017812,0.034766,28.969,-1.1916,-44.309,1.4104,8.4876,2.8824,-21.141
14.3,-0.087578,0.13524,-0.10447,-0.96339,-0.13131,0.05743,0.010479,-0.40475,28.039,-1.83,-42.554,0.74097,7.7846,-0.50074,-19.028,-0.06616,0.14397,-0.096032,-0.98887,-0.12484,0.061631,0.023265,-1.2503,29.455,-1.1742,-43.717,1.2755,10.012,-0.76952,-18.455
14.4,-0.052943,0.15601,-0.060461,-0.99503,-0.13182,0.05999,0.013016,-0.79511,28.308,-0.9224,-44.03,0.58752,9.6807,0.8139,-18.38,-0.075202,0.14451,-0.087808,-0.98276,-0.1224,0.065298,0.014884,0.5644,29.247,-0.57213,-40.881,1.2192,9.8545,1.8861,-20.086
14.5,-0.052921,0.15374,-0.067649,-0.98175,-0.12326,0.067489,0.011041,-0.48865,30.517,-1.6816,-44.524,1.3113,10.748,1.3146,-18.267,-0.064205,0.14928,-0.068529,-1.0074,-0.1252,0.07598,0.01566,-2.2306,28.497,-1.5068,-44.502,0.66469,10.013,0.44397,-17.933
14.6,-0.055037,0.12622,-0.087917,-0.96097,-0.12157,0.066286,0.009682,-0.58015,27.287,-2.2662,-45.424,0.68938,9.7634,1.0438,-19.666,-0.049967,0.1471,-0.0801,-0.98863,-0.11691,0.062572,0.0096846,0.60634,27.379,-0.79257,-45.44,0.14709,9.2833,-0.78977,-19.332
14.7,-0.042534,0.14789,-0.084614,-0.99838,-0.12736,0.07314,0.015812,-1.4895,27.172,-0.76909,-44.28,1.4278,8.3131,1.5596,-19.704,-0.041907,0.14147,-0.077624,-0.95498,-0.11859,0.065494,0.01801,0.60724,25.764,-1.125,-45.227,0.32062,8.2957,0.95973,-18.496
14.8,-0.019604,0.13091,-0.082893,-0.99091,-0.12318,0.081156,0.0046228,-2.8242,26.848,-2.9208,-45.691,0.12706,9.6094,1.6685,-18.153,-0.028057,0.15077,-0.086878,-0.97922,-0.1152,0.069191,0.0060526,-0.14763,26.458,-2.6041,-46.071,0.18911,10.226,-0.13661,-18.582
14.9,-0.02826,0.11829,-0.090736,-0.99537,-0.12173,0.07128,0.0018824,-2.9106,27.493,-1.339,-44.438,-1.2368,11.028,1.2129,-17.235,-0.049353,0.13024,-0.080972,-1.007,-0.12644,0.073107,0.0040823,0.10028,26.465,0.5885,-45.693,0.36673,9.1738,0.99554,-16.117
15,-0.027269,0.13435,-0.081525,-0.99325,-0.11004,0.089111,0.011979,-1.5816,25.189,-0.5686,-47.17,0.99702,10.68,0.47797,-17.863,-0.022973,0.10501,-0.087122,-0.98628,-0.1119,0.071448,0.0071574,-0.50773,27.365,-0.19379,-45.877,0.17501,9.8392,-0.30818,-17.09
15.1,-0.025895,0.12727,-0.077262,-0.98295,-0.10612,0.083122,0.013117,-1.6571,25.278,-1.0923,-46.643,-0.94047,10.812,0.036649,-16.969,-0.017808,0.13049,-0.080825,-0.99187,-0.10988,0.079018,0.0061896,0.505,25.384,-0.65622,-48.127,-0.97373,10.068,-0.046271,-18.316
15.2,-0.026929,0.11601,-0.08866,-1.0106,-0.10542,0.072438,-0.0047179,-0.2686,25.21,-0.79168,-46.53,1.039,10.144,0.82895,-17.936,-0.025329,0.12733,-0.069005,-0.99493,-0.10659,0.079386,0.0057684,-0.26366,25.796,-2.3894,-47.509,1.7088,10.261,2.5166,-15.704
15.3,-0.018872,0.10851,-0.076232,-0.96593,-0.092957,0.083582,-0.0025961,-1.2371,24.028,-1.9414,-48.344,1.1701,11.866,-0.51923,-17.3,0.00015862,0.11623,-0.081979,-0.9972,-0.10247,0.077894,0.00151,-1.3616,22.295,-2.6649,-48.163,0.87665,10.527,3.9961,-15.951
15.4,-0.0022392,0.11274,-0.079895,-0.98918,-0.11343,0.087562,-0.0034051,-1.9333,25.874,-1.5335,-47.392,0.42367,10.748,1.8264,-15.861,-0.0092247,0.11319,-0.077171,-0.98046,-0.10323,0.090425,0.0039663,-1.5844,24.756,-2.2332,-48.202,1.5324,11.108,1.4997,-15.743
15.5,-0.0099555,0.10301,-0.09683,-1.001,-0.10271,0.082311,0.0015544,-1.5965,21.794,0.11052,-49.642,0.08737,10.769,0.60681,-16.625,-0.0094747,0.11906,-0.081039,-0.9802,-0.094641,0.082076,0.0095284,-0.46558,21.713,-0.7864,-49.19,0.43178,11.363,0.62584,-16.593
15.6,0.0062992,0.099311,-0.08836,-0.9943,-0.10028,0.087339,0.0013868,-0.74912,21.817,-0.3974,-49.094,-0.33158,12.497,1.3366,-15.152,0.0016017,0.10963,-0.088569,-0.97351,-0.097757,0.081776,0.0065233,-0.61493,23.432,-1.6809,-46.965,-0.54424,12.593,2.496,-14.932
15.7,0.019447,0.09403,-0.067535,-1.004,-0.097156,0.08786,-0.0012561,-0.50165,22.017,-1.3093,-49.059,-0.014398,12.526,-0.83721,-17.526,0.011781,0.10369,-0.061201,-0.99332,-0.10786,0.088184,-0.0027344,-1.2826,23.022,-0.34901,-49.116,-1.3331,11.591,0.68498,-14.714
15.8,0.0075233,0.082273,-0.074194,-0.97463,-0.089773,0.087168,-0.0028774,-1.3291,23.157,-1.192,-49.025,2.2254,12.223,1.3567,-15.393,0.012209,0.094472,-0.078556,-1.0003,-0.094862,0.081143,-0.0074337,-0.34376,21.89,-1.5655,-49.719,2.1504,13.106,1.9625,-14.325
15.9,0.0074365,0.094217,-0.086801,-0.98876,-0.091197,0.092585,-0.0053656,-2.0511,22.245,-1.2392,-49.215,1.2624,13.232,3.2817,-15.835,0.012104,0.09482,-0.075915,-0.98242,-0.096013,0.084826,0.0056722,-0.071477,21.181,-3.1639,-49.284,0.46761,13.526,0.74157,-14.874
16,0.026177,0.084346,-0.067156,-0.99008,-0.095989,0.099354,0.0066956,-2.6178,20.995,-1.0562,-49.734,0.11073,12.146,2.3861,-13.394,0.038954,0.098914,-0.069628,-0.97565,-0.095826,0.088875,-0.0041136,-2.381,20.181,0.77063,-50.5,0.23225,11.771,0.59124,-13.281
16.1,0.041118,0.09725,-0.073452,-0.99615,-0.097384,0.092635,-0.01516,-1.4905,22.556,-1.1722,-49.474,1.1233,12.02,1.4164,-13.89,0.03512,0.10374,-0.07075,-1.0009,-0.087937,0.080257,-0.00027489,-2.0005,20.995,-1.7695,-49.178,1.3055,13.472,1.1441,-15.515
16.2,0.029425,0.068648,-0.085122,-0.98868,-0.093609,0.096487,-0.012269,-0.7592,19.299,-0.32918,-47.887,0.97895,15.646,2.1439,-13.249,0.047692,0.071739,-0.077969,-1.0069,-0.091865,0.1001,-0.0094739,-1.6157,20.702,-1.2804,-51.019,1.776,12.392,2.1621,-13.086
16.3,0.047218,0.059265,-0.08224,-1.0086,-0.08323,0.085248,-0.002242,-2.3716,19.124,0.5753,-50.043,2.0941,14.499,1.6816,-14.225,0.043276,0.082999,-0.07746,-0.98915,-0.08897,0.080712,0.0059918,-0.33626,23.006,0.26628,-50.002,-0.44444,14.367,-0.3994,-12.977
16.4,0.052807,0.088325,-0.070602,-0.98404,-0.086538,0.095955,-0.011823,-2.2265,18.815,0.67263,-51.964,1.7168,15.381,-0.11588,-13.272,0.039682,0.058963,-0.059753,-1.0075,-0.079898,0.086018,0.00070605,-1.1023,18.104,-1.7696,-49.928,-0.96072,13.073,0.83894,-14.258
16.5,0.037648,0.073694,-0.06118,-0.99573,-0.084349,0.10271,-0.0075966,-1.5642,19.653,0.4902,-48.887,1.4113,12.922,2.3432,-13.783,0.055672,0.094839,-0.075406,-0.98655,-0.082292,0.095841,-0.021198,-0.082992,18.145,0.357,-49.485,0.38773,15.168,-0.51725,-11.236
16.6,0.050447,0.058289,-0.058965,-0.9949,-0.075471,0.086286,-0.0098459,-2.4907,17.062,-0.33596,-50.238,0.3558,14.998,1.1891,-12.009,0.039822,0.072533,-0.080552,-0.99212,-0.08611,0.092347,-0.011519,-1.9772,16.703,1.1677,-49.014,2.6323,14.202,-0.90978,-12.664
16.7,0.038956,0.055262,-0.098138,-0.98898,-0.071264,0.092457,-0.017226,-1.635,18.169,0.18296,-49.683,1.0998,12.953,0.65959,-11.454,0.070358,0.059176,-0.08308,-0.98899,-0.068827,0.095813,-0.010622,0.034142,16.007,-1.0506,-49.129,1.3865,15.293,0.67718,-12.519
16.8,0.047756,0.035126,-0.089874,-0.98332,-0.075481,0.09217,-0.01018,-0.8453,16.946,1.7124,-49.68,-0.39692,13.231,0.75518,-11.337,0.066305,0.061197,-0.069297,-0.99182,-0.076494,0.096897,-0.019507,0.36416,15.642,-0.60043,-49.171,2.6307,13.86,-1.0346,-13.058
16.9,0.056414,0.056424,-0.065363,-0.98278,-0.085535,0.08891,-0.010955,-0.76916,17.844,1.8059,-48.044,-0.20794,13.902,2.579,-11.626,0.054598,0.067835,-0.081881,-0.98328,-0.077795,0.086193,-0.018128,-2.5914,15.934,0.78398,-49.336,1.1479,16.624,-0.21221,-12.184
17,0.061316,0.048299,-0.058505,-0.99138,-0.063431,0.079741,-0.0098661,-1.3352,15.947,1.602,-49.097,0.93609,15.035,0.74384,-12.141,0.075332,0.057472,-0.061836,-0.99328,-0.073203,0.083466,-0.014979,-3.7187,16.046,-0.4384,-49.124,0.60707,14.6,-0.10495,-11.761
17.1,0.081697,0.047326,-0.06199,-0.99375,-0.068289,0.093766,-0.0069828,-1.3599,15.786,2.1246,-49.585,1.6293,15.728,0.6424,-11.881,0.069083,0.06742,-0.059228,-0.99623,-0.067118,0.089217,-0.019129,-1.6877,15.973,2.2084,-47.205,-0.91558,16.482,-0.58023,-11.591
17.2,0.086694,0.055163,-0.057256,-1.0009,-0.069745,0.0879,-0.0251,-1.9091,15.068,1.7637,-47.856,1.6735,16.203,-0.20289,-10.628,0.080944,0.026147,-0.070003,-1.0047,-0.070907,0.088538,-0.018796,-1.5058,15.884,1.5756,-47.505,0.68558,16.641,1.8926,-12.756
17.3,0.075448,0.022205,-0.06164,-0.98981,-0.064782,0.083709,-0.015484,-2.6887,17.831,0.50186,-46.913,-0.022287,16.523,-0.82737,-8.8784,0.095845,0.041617,-0.057461,-0.98983,-0.064647,0.090204,-0.018606,-0.12429,16.306,0.053863,-48.77,2.4986,16.321,1.7221,-11.742
17.4,0.092525,0.018507,-0.068211,-0.99887,-0.064891,0.086241,-0.015962,-2.0962,15.003,1.2998,-47.566,1.6431,16.926,0.92987,-9.8449,0.097939,0.038414,-0.081565,-0.97889,-0.065406,0.078303,-0.01831,-2.9333,15.403,-0.052925,-49.584,1.1295,15.314,1.5574,-6.9438
17.5,0.085063,0.036354,-0.05563,-1.0004,-0.052605,0.082761,-0.020607,0.18294,15.305,0.26365,-47.915,0.90585,18.282,0.6507,-8.6899,0.078299,0.029211,-0.069069,-1.0193,-0.055304,0.084912,-0.016915,-1.1572,13.903,0.57044,-45.265,4.4061,14.287,-0.10949,-7.7877
17.6,0.086609,0.044473,-0.063158,-0.98017,-0.055507,0.089375,-0.022012,-0.64237,13.987,-0.47463,-47.391,0.11543,16.507,-0.3595,-8.5383,0.077042,0.024213,-0.061909,-1.0151,-0.055447,0.081765,-0.02288,0.33927,13.236,0.32478,-45.426,0.49819,16.914,0.77587,-8.1679
17.7,0.093,0.0081641,-0.044948,-0.99826,-0.055704,0.087629,-0.012349,-0.48021,11.181,-0.87124,-45.763,-0.061425,17.842,1.5015,-7.577,0.078618,0.010332,-0.049719,-0.99127,-0.058162,0.091087,-0.013683,-0.97656,14.941,0.5063,-48.371,-0.63393,15.805,1.1283,-9.6358
17.8,0.10155,0.0053269,-0.039591,-0.98654,-0.055617,0.088832,-0.018587,-0.97366,13.057,1.4676,-45.113,-0.065821,17.822,1.943,-9.0349,0.093603,0.016811,-0.080176,-0.9993,-0.050057,0.081246,-0.027879,0.85892,13.207,1.7136,-46.207,-0.98028,18.929,0.85475,-9.5865
17.9,0.082621,0.0019875,-0.058155,-0.99132,-0.052742,0.086296,-0.024236,-1.5415,11.093,2.3728,-45.178,0.01659,16.612,1.2402,-11.341,0.10498,0.0047557,-0.053394,-1.0025,-0.050749,0.088187,-0.031181,-0.43861,12.841,1.6992,-46.578,0.46606,17.407,1.1196,-8.2403
18,0.1203,0.013469,-0.064849,-0.99212,-0.046113,0.088944,-0.020043,1.002,13.759,0.23226,-46.449,-0.70884,19.178,3.1027,-7.4118,0.097736,0.0067702,-0.060967,-0.99334,-0.058461,0.080039,-0.02881,0.36096,11.745,0.44878,-43.363,0.70289,17.954,1.163,-7.6774
18.1,0.094298,0.016912,-0.061893,-0.98327,-0.040281,0.077025,-0.027208,-2.1445,11.21,0.48139,-45.63,1.8334,17.406,1.7039,-7.5722,0.10143,-0.0026875,-0.056434,-0.99749,-0.050619,0.084644,-0.025864,-2.8701,12.883,0.85128,-45.284,2.9242,17.925,0.94951,-8.1729
18.2,0.09998,0.012939,-0.051317,-0.9878,-0.047161,0.08,-0.024901,-0.3094,12.135,1.82,-45.744,1.391,18.384,1.5069,-7.4159,0.098844,-0.0023615,-0.038931,-0.97334,-0.052225,0.086465,-0.034564,-0.2395,12.169,0.10963,-45.125,-0.18632,18.41,-0.88607,-6.4517
18.3,0.099785,-0.0057816,-0.045165,-0.98435,-0.051582,0.084131,-0.039168,-2.3003,11.057,1.7441,-43.914,-0.32987,20.309,-0.55472,-7.2679,0.11339,-0.0094679,-0.04623,-0.98732,-0.047571,0.083481,-0.031968,-0.010649,12.976,1.8819,-44.687,1.6722,19.942,0.37471,-6.1333
18.4,0.10682,-0.00033704,-0.057912,-0.98172,-0.036163,0.084953,-0.022234,-1.366,12.085,1.9696,-46.626,1.1062,18.704,1.0004,-5.5549,0.11416,-0.0020204,-0.044564,-0.99975,-0.044757,0.082496,-0.027869,0.71231,10.3,-0.1305,-42.958,0.65106,18.639,0.21767,-7.775
18.5,0.11062,-0.023234,-0.040947,-1.0076,-0.044118,0.087303,-0.02636,-1.3994,11.206,-0.044449,-43.606,0.078909,18.077,2.0762,-7.5625,0.10374,-0.0082828,-0.031906,-0.99945,-0.041591,0.084103,-0.034191,-2.0768,10.53,1.4959,-43.405,1.3057,19.383,1.5884,-6.7041
18.6,0.10055,-0.019726,-0.024878,-0.99929,-0.036575,0.079994,-0.028704,-1.6976,8.4303,-0.39503,-43.156,0.84754,18.374,2.339,-5.7929,0.12114,-0.0056997,-0.036163,-0.99068,-0.050761,0.0915,-0.037769,-0.34838,8.9829,0.63307,-45.529,-1.4298,16.978,0.24253,-7.0549
18.7,0.1096,-0.01106,-0.021885,-0.98338,-0.039557,0.089729,-0.031343,-1.0835,9.417,0.60783,-43.46,1.1821,18.655,0.67403,-7.9731,0.11292,-0.023783,-0.024558,-0.98452,-0.028641,0.079792,-0.036833,-0.74432,8.9872,0.093206,-42.877,0.16334,17.104,-0.13234,-5.3362
18.8,0.12447,-0.0082478,-0.033563,-0.98774,-0.030878,0.074465,-0.034908,-0.56247,7.1474,0.50483,-44.343,1.1559,17.134,1.4224,-6.7412,0.12464,-0.022041,-0.025746,-0.99921,-0.035764,0.095593,-0.029279,-0.90457,9.7084,0.59435,-44.279,-0.4703,18.001,1.7576,-6.204
18.9,0.10821,-0.030451,-0.03397,-0.99414,-0.02841,0.07409,-0.033223,-2.0185,7.6331,1.9685,-44.23,0.13515,19.33,1.8906,-6.0228,0.12302,-0.028735,-0.028196,-0.9863,-0.028839,0.084051,-0.024832,-1.4675,10.278,-0.52583,-43.138,-0.075877,17.219,1.0394,-5.4986
19,0.11695,-0.027169,-0.029638,-0.99865,-0.034983,0.07642,-0.037299,0.63366,8.6995,0.29664,-42.745,-0.52351,18.956,2.075,-5.664,0.13962,-0.029709,-0.03089,-0.97383,-0.030214,0.078638,-0.044713,-2.0676,6.2487,0.53309,-42.969,-0.59562,18.418,-0.8914,-4.4141
19.1,0.12193,-0.020266,-0.021742,-1.0002,-0.025974,0.076991,-0.031061,-2.5386,5.1374,2.0935,-45.028,-1.0909,17.814,0.29221,-4.9948,0.13161,-0.062656,-0.0029148,-0.99016,-0.032008,0.073118,-0.026399,-1.3116,7.738,0.82653,-42.593,0.35294,17.654,0.44313,-5.2304
19.2,0.12777,-0.038323,-0.034283,-0.98105,-0.02198,0.08535,-0.039448,-1.614,4.9522,0.96215,-41.165,-1.8877,17.283,1.1684,-3.5145,0.12649,-0.015859,-0.027618,-0.98628,-0.02257,0.07237,-0.029388,-0.08752,7.5237,1.7162,-41.602,-1.3068,15.68,-0.57144,-4.4749
19.3,0.139,-0.030666,-0.028334,-0.98016,-0.024161,0.068484,-0.028585,-0.99941,5.1383,0.7147,-41.752,0.52547,17.761,0.69566,-4.6525,0.12759,-0.051937,-0.018019,-0.99081,-0.034215,0.073999,-0.027736,0.20647,6.626,-0.14599,-42.239,1.4685,19.42,-0.30935,-4.3713
19.4,0.13932,-0.049923,-0.016143,-0.98864,-0.021252,0.081733,-0.027666,-1.2467,6.1544,-1.0162,-42.098,1.6488,18.297,0.89473,-3.6154,0.13124,-0.027676,-0.044126,-0.99108,-0.021827,0.07612,-0.04152,-0.52479,4.4161,1.1541,-40.385,0.074136,19.493,0.68863,-3.4925
19.5,0.13822,-0.054833,-0.01879,-0.98674,-0.021197,0.072308,-0.033712,-1.6783,4.8368,2.9288,-40.523,-0.76716,17.826,-0.42378,-3.2005,0.13781,-0.04769,-0.024845,-0.97646,-0.017453,0.076577,-0.027118,-2.0338,5.7836,-0.62525,-41.062,0.026158,15.802,-1.1402,-3.7824
19.6,0.1313,-0.055332,-0.020542,-1.0121,-0.019971,0.07756,-0.041628,-2.1205,3.5119,-0.89991,-41.01,0.91679,16.633,0.090986,-5.0207,0.12273,-0.053304,-0.0077368,-0.97682,-0.014042,0.080209,-0.045886,-1.3506,5.2364,-0.60893,-39.659,-0.54028,16.283,-0.3826,-3.9746
19.7,0.11954,-0.043649,-0.0054939,-0.99884,-0.019605,0.076452,-0.034215,-1.0807,6.1806,-0.36444,-40.991,-0.88,18.488,0.69422,-5.824,0.12465,-0.051781,-0.0075353,-0.99947,-0.0062906,0.078955,-0.026844,0.14834,3.4528,0.5688,-41.741,0.35319,16.846,1.524,-3.5826
19.8,0.12939,-0.058671,-0.032438,-0.97495,-0.014917,0.066328,-0.031448,-2.4835,3.7272,1.0165,-40.788,-0.045613,19.383,0.012927,-5.3777,0.14911,-0.062139,-0.0013991,-0.98402,-0.0040151,0.067759,-0.036256,-0.61971,6.2868,-0.32194,-39.941,-0.34038,17.349,0.55403,-4.0178
19.9,0.12197,-0.06614,-0.0078315,-0.99829,-0.012595,0.075677,-0.030068,-1.0966,3.324,1.4857,-40.17,0.01796,16.37,-0.41302,-4.7632,0.12288,-0.054584,-0.018686,-1.0007,-0.017193,0.064236,-0.029437,-0.84431,5.4438,1.643,-39.61,-0.46793,18.487,-0.57775,-3.1083
20,0.12759,-0.083363,-0.011297,-0.98811,-0.015177,0.080429,-0.026641,-2.3993,2.8035,-0.013416,-39.422,0.15122,16.354,0.26272,-4.9714,0.12232,-0.062609,-0.0016932,-0.99447,-0.010273,0.065209,-0.028509,0.31721,2.9486,1.8735,-40.379,-0.41939,15.649,0.35871,-4.1839
20.1,0.14403,-0.058885,-0.010544,-0.98246,-0.018408,0.0779,-0.022366,-1.3207,2.9496,1.0085,-41.165,0.79791,15.9,-0.29421,-3.9536,0.12698,-0.06037,0.016433,-0.9842,-0.017315,0.078118,-0.0354,-1.0847,2.5316,1.3005,-40.093,0.12515,16.396,0.21051,-5.5102
20.2,0.1442,-0.06463,-0.0026091,-1.0145,-0.0065498,0.066805,-0.032375,-0.27496,2.7964,-0.33449,-38.741,-0.55632,16.436,-0.57219,-3.4495,0.142,-0.080244,-0.013253,-0.97235,-0.0068135,0.069885,-0.031816,-0.17967,1.971,1.9241,-38.268,0.3422,16.161,-1.6268,-2.4967
20.3,0.14947,-0.074533,-0.00132,-0.99585,-0.014363,0.067334,-0.024102,-1.2406,2.3557,0.81664,-39.637,0.9205,15,-0.12211,-3.9913,0.14594,-0.076629,-0.0079381,-0.99778,-0.0089807,0.069367,-0.031977,-1.7418,3.3349,1.4434,-38.794,0.036966,14.249,-0.39958,-4.1234
20.4,0.13002,-0.088661,-0.0086211,-0.99965,-0.016695,0.073879,-0.021638,-1.8354,1.6596,1.1678,-38.828,-0.41201,15.948,-0.90244,-4.678,0.14222,-0.085789,0.014524,-0.99912,-0.0030017,0.069719,-0.027579,-0.62279,0.17495,-0.72474,-38.269,1.1851,15.929,-0.12087,-5.035
20.5,0.13495,-0.079896,-0.0037258,-0.98849,-0.0023302,0.066182,-0.020925,-1.2351,1.646,1.6546,-40.534,-1.0354,14.24,-1.035,-5.4833,0.1428,-0.087689,-0.00033632,-1.0047,-0.0091888,0.06044,-0.025068,-2.9907,0.8499,1.5197,-37.863,-1.044,15.108,0.69441,-4.4586
20.6,0.13558,-0.088436,-0.0015211,-0.99332,-0.0038578,0.059812,-0.031908,-1.1334,-0.30506,0.15046,-36.788,-1.9308,16.184,-0.44183,-3.5541,0.12826,-0.089434,0.0059363,-0.97899,-0.0028881,0.069356,-0.017567,0.8943,0.57478,-0.1799,-36.3,-1.7315,15.452,-1.9079,-5.5247
20.7,0.14545,-0.075807,-0.012834,-0.98674,-0.0044957,0.068682,-0.038055,-1.0107,1.6263,0.14605,-38.874,-1.7194,15.426,-1.0163,-5.9244,0.1308,-0.069663,0.0098897,-0.99297,-0.010386,0.070049,-0.026832,-1.7148,1.043,0.76251,-37.084,-2.6093,16.801,-0.99342,-4.4113
20.8,0.1514,-0.092517,-0.0059415,-0.9845,0.0049056,0.054103,-0.019542,-0.15544,-1.2286,-0.4063,-38.086,-0.65912,15.132,0.907,-5.4977,0.12127,-0.07905,-0.00076002,-0.98887,-0.003753,0.059872,-0.018747,-0.78585,-0.18349,0.84738,-36.684,-0.50946,14.909,0.39226,-4.8233
20.9,0.14623,-0.083919,0.003671,-0.99405,-0.0015091,0.062411,-0.023583,0.06386,-0.79009,1.2762,-37.859,0.25684,13.151,-1.7704,-3.9628,0.1529,-0.096554,0.0092526,-0.99957,-0.00030251,0.066976,-0.024726,-0.58119,-1.0247,1.1459,-38.23,-1.1776,14.901,-0.068967,-5.3319
21,0.13137,-0.10158,-0.0055222,-0.98508,-0.0012695,0.063785,-0.016648,0.25686,-2.0339,0.075639,-37.577,0.54894,13.78,-0.49166,-6.6577,0.13651,-0.09764,0.01714,-0.99124,-0.0049355,0.062695,-0.016404,-1.7476,-0.2511,1.3135,-37.135,-1.4448,15.102,-1.1504,-6.5776
21.1,0.14332,-0.091462,0.0080643,-0.9788,-0.0078384,0.057268,-0.027495,0.63486,-0.67678,-0.44773,-35.997,-0.88978,13.276,0.1221,-5.4112,0.14844,-0.077933,0.00071987,-0.97433,-0.0028326,0.067701,-0.01234,-0.96905,1.2128,1.1627,-36.467,0.73478,14.017,-1.5829,-5.9401
21.2,0.14439,-0.11114,0.011469,-0.97513,0.004739,0.054906,-0.015865,-1.8521,-1.2608,2.2469,-36.826,-2.8089,12.519,-1.6724,-6.3889,0.14281,-0.093609,-0.0024403,-0.98884,0.0041566,0.058856,-0.013852,-1.5605,-1.5954,0.88023,-35.473,-0.95829,12.463,-0.73886,-6.2087
21.3,0.14519,-0.093862,0.023663,-0.98343,0.0052805,0.042943,-0.0058853,-2.4479,-2.1856,1.0939,-36.479,-1.9983,13.088,-0.01063,-5.5286,0.13007,-0.10243,0.031381,-0.97603,-0.0060247,0.050042,-0.011661,-0.90432,-0.66989,-0.30449,-35.771,-0.96697,12.901,0.15279,-5.1861
21.4,0.16164,-0.10126,0.0042589,-0.97263,0.0033899,0.056704,-0.022621,-1.3457,-3.5847,-1.3375,-34.722,-0.5221,12.731,-1.3358,-7.6227,0.13384,-0.092457,-0.0028523,-0.99037,0.0089162,0.055715,-0.016763,-1.0035,-2.1519,1.3345,-36.5,-0.84426,12.191,-0.0078149,-5.6688
21.5,0.14677,-0.10751,0.0015325,-0.97572,0.001352,0.056932,-0.016758,-1.3838,-0.91111,-1.5533,-35.295,-1.3939,12.583,-1.7992,-5.4141,0.13737,-0.10228,3.7309e-06,-0.9949,0.0051268,0.054168,-0.0097046,-0.040559,-2.6833,0.85383,-37.167,1.1527,13.265,-1.4161,-7.2925
21.6,0.12201,-0.11807,0.0070668,-0.97705,0.0042554,0.040425,-0.015676,0.32781,-4.9551,0.032701,-37.025,0.52283,11.718,0.13605,-7.6903,0.14534,-0.092606,0.022728,-0.98049,0.0032002,0.056158,-0.018188,-1.4872,-4.0042,0.43666,-33.153,-1.0277,12.485,-0.64939,-7.2289
21.7,0.14091,-0.11851,0.026179,-0.98951,0.0028941,0.047131,-0.0080745,0.4409,-3.432,0.54758,-35.598,-0.52884,12.293,-1.4982,-7.6144,0.14142,-0.090167,0.033029,-0.97744,-0.001775,0.040113,-0.018602,-2.0418,-3.023,1.867,-33.801,-0.7904,11.721,-0.56029,-8.4867
21.8,0.14548,-0.11252,0.024164,-0.98371,0.0026799,0.049809,-0.012963,-0.92507,-3.5053,-0.63861,-35.294,-1.6909,12.616,-1.0766,-6.2426,0.13749,-0.11468,0.0076803,-0.9862,0.014016,0.046677,-0.0058861,-1.3653,-4.5995,0.75225,-33.332,-0.3564,9.9554,0.11599,-8.4594
21.9,0.14154,-0.11744,0.00063144,-0.99172,0.0073614,0.038376,-0.011596,-1.0423,-5.0001,0.94978,-34.167,0.039652,12.117,0.18433,-8.2473,0.153,-0.11171,0.011384,-0.97455,0.0086247,0.047848,-0.009715,-2.2698,-4.575,2.0286,-34.788,-0.26005,10.07,-1.349,-7.4033
22,0.13295,-0.10477,0.027979,-0.97373,0.0029606,0.044277,-0.0087207,-3.9089,-4.701,-1.2153,-34.701,-1.9071,10.849,-0.13126,-6.3386,0.12301,-0.11473,0.0098686,-0.98086,0.003782,0.043842,0.00045958,-0.12783,-6.0361,2.7359,-34.418,-1.7335,11.331,0.20516,-6.9827
22.1,0.15033,-0.112,0.01673,-0.98317,0.012796,0.045695,-0.0010781,-1.2779,-6.1209,1.4923,-33.674,-1.8147,10.068,-2.3069,-7.0934,0.12172,-0.11728,0.029258,-0.97068,0.0065699,0.040497,-0.0086785,-1.4451,-5.0299,0.82443,-33.949,0.44524,9.7439,-1.1834,-8.6422
22.2,0.14328,-0.12885,0.015203,-0.9919,0.004081,0.054331,-0.012938,-1.1397,-7.5264,1.5928,-33.586,1.2705,8.9385,0.032305,-6.8989,0.14462,-0.14203,0.006586,-0.98238,0.0083218,0.03555,-0.002577,-0.40885,-5.3381,-0.60607,-31.522,-1.1874,11.042,-0.96732,-8.7519
22.3,0.14514,-0.11756,0.035507,-0.98141,0.013147,0.035771,-0.0053885,-1.1464,-5.7234,1.7946,-33.328,0.37418,10.748,-2.4378,-8.034,0.15081,-0.14247,0.036856,-0.96072,0.0096763,0.045627,-0.019887,-2.4721,-5.3634,0.75646,-33.874,-1.9786,10.907,-1.387,-9.1919
22.4,0.13758,-0.12454,0.017311,-0.98326,0.015913,0.039801,-0.0021258,-2.4051,-5.5511,0.14665,-31.742,-1.8067,10.896,-1.0445,-8.267,0.12806,-0.14389,0.027169,-0.97679,-0.0011027,0.039566,0.0042179,-3.229,-5.5352,1.854,-31.348,-1.5055,8.5158,-1.5612,-9.5807
22.5,0.1339,-0.12058,0.0078562,-0.97748,0.0089998,0.039467,0.0020688,-0.98363,-7.4299,-0.77095,-34.172,-1.0712,8.45,-1.3366,-8.7008,0.12553,-0.12926,0.030662,-0.98567,0.0092447,0.04044,-0.0024477,-3.9327,-6.356,-0.012564,-31.581,-1.2188,10.254,0.17956,-10.322
22.6,0.1411,-0.13915,0.0092356,-0.96938,0.011661,0.038562,-0.0015951,-0.53299,-7.401,1.6203,-32.409,-2.5925,10.42,-1.513,-9.126,0.11872,-0.14573,0.010931,-0.97718,0.015259,0.02751,-0.0064277,-0.51334,-8.5126,0.42721,-33.489,-1.0559,8.9494,-1.2706,-8.5261
22.7,0.12222,-0.14735,0.030715,-0.97404,0.0084029,0.02898,0.0013035,0.01679,-8.2017,1.3173,-31.179,-1.2492,10.153,-0.64086,-10.993,0.12535,-0.12832,0.0078756,-0.9878,0.0016646,0.035734,0.0017946,-1.2102,-6.823,0.57518,-31.371,-0.43067,9.1928,-1.563,-11.645
22.8,0.12803,-0.13349,0.016694,-0.99578,0.0040394,0.030773,-0.00042763,-1.1782,-7.3495,1.5798,-29.766,-0.44144,8.5595,-1.9063,-10.249,0.13004,-0.13601,0.020802,-0.97336,0.01197,0.036593,-0.0053046,-2.0711,-8.3882,2.1256,-31.071,-0.12886,10.354,0.61376,-8.8972
22.9,0.15424,-0.1393,0.028821,-0.98807,0.0078327,0.030842,0.005107,0.012888,-7.3868,0.51617,-31.326,0.56005,9.162,-0.94554,-13.008,0.13171,-0.14604,0.03978,-0.98114,0.016981,0.034675,0.0075442,-2.3364,-5.6926,1.1115,-30.967,-2.5126,7.8094,-2.149,-9.8419
23,0.13676,-0.15341,0.023627,-0.97585,0.0074778,0.037441,0.0103,0.4682,-9.1015,-1.3762,-30.423,-0.36551,7.0721,-0.92022,-11.945,0.13349,-0.13525,0.022115,-0.99258,0.024322,0.036373,0.0078307,-1.1174,-7.3394,-0.89467,-30.307,-0.20036,9.1793,-2.4311,-10.611
23.1,0.14827,-0.13048,0.038482,-0.97834,0.0135,0.028893,0.0049053,-1.0427,-9.8226,1.1683,-29.863,-1.1755,7.7199,-0.35125,-13.323,0.13108,-0.14374,0.025679,-0.97876,0.017313,0.02615,-0.0044309,-1.855,-9.1231,-0.46383,-31.295,-0.83869,9.6554,-0.29341,-10.097
23.2,0.1339,-0.15754,0.025402,-0.98781,0.016569,0.024024,0.00079757,-0.97752,-9.3602,1.17,-29.925,-2.774,7.5906,-1.8467,-10.604,0.13895,-0.15168,0.022297,-0.9826,0.014582,0.022115,0.0058173,-3.5823,-8.6722,-0.94388,-29.884,-1.8356,7.2447,-1.2585,-12.961
23.3,0.11005,-0.13731,0.0091893,-0.97707,0.022559,0.02524,0.0085987,-0.17452,-9.3396,0.15412,-30.08,-1.4241,8.3093,0.060039,-12.693,0.14137,-0.14176,0.017369,-0.98184,0.020046,0.026071,0.0088,-1.7641,-10.114,1.051,-29.462,-0.12971,8.8631,-2.6638,-12.891
23.4,0.13329,-0.15055,0.015148,-0.97009,0.017429,0.02174,0.012306,-0.97974,-9.9083,1.4514,-29.591,-1.3427,7.9477,-0.66066,-13.02,0.12961,-0.14827,0.004631,-0.97492,0.024299,0.027473,0.0039965,-0.21776,-10.143,1.3697,-28.724,-0.93906,6.3761,-1.8443,-10.835
23.5,0.13914,-0.15363,0.022722,-0.98471,0.0086597,0.013944,0.017157,-2.7714,-10.423,0.49456,-29.802,-1.1169,8.4988,0.62206,-14.901,0.11446,-0.16594,0.020213,-0.98399,0.011831,0.0146,0.011805,-0.82092,-8.5914,-0.5262,-28.847,-1.2935,7.2137,0.26917,-13.11
23.6,0.14524,-0.13251,0.02767,-0.9721,0.015689,0.025893,0.0094131,-1.1828,-10.035,0.24241,-31.017,-1.0667,7.8964,-1.049,-10.984,0.12948,-0.15302,0.0021125,-0.98547,0.012421,0.020866,0.012518,-0.68999,-11.906,0.54678,-28.744,1.8922,7.3056,-2.0548,-12.959
23.7,0.13302,-0.15995,0.023239,-0.98578,0.018589,0.017923,0.011887,-1.7337,-11.959,0.76368,-25.259,0.81295,5.9564,1.9862,-14.17,0.12332,-0.15029,0.011336,-0.97749,0.017507,0.02491,0.016969,-1.5118,-10.538,-0.40408,-29.441,-0.017798,6.2467,-0.24672,-10.572
23.8,0.13337,-0.15039,0.023627,-0.97423,0.019955,0.015903,0.0043543,0.53827,-12.095,0.48,-27.491,0.78332,5.8267,-1.6827,-12.824,0.11819,-0.13799,0.013692,-0.9893,0.029033,0.015345,0.015544,-0.38675,-11.043,0.28466,-29.177,0.64664,6.2723,-1.1982,-14.091
23.9,0.12927,-0.16276,0.014988,-0.98436,0.020489,0.015634,0.017739,-1.7605,-11.742,1.2339,-28.253,0.81791,7.541,-2.5056,-12.994,0.12548,-0.14884,0.01963,-0.98942,0.025731,0.0097212,0.012499,-1.1116,-13.679,3.133,-27.109,1.6793,6.3256,-1.7423,-15.228
24,0.13711,-0.1399,0.031404,-0.9761,0.031066,0.016142,0.012685,-0.67601,-11.559,-1.9783,-25.632,1.9804,5.5323,-0.3993,-13.789,0.12711,-0.14402,0.014092,-0.97083,0.020535,0.018585,0.021035,-0.92108,-11.754,1.7507,-26.473,-0.39709,5.1242,-1.7061,-15.592
24.1,0.12688,-0.1447,0.0093942,-0.96686,0.032914,0.016088,0.0074067,-0.29421,-13.911,1.9441,-26.257,-0.14499,4.9788,0.8676,-14.819,0.12283,-0.15848,0.020561,-0.98162,0.016657,0.018645,0.01513,-0.74589,-13.964,0.72392,-26.084,1.9621,5.6878,-2.9707,-15.241
24.2,0.12733,-0.14457,0.0048136,-0.99431,0.019073,0.0082559,0.016528,-2.6886,-14.55,-1.1027,-24.957,0.44564,5.2114,-0.32235,-15.564,0.11005,-0.15712,0.029762,-0.98641,0.024882,0.020842,0.022927,-1.8274,-11.365,-0.57074,-26.624,0.7944,8.1688,-3.1615,-15.445
24.3,0.11627,-0.15778,0.014012,-0.96357,0.014307,0.01505,0.025147,-0.51414,-12.177,2.1579,-26.342,-0.97919,3.424,-0.25836,-16.197,0.12577,-0.14776,0.018756,-0.96862,0.021166,0.01559,0.020732,-0.67091,-14.403,0.91157,-26.389,-0.55764,6.0154,0.96221,-15.734
24.4,0.12584,-0.13904,0.023029,-0.97883,0.026561,0.01057,0.018293,0.065366,-11.449,0.72072,-26.813,1.2191,3.5649,-0.25866,-16.581,0.10941,-0.17357,0.032042,-0.97848,0.024223,0.011904,0.022912,-1.4192,-13.413,0.79975,-26.029,0.60882,6.7994,-0.4907,-16.92
24.5,0.13453,-0.14948,0.0052133,-0.97592,0.021172,0.012146,0.022787,-1.6943,-15.95,1.6507,-25.487,-0.81405,4.8804,-0.1864,-16.242,0.15113,-0.17138,0.020399,-0.97781,0.023292,0.0071072,0.017397,-3.1214,-12.829,0.8636,-23.467,0.5963,4.3835,-0.56727,-17.26
24.6,0.13194,-0.1575,0.028079,-0.97475,0.027487,0.0050342,0.020696,-0.95504,-14.878,2.0186,-25.668,1.0584,5.283,0.73248,-17.067,0.13154,-0.14819,0.015594,-0.98432,0.025422,0.0025225,0.006814,-1.5904,-12.426,-0.46824,-24.982,2.0307,3.551,-0.51625,-16.808
24.7,0.11451,-0.1604,0.011105,-0.98107,0.023823,0.0017055,0.030018,-0.12223,-14.688,1.7419,-24.956,1.0006,5.9653,0.19615,-15.983,0.10882,-0.16308,0.023824,-0.97146,0.02732,0.013724,0.028144,0.16098,-15.445,1.1606,-26.197,0.075264,5.6846,-1.9033,-18.192
24.8,0.12471,-0.16166,0.01913,-0.99278,0.026925,0.0032642,0.022772,0.00059262,-14.541,0.0018627,-24.203,0.75212,4.6003,-2.1984,-17.578,0.11725,-0.14576,0.017569,-0.97705,0.026612,-0.0028069,0.025393,-0.89949,-16.863,1.2746,-24.985,1.2293,5.8276,-0.60446,-17.738
24.9,0.11414,-0.16863,-0.0085011,-0.98589,0.033191,0.0070871,0.03006,-1.3309,-14.958,2.4409,-26.851,1.6151,6.0766,-1.117,-18.032,0.10774,-0.14504,0.0025199,-0.9573,0.023703,0.01175,0.027154,-1.9927,-15.017,-0.10444,-22.629,-1.1079,5.9637,-1.6741,-18.152
25,0.11599,-0.15763,0.014867,-0.99554,0.032653,0.0051762,0.028015,1.5015,-15.705,0.71533,-24.399,1.6456,6.6278,-1.2875,-16.563,0.10725,-0.14715,0.00096327,-0.99525,0.02673,-0.0063836,0.019349,-2.0174,-15.721,-2.3269,-24.12,-1.1849,4.6721,-0.32249,-17.447
25.1,0.12053,-0.16702,0.006035,-0.98122,0.031121,-0.0044778,0.020033,-0.1656,-17.885,0.31818,-24.782,-0.069277,6.8499,-2.2553,-18.168,0.11668,-0.16489,0.0016459,-0.98007,0.03224,-0.0020979,0.028618,-3.5102,-15.833,2.8177,-23.568,-1.1347,5.1732,-0.61056,-15.608
25.2,0.098788,-0.1554,0.011622,-0.9807,0.029709,0.0048124,0.024495,-0.21707,-17.448,1.2898,-24.1,0.76405,4.242,-1.8452,-19.636,0.11091,-0.16271,0.010663,-0.98983,0.031127,-0.0043399,0.028982,-2.5363,-15.965,0.5799,-25.113,0.24425,5.1241,1.2363,-18.474
25.3,0.10346,-0.15952,-0.012283,-0.98922,0.026604,0.0054218,0.014067,-1.0425,-16.685,-0.7475,-23.333,-1.2758,5.4131,-1.4343,-17.684,0.10354,-0.15911,0.022755,-0.98328,0.034445,-0.0027244,0.027177,-2.3567,-17.402,-0.42556,-23.506,-1.1649,7.14,-0.84929,-17.589
25.4,0.11263,-0.16226,0.024181,-0.98642,0.023941,-0.013951,0.016816,-0.15987,-16.494,-0.08716,-23.563,1.2919,5.2126,-2.6378,-18.157,0.10533,-0.1554,0.011475,-0.98747,0.039277,-0.0011944,0.022229,0.091266,-16.231,1.8374,-24.178,-0.13941,7.4288,0.67076,-18.316
25.5,0.092655,-0.15996,0.014698,-0.98517,0.026287,-0.013761,0.02676,-0.67907,-18.669,0.078392,-22.446,0.7328,4.5682,0.32266,-20.202,0.098009,-0.16197,0.011195,-0.9867,0.032781,-0.0061741,0.022729,-1.5079,-19.622,-2.0154,-22.667,0.69345,4.7531,-1.6208,-19.703
25.6,0.10919,-0.16361,0.016211,-0.9779,0.034657,-0.017727,0.039132,0.23994,-18.102,0.30248,-21.102,0.6042,6.5192,-1.0595,-20.303,0.097924,-0.1597,0.014512,-0.97795,0.031606,-0.0066312,0.01575,0.058759,-18.436,0.27874,-22.904,0.61588,5.7935,-1.3432,-17.019
25.7,0.10904,-0.14578,-0.0038241,-0.97857,0.033178,-0.010837,0.025571,-1.3547,-18.215,0.13988,-23.205,0.33879,7.2645,-0.76563,-18.277,0.098134,-0.15321,0.015952,-0.99935,0.033799,-0.013594,0.031705,-1.119,-18.714,0.37065,-24.262,0.74245,5.5178,-1.125,-18.454
25.8,0.11174,-0.16077,0.0070132,-1.003,0.034125,-0.013231,0.02528,0.87641,-18.937,0.77624,-21.893,1.4998,8.2936,-1.5876,-20.302,0.10755,-0.15439,0.0049102,-1.0046,0.033368,-0.016873,0.019319,-1.2346,-18.008,1.2191,-21.809,0.99581,6.4012,-0.70416,-20.212
25.9,0.079946,-0.13967,0.0021871,-0.99081,0.029452,-0.018666,0.026513,0.30873,-19.872,-0.90227,-20.665,-1.8148,5.9644,-2.5129,-21.309,0.092376,-0.15085,0.01157,-0.986,0.03332,-0.013303,0.027985,-1.5185,-18.335,1.796,-20.099,1.382,6.9705,0.067881,-21.009
26,0.089112,-0.14937,-0.005118,-0.96072,0.032687,-0.022448,0.019121,-0.46848,-20.118,0.88082,-19.319,0.64716,7.1403,-0.70825,-18.651,0.093777,-0.16668,-0.0034049,-0.99139,0.043193,-0.019624,0.025428,-0.46718,-18.353,0.098985,-21.081,-2.59,5.678,-1.392,-22.147
26.1,0.089484,-0.15734,-0.0053946,-0.97691,0.03408,-0.015735,0.036025,0.51143,-21.526,1.9886,-19.298,1.5545,6.6571,2.5744,-22.454,0.11383,-0.15969,0.007313,-0.99232,0.027203,-0.018186,0.040523,-1.8727,-18.433,1.8405,-20.481,-0.38165,8.684,0.37987,-22.764
26.2,0.089763,-0.1389,0.0058361,-0.96429,0.047107,-0.019549,0.025077,-2.4048,-19.413,2.5046,-18.888,-2.4459,6.9077,1.5215,-19.163,0.09866,-0.16392,0.0040825,-0.97982,0.034886,-0.016843,0.021589,-0.14744,-19.9,-0.18127,-18.45,1.9392,6.9432,-1.5823,-23.198
26.3,0.087526,-0.15029,-0.0021649,-0.98037,0.036367,-0.021425,0.023389,-2.1965,-20.202,2.5096,-19.558,1.6324,6.9174,-1.0103,-23.755,0.086274,-0.14947,0.0042634,-0.99785,0.039658,-0.015337,0.030192,-2.2925,-21.781,-0.14592,-19.887,-0.12703,8.7265,0.27734,-20.769
26.4,0.081771,-0.14857,-0.02691,-0.9971,0.045408,-0.02039,0.033636,0.38875,-20.587,-0.19204,-19.577,2.0979,5.6175,-1.1186,-21.036,0.075534,-0.15537,0.0076791,-0.98748,0.045044,-0.012544,0.024283,-0.64742,-22.829,0.97929,-18.686,3.3574,8.6736,-2.2464,-22.663
26.5,0.073431,-0.14087,0.00074356,-0.96859,0.037735,-0.018271,0.035248,-3.0118,-22.12,0.3736,-18.539,1.6495,8.1087,-0.95284,-23.761,0.096088,-0.15469,-0.020043,-0.98697,0.046936,-0.018183,0.025825,-2.3178,-23.172,0.57941,-19.193,2.1732,8.7107,-0.90681,-20.092
26.6,0.079761,-0.15181,-0.0068436,-1.0023,0.045681,-0.021518,0.024239,-0.8414,-19.735,-0.8401,-20.196,-0.17336,9.0611,0.19695,-23.984,0.080814,-0.15314,-0.004723,-0.99418,0.039611,-0.016326,0.031379,-0.57695,-22.544,0.81899,-18.63,-0.13833,7.6545,-2.0786,-21.406
26.7,0.095793,-0.15953,-0.014163,-0.97813,0.042304,-0.034126,0.030189,-0.1488,-22.024,0.51703,-18.536,-0.73133,9.7686,-0.56239,-22.982,0.088174,-0.15129,-0.0051171,-0.97875,0.044646,-0.02059,0.021441,-2.3673,-22.156,-1.4603,-19.095,1.5628,8.9073,-1.2181,-22.844
26.8,0.080463,-0.16233,-0.012536,-0.99113,0.048829,-0.030905,0.027994,-2.0621,-22.824,0.76601,-17.912,1.7736,9.1595,-1.1683,-24.379,0.074232,-0.15265,-0.016778,-0.99275,0.046738,-0.028365,0.024014,-1.9712,-21.314,0.52481,-17.233,2.0027,11.112,-1.8358,-24.228
26.9,0.076707,-0.1456,-0.021995,-0.98128,0.047363,-0.020897,0.022244,-2.3349,-22.016,1.0761,-19.317,-0.030319,9.0147,-1.2589,-23.128,0.066083,-0.13113,-0.014076,-0.99255,0.051143,-0.026191,0.027622,-0.81051,-23.205,0.31688,-17.096,0.66239,8.3626,-1.5358,-24.886
27,0.074902,-0.15088,0.00031711,-0.97877,0.041593,-0.036024,0.027441,-2.4633,-23.456,1.0671,-19.131,2.3708,8.6742,-1.7096,-23.852,0.058037,-0.12816,-0.026052,-0.98279,0.045118,-0.035977,0.028886,-0.87976,-23.19,-0.33228,-17.152,2.7476,9.9474,-2.5973,-22.161
27.1,0.065805,-0.125,-0.0077541,-0.9922,0.043663,-0.032509,0.031297,-0.50488,-24.273,0.45644,-17.748,2.1778,9.5872,-1.9298,-25.468,0.06117,-0.15274,8.3948e-05,-0.99626,0.040578,-0.029938,0.037221,-3.559,-25.848,1.8427,-16.567,0.50753,8.3599,-0.62665,-25.466
27.2,0.089793,-0.13984,-0.025909,-0.98792,0.044671,-0.022107,0.034044,-0.62759,-24.19,2.5561,-17.398,0.66858,9.955,-2.3646,-25.706,0.07104,-0.12945,-0.0018743,-1.0013,0.046628,-0.023962,0.022945,-0.065433,-23.551,1.864,-16.562,1.6025,9.8285,-2.1404,-24.016
27.3,0.084921,-0.12912,-0.011729,-0.99102,0.046647,-0.036753,0.024503,-0.73337,-25.881,0.20496,-17.059,1.2625,10.716,-1.9271,-24.29,0.054721,-0.14766,-0.0087201,-0.9751,0.040995,-0.036155,0.029403,0.92782,-24.137,-0.46904,-16.639,0.37734,10.847,-1.6755,-24.686
27.4,0.06079,-0.1378,-0.0022925,-0.98411,0.049077,-0.036028,0.021563,-1.9767,-24.41,0.55069,-17.945,0.75579,11.523,-0.95489,-25.572,0.063359,-0.14267,-0.011584,-0.9791,0.043404,-0.035641,0.028798,-0.87064,-24.437,0.36932,-14.814,1.3468,10.308,-1.9162,-25.79
27.5,0.066789,-0.1375,-0.020694,-0.98567,0.060461,-0.031726,0.02759,-2.1848,-25.674,-0.58063,-14.822,1.691,9.0758,0.43181,-23.175,0.059579,-0.11852,-0.015438,-0.99619,0.055098,-0.038216,0.029443,-1.1556,-24.632,-0.13853,-16.603,1.9197,10.043,-0.34564,-23.357
27.6,0.054332,-0.14856,-0.023373,-0.97194,0.059933,-0.038748,0.018605,-1.4801,-25.906,1.7498,-14.956,0.15866,10.624,-2.3666,-25.318,0.072022,-0.12747,-0.016583,-0.97411,0.040048,-0.040239,0.013006,0.15845,-25.805,0.54955,-15.586,-0.20588,9.8773,-0.84322,-24.777
27.7,0.047539,-0.14793,-0.0012969,-1.0016,0.04782,-0.041036,0.023758,0.9234,-25.652,0.1459,-14.562,-0.58942,11.623,-1.0206,-23.379,0.055393,-0.13642,-0.033643,-0.99192,0.046414,-0.03861,0.020698,0.19514,-26.976,0.26087,-15.004,1.167,10.518,-2.0817,-25.959
27.8,0.050983,-0.135,-0.018902,-0.98971,0.057694,-0.047123,0.027797,-1.06,-25.388,-0.096584,-15.531,0.11045,10.33,0.33144,-26.741,0.038399,-0.12659,-0.02038,-0.98512,0.044662,-0.044675,0.029779,0.27653,-24.76,0.86043,-15.61,1.5443,10.371,-1.1731,-25.025
27.9,0.055505,-0.11439,-0.0038565,-0.99522,0.042549,-0.04508,0.024741,-0.40479,-24.367,0.61288,-13.655,0.20389,11.506,-0.40379,-26.89,0.064302,-0.1325,-0.013664,-0.99945,0.050046,-0.041201,0.026517,-0.71205,-27.82,0.49026,-15.861,1.3056,11.463,-1.883,-25.177
28,0.030518,-0.13268,-0.0060341,-0.97876,0.054529,-0.042126,0.028884,0.025538,-26.062,1.3592,-12.792,0.24825,12.683,1.2575,-25.201,0.056421,-0.1105,-0.0071274,-0.98879,0.051895,-0.044147,0.022456,-2.2592,-27.025,-0.81156,-15.135,1.6259,12.392,-1.9534,-28.807
28.1,0.045282,-0.13083,-0.021074,-0.99553,0.048452,-0.047733,0.028987,0.17686,-25.37,0.8051,-14.218,0.65293,12.357,-1.3441,-27.684,0.041042,-0.13779,-0.039929,-1.0123,0.052037,-0.045769,0.028251,-0.36523,-27.073,1.1233,-12.969,1.1114,11.848,0.41214,-26.363
28.2,0.021229,-0.12276,-0.02453,-0.97864,0.055266,-0.045725,0.025146,1.4054,-23.528,1.7115,-13.635,2.2901,12.363,-2.6997,-28.222,0.04326,-0.11659,-0.020383,-0.99107,0.049504,-0.048873,0.022542,0.74706,-25.168,0.28588,-11.865,1.0242,12.495,-1.3716,-26.207
28.3,0.042826,-0.12149,-0.020784,-0.99787,0.042743,-0.042611,0.02587,-0.3288,-24.032,1.8676,-14.364,0.56038,12.484,-0.62968,-25.753,0.030853,-0.11735,-0.037362,-1.0001,0.039554,-0.040692,0.024763,0.7193,-26.103,1.0725,-13.377,0.42047,12.696,-2.0607,-27.769
28.4,0.027674,-0.124,-0.019654,-0.99394,0.046246,-0.048591,0.026967,0.28717,-24.086,0.11312,-12.542,1.0521,12.24,0.69098,-28.508,0.046717,-0.11906,-0.037469,-0.99252,0.049441,-0.051985,0.02484,-0.24917,-24.549,1.9507,-14.036,1.4004,12.99,-1.0938,-28.675
28.5,0.055596,-0.10683,-0.035312,-0.98785,0.047422,-0.047381,0.023632,-0.024636,-26.016,0.074191,-13.321,1.6126,14.602,0.44959,-28.282,0.025586,-0.11985,-0.016328,-0.98544,0.043935,-0.041316,0.026823,0.75385,-25.923,1.7409,-11.846,1.2563,13.971,-0.098488,-27.874
28.6,-0.0021251,-0.12271,-0.032326,-1.0014,0.041085,-0.049603,0.031165,-0.92843,-23.5,-1.3425,-11.895,0.6101,12.241,-2.2165,-27.678,0.029764,-0.10633,-0.029993,-0.9996,0.038512,-0.050082,0.025627,-0.26825,-26.468,0.20443,-14.386,1.8655,13.757,-0.81737,-27.095
28.7,0.029979,-0.099502,-0.029056,-0.99291,0.053094,-0.051536,0.034348,-0.29316,-26.476,1.6579,-12.3,-0.60133,14.07,1.2986,-28.831,0.039245,-0.094248,-0.023811,-0.98023,0.044825,-0.050739,0.023047,0.3062,-24.218,2.0819,-12.984,1.4788,13.251,1.5712,-29.203
28.8,0.011855,-0.10122,-0.032115,-0.99773,0.040404,-0.047143,0.014851,1.826,-24.62,1.1148,-11.88,0.11622,13.485,-1.235,-27.88,0.031993,-0.11657,-0.030443,-0.99554,0.043082,-0.058046,0.018076,0.18746,-22.748,1.7107,-12.529,1.3162,15.137,0.20584,-28.972
28.9,0.01603,-0.088086,-0.056603,-0.99986,0.041341,-0.051952,0.02921,1.0124,-24.049,1.0404,-12.017,1.8524,13.935,-2.3379,-26.999,0.01182,-0.12227,-0.042686,-0.98988,0.048156,-0.047514,0.032557,1.573,-25.182,1.5957,-10.816,1.987,13.449,0.088246,-28.604
29,0.0076833,-0.10299,-0.035873,-0.9957,0.052629,-0.055518,0.017008,0.17858,-23.898,0.49807,-13.058,-0.2174,12.844,-0.43017,-27.939,0.034987,-0.09394,-0.021979,-0.98623,0.044225,-0.05941,0.021742,0.85798,-26.401,1.442,-11.005,1.6606,12.411,-0.13457,-27.908
29.1,0.031859,-0.091128,-0.022383,-0.99591,0.027844,-0.050348,0.019904,0.90065,-24.902,-0.34991,-10.997,2.3799,16.536,2.3435,-28.602,0.012499,-0.078686,-0.039948,-0.99789,0.045358,-0.055347,0.026908,2.2313,-23.637,-0.21968,-11.07,0.52637,15.428,-0.40162,-28.611
29.2,0.019094,-0.099352,-0.022002,-0.99255,0.036998,-0.05338,0.025697,2.0338,-23.688,1.298,-10.93,0.73499,14.528,-0.029321,-29.012,0.011557,-0.092599,-0.03507,-1.0208,0.044978,-0.055454,0.023617,-0.014668,-24.243,2.2591,-10.914,1.2646,14.427,-2.2378,-26.802
29.3,0.016192,-0.10201,-0.032461,-1.0099,0.035095,-0.060832,0.019417,1.1012,-23.618,1.8552,-9.6726,1.4397,16.164,0.64286,-28.693,0.012144,-0.08225,-0.0077667,-0.99496,0.041075,-0.055605,0.022517,-0.39901,-22.855,-0.082212,-11.189,0.039708,14.605,0.61472,-27.851
29.4,0.018,-0.10259,-0.038369,-0.99656,0.041245,-0.054897,0.01939,2.1323,-21.675,1.3237,-11.433,1.618,15.657,0.49308,-28.436,-0.0037262,-0.085603,-0.04177,-1.0088,0.042638,-0.05436,0.014367,0.81731,-22.309,0.64855,-9.9197,1.4373,13.766,0.39226,-27.359
29.5,-0.0037794,-0.10086,-0.03588,-0.98676,0.045035,-0.056985,0.016462,0.83016,-22.758,0.022964,-9.4447,0.79962,15.124,-0.80605,-27.2,0.006228,-0.087965,-0.027829,-0.98986,0.037135,-0.053169,0.016277,3.3545,-23.485,0.83119,-10.157,0.45231,16.395,1.2251,-27.107
29.6,0.0045726,-0.096152,-0.045423,-0.98543,0.029808,-0.053844,0.0091378,1.7696,-23.658,-0.46609,-11.792,-0.45802,15.71,1.8151,-28.257,0.01783,-0.093767,-0.022061,-1.0096,0.027826,-0.05953,0.014322,0.54612,-22.462,1.2801,-9.4424,1.4195,16.28,-0.97149,-28.441
29.7,0.040463,-0.10323,-0.024169,-0.98617,0.049059,-0.070219,0.015063,-0.30767,-23.409,2.3636,-9.5928,0.82272,17.641,0.79609,-28.459,0.018976,-0.087266,-0.022894,-1.011,0.034845,-0.064564,0.018288,1.3813,-21.141,2.4085,-7.9995,1.7713,16.39,0.50942,-26.573
29.8,0.0091812,-0.088111,-0.054061,-0.98878,0.038101,-0.063122,0.015376,1.4413,-21.906,-0.77579,-8.5182,-1.6012,16.448,-0.12887,-26.576,-0.00062484,-0.071744,-0.048014,-0.9839,0.044062,-0.065463,0.011331,1.8569,-22.171,0.84675,-7.7214,0.6058,17.067,-0.5096,-27.854
29.9,0.0048984,-0.080881,-0.048054,-0.99459,0.034235,-0.070415,0.010606,2.9968,-20.749,1.3144,-8.4874,0.48073,16.617,1.0953,-27.579,0.00043148,-0.08128,-0.027532,-0.99836,0.023822,-0.060325,0.019599,0.42229,-21.933,-1.4553,-8.409,1.0063,14.863,1.6804,-25.883
30,0.0082304,-0.075773,-0.044564,-1.0021,0.03696,-0.069416,0.015941,0.60222,-21.128,2.455,-10.385,-1.2639,18.094,0.74891,-26.629,0.0081558,-0.07606,-0.034333,-1.002,0.034639,-0.069091,0.025688,-0.18954,-19.759,0.7759,-6.4017,1.6987,17.676,0.98229,-28.013
30.1,-0.0095975,-0.080098,-0.034187,-0.99911,0.036842,-0.065688,0.011807,1.8662,-22.783,0.57364,-7.6179,2.5799,16.606,3.0381,-26.822,-0.0093626,-0.083962,-0.038389,-1.0017,0.024407,-0.059834,0.012839,0.11704,-21.245,0.64142,-7.6941,1.5388,17.971,0.13868,-27.757
30.2,0.0008464,-0.078502,-0.055542,-0.9953,0.037033,-0.057519,0.0098912,0.57378,-20.337,-0.13106,-7.2427,0.11677,17.785,2.2168,-25.59,0.0017545,-0.058028,-0.032058,-0.99122,0.036003,-0.062843,0.0080199,-0.13068,-21.296,0.62818,-7.7569,0.035907,17.153,0.90094,-26.801
30.3,-0.0073715,-0.06047,-0.054517,-0.99945,0.03577,-0.063094,0.0055614,0.79325,-20.338,0.35556,-8.5145,0.875,16.649,0.46637,-25.758,-0.00047249,-0.071284,-0.030651,-0.99696,0.030355,-0.063928,0.011623,-0.492,-18.988,0.28111,-5.8673,0.42662,18.019,0.32642,-24.056
30.4,-0.024446,-0.066342,-0.040127,-0.99391,0.03107,-0.066175,0.0093875,-0.036475,-20.977,0.46988,-5.5032,0.37294,17.336,2.0734,-25.421,-1.5347e-06,-0.05678,-0.053934,-0.98722,0.027872,-0.065604,0.0074476,1.2858,-20.043,1.0783,-7.5687,2.0263,18.092,0.80349,-26.508
30.5,0.0012407,-0.058086,-0.040686,-1.0075,0.027567,-0.076308,0.0048234,1.8861,-19.481,-0.43751,-7.6532,1.8688,18.115,1.1173,-25.164,-0.021857,-0.063925,-0.025898,-0.99287,0.030713,-0.061181,0.008302,1.767,-19.123,-1.7507,-8.432,1.3107,18.335,2.2494,-23.597
30.6,0.004857,-0.062389,-0.05611,-1.0115,0.024465,-0.056826,0.0095113,0.65525,-18.047,-0.36798,-5.7036,1.7834,18.802,0.11742,-26.099,-0.0099043,-0.049462,-0.05451,-0.99881,0.03293,-0.069206,0.0088562,-0.64329,-18.75,-0.051193,-7.2429,0.11237,18.027,2.2218,-22.978
30.7,-0.016197,-0.074386,-0.035875,-0.99625,0.031217,-0.061841,0.0076381,-0.49241,-18.294,-2.7875,-9.0467,0.45575,17.859,0.14907,-24.38,-0.029893,-0.052837,-0.044446,-0.97944,0.01856,-0.060147,0.0038985,1.3052,-17.316,-1.2955,-6.3181,1.7766,18.617,0.53358,-24.703
30.8,-0.025664,-0.046176,-0.047538,-0.99635,0.029488,-0.063823,0.00090775,0.33335,-20.563,-1.6978,-7.6074,1.3501,19.018,1.9634,-24.565,-0.031743,-0.05412,-0.048122,-0.99488,0.042172,-0.053982,0.0086979,-0.73237,-18.677,-0.76734,-8.3412,0.4838,18.948,-0.0044639,-23.936
30.9,-0.020785,-0.026961,-0.051219,-1.008,0.022096,-0.06312,0.012276,2.5265,-19.072,-0.9187,-6.8336,1.2823,20.084,0.53877,-23.404,-0.0079146,-0.068972,-0.050931,-0.99423,0.034113,-0.063859,0.0097708,0.20631,-19.191,-1.0111,-7.3516,0.86665,18.668,2.5094,-23.313
31,-0.011144,-0.030946,-0.031765,-0.98855,0.033126,-0.063477,0.0038901,0.17964,-19.265,-1.5147,-8.3466,-0.24123,19.204,0.92717,-24.857,-0.02107,-0.034811,-0.04291,-0.99498,0.028643,-0.059126,0.004482,-0.83148,-19.791,-2.0189,-8.2899,2.6844,20.76,0.95827,-23.764
31.1,-0.023864,-0.028031,-0.030172,-0.97658,0.028734,-0.057183,0.0022124,2.3388,-18.657,0.92897,-8.5408,0.51864,19.7,0.85066,-24.301,-0.01946,-0.027447,-0.068986,-0.99606,0.031713,-0.059497,0.0027528,1.4904,-16.496,-0.078647,-9.1625,-1.3419,20.516,2.3161,-22.632
31.2,-0.035945,-0.04542,-0.046641,-1.006,0.031862,-0.069202,0.0052162,0.57822,-18.504,-0.56116,-9.1122,0.057177,18.689,0.21794,-22.455,-0.039744,-0.03383,-0.063937,-0.9887,0.023943,-0.058912,0.002427,-0.28257,-16.84,-2.1683,-8.8518,-0.83334,19.811,0.55094,-22.15
31.3,-0.022306,-0.050731,-0.04735,-1.0135,0.030592,-0.059417,0.002111,-1.5421,-16.79,-0.94775,-9.3948,0.74598,20.61,1.7677,-23.1,-0.016199,-0.035898,-0.049363,-1.0117,0.024453,-0.050546,0.0038939,2.1677,-16.857,-2.0258,-7.476,0.251,21.474,1.493,-22.918
31.4,-0.019016,-0.030289,-0.029265,-1.0065,0.029963,-0.047492,-0.0013631,0.39813,-19.318,-1.6215,-11.606,0.19935,20.27,-0.21453,-21.479,-0.030241,-0.016663,-0.030925,-1.0053,0.020234,-0.059098,-0.0048942,0.52565,-15.956,-0.48347,-10.11,0.71809,21.109,-0.61666,-23.731
31.5,-0.030956,-0.02449,-0.051212,-0.99012,0.018973,-0.054253,-0.0077623,2.5883,-16.365,-0.44903,-9.4187,0.97649,20.762,0.67338,-21.418,-0.0063319,-0.03401,-0.031807,-0.99747,0.027097,-0.055728,0.0034036,3.2859,-16.122,-3.2786,-11.298,0.67657,20.143,1.1008,-22.189
31.6,-0.02359,-0.025626,-0.040585,-0.9924,0.032944,-0.049849,-0.0047851,2.5921,-17.385,-0.9835,-10.324,0.23544,20.459,0.60777,-22.227,-0.032069,-0.027457,-0.050578,-1.0033,0.025469,-0.051794,-0.0030409,1.9913,-15.569,0.94056,-10.274,-0.84053,21.442,-0.11568,-21.682
31.7,-0.023802,-0.0040647,-0.046946,-1.0104,0.019814,-0.049896,-0.0020988,0.50974,-14.786,-1.1646,-9.9437,0.12592,22.07,1.3271,-21.433,-0.023818,-0.021657,-0.04592,-0.97704,0.019248,-0.050369,-0.0045339,-0.93295,-16.137,-1.3712,-12.106,0.33833,20.816,1.2505,-21.063
31.8,-0.025823,-0.030013,-0.049519,-1.0055,0.026002,-0.057858,0.0018253,0.91154,-16.137,-0.43317,-11.072,0.73887,21.202,0.047665,-21.415,-0.043197,-0.012651,-0.054063,-0.9987,0.026893,-0.046477,0.0041878,1.1412,-17.222,-1.6324,-10.708,2.0736,21.095,1.3215,-22.431
31.9,-0.032358,-0.01479,-0.029492,-1.0139,0.021487,-0.048743,0.00071605,-0.047249,-15.656,0.48415,-14.523,1.0145,21.921,1.1349,-21.257,-0.022607,-0.031298,-0.040776,-1.0143,0.023514,-0.038631,0.0018393,1.9409,-15.664,0.13572,-11.328,0.46698,20.567,0.14004,-20.22
32,-0.026591,-0.015589,-0.037639,-1.0015,0.029337,-0.045663,-0.0012774,1.7291,-14.914,-2.0502,-11.554,1.431,22.52,-1.37,-20.649,-0.036914,-0.01574,-0.035866,-0.99584,0.014155,-0.035685,-0.0068722,0.048235,-15.715,-2.2827,-11.806,1.4193,21.038,0.77717,-20.569
32.1,-0.034828,-0.016964,-0.036567,-0.98153,0.019721,-0.037785,-0.0084613,0.63665,-14.715,-0.76635,-13.62,1.1656,22.092,1.3875,-20.211,-0.022456,-0.029018,-0.049185,-1.0035,0.030704,-0.039376,-0.0054326,-0.49263,-14.872,-2.3596,-12.428,0.045788,23.145,-0.29558,-19.063
32.2,-0.035256,-0.011328,-0.032658,-1.0081,0.035201,-0.043066,-0.00354,0.10823,-14.384,-2.8376,-14.551,0.44006,22.189,-1.4189,-18.142,-0.045308,-0.019274,-0.041914,-1.0005,0.026488,-0.043704,-0.0037066,0.91873,-15.19,-0.67579,-11.263,-0.052714,23.306,-0.06695,-18.53
32.3,-0.02974,-0.0012332,-0.032611,-1.01,0.030012,-0.046345,-0.018871,0.63286,-15.684,-0.77741,-13.134,0.8746,22.368,0.71107,-17.944,-0.041909,-0.0032974,-0.03795,-1.0004,0.027137,-0.043839,-0.0045831,-0.11563,-15.582,-0.88685,-12.754,0.4283,21.292,1.5704,-21.494
32.4,-0.024474,-0.0023496,-0.02979,-0.97578,0.01785,-0.029108,-0.014377,-0.71933,-14.719,-2.0319,-13.341,0.25095,23.126,1.2956,-18.935,-0.038115,0.0056993,-0.032378,-1.023,0.02232,-0.038072,-0.0059686,0.92887,-14.23,0.66727,-13.234,0.50479,23.567,-0.33045,-19.325
32.5,-0.037472,0.0056115,-0.033253,-1.011,0.013208,-0.033573,-0.0095805,0.19179,-13.138,-0.30076,-12.134,0.34141,24.434,-0.22933,-19.439,-0.028387,-0.0049526,-0.038228,-1.0057,0.019173,-0.037512,-0.019641,0.62967,-12.168,0.6802,-13.071,-0.49762,23.633,-0.97948,-20.618
32.6,-0.035092,0.0074558,-0.047781,-0.99284,0.011178,-0.043301,-0.0012756,1.7053,-13.287,-1.8775,-12.95,0.51622,23.505,-0.017539,-20.583,-0.040567,-0.046874,-0.034368,-0.99734,0.018262,-0.040534,-0.012489,0.63362,-12.958,-0.24443,-13.248,0.19878,22.126,1.3485,-18.74
32.7,-0.041185,-0.012847,-0.031768,-1.0074,0.021809,-0.03112,-0.010595,-0.10765,-13.565,-2.6487,-13.858,0.92731,25.153,-0.5596,-19.607,-0.054146,-0.0041843,-0.031877,-0.99663,0.020978,-0.028997,-0.0090825,1.7466,-12.342,-0.93646,-14.809,-1.1455,23.17,0.71962,-19.787
32.8,-0.03843,-0.024255,-0.032436,-0.99483,0.020123,-0.038748,-0.012759,0.46195,-14.698,-1.4114,-14.824,0.68769,22.312,-0.52733,-18.915,-0.048951,-0.029296,-0.030999,-0.99592,0.020536,-0.035394,-0.01455,-0.7526,-12.011,-0.65572,-14.579,1.0849,22.927,1.2402,-17.897
32.9,-0.016695,-0.0044342,-0.051007,-1.0087,0.024404,-0.041673,-0.010278,-0.68988,-12.63,-1.4202,-15.507,-0.13528,22.343,-1.0869,-18.918,-0.044335,0.0072565,-0.036227,-1.0066,0.019337,-0.028126,-0.006631,2.3701,-14.003,-2.8487,-14.864,1.7469,23.175,-0.35395,-20.054
33,-0.03003,-0.014099,-0.035741,-1.0087,0.020216,-0.037362,-0.013492,1.0277,-13.06,-1.5612,-14.713,-0.23029,24.148,-0.2737,-19.907,-0.054696,-0.0063615,-0.027595,-0.99562,0.018716,-0.029687,-0.01939,2.0559,-12.158,-3.2566,-16.921,2.1055,24.135,-0.12471,-20.363
33.1,-0.051536,0.013261,-0.033806,-1.011,0.022885,-0.036464,-0.012121,-0.33704,-10.848,-2.3577,-14.967,0.29534,22.843,0.085934,-18.817,-0.043988,-0.00067462,-0.037064,-0.9978,0.010789,-0.036519,-0.016375,0.4809,-13.998,-1.6263,-16.662,-0.67179,24.496,-1.4941,-16.751
33.2,-0.035206,-0.0065386,-0.039029,-1.0006,0.013614,-0.039091,-0.014163,1.3069,-11.358,-0.58782,-16.975,0.41264,24.238,1.6293,-19.594,-0.030524,0.011492,-0.030073,-0.98409,0.0027763,-0.037623,-0.015807,-0.25769,-13.497,-1.6834,-19.247,-0.17875,22.81,-1.0403,-20.213
33.3,-0.040081,0.0061371,-0.03465,-0.98186,0.01254,-0.023166,-0.01408,-0.69802,-11.345,-2.5452,-16.029,1.3555,24.849,-1.41,-19.239,-0.051978,-0.005963,-0.04836,-0.99362,0.0057493,-0.035239,-0.019101,-0.07799,-10.925,-1.8447,-18.072,0.68705,26.43,-1.8023,-17.333
33.4,-0.038785,-0.0092802,-0.038647,-0.99556,0.0076682,-0.034138,-0.017081,0.80015,-10.295,-1.1713,-17.358,0.1889,23.923,-0.98752,-20.222,-0.044573,0.017343,-0.035122,-1.0136,0.0021772,-0.024518,-0.0081628,0.34552,-11.003,-1.5434,-17.032,0.58646,25.196,1.2762,-19.191
33.5,-0.042434,0.021015,-0.038752,-0.99337,0.021291,-0.025165,-0.013222,1.1401,-12.185,-2.8797,-18.768,-0.18876,26.14,-0.55069,-18.801,-0.047296,0.0015715,-0.041718,-1.0037,0.016767,-0.027842,-0.026879,1.4315,-9.8965,-0.88996,-18.134,0.81438,25.658,-0.40765,-19.263
33.6,-0.048355,0.028102,-0.014982,-0.99559,0.010917,-0.029847,-0.020068,1.1262,-9.6811,1.028,-18.062,0.14678,26.077,-2.6525,-19.102,-0.060763,0.0011634,-0.045708,-1.0084,0.0031526,-0.02472,-0.023764,-0.83636,-9.7533,-0.72158,-17.948,0.84047,26.521,-1.2725,-19.407
33.7,-0.054631,0.025773,-0.025863,-1.0027,0.010719,-0.021233,-0.020123,-2.2471,-10.08,-1.5658,-18.629,1.1202,24.793,0.80128,-20.225,-0.035781,0.0035788,-0.03327,-1.0011,0.014141,-0.028598,-0.019521,0.18967,-9.7728,-0.54074,-18.344,1.0015,24.364,-1.3516,-17.23
33.8,-0.043082,-0.014578,-0.037725,-0.98204,-0.0028563,-0.029906,-0.01925,-1.358,-7.6623,-0.50086,-17.693,2.2552,25.762,-0.48314,-19.543,-0.054222,0.017268,-0.017477,-1.0009,0.0016972,-0.018545,-0.02174,2.6225,-9.4087,-1.0715,-18.575,2.901,27.013,0.56089,-19.327
33.9,-0.051674,0.0067778,-0.040927,-0.98298,0.0033997,-0.029103,-0.020499,0.76954,-11.055,-1.6622,-19.18,0.43898,26.743,-1.323,-19.915,-0.047939,0.0074097,-0.029755,-1.0165,0.002981,-0.027795,-0.022176,1.5127,-8.8351,-2.901,-19.504,3.016,26.588,0.80336,-18.655
34,-0.060749,0.023284,-0.028089,-1.011,0.0075771,-0.026625,-0.017381,-0.029376,-7.7912,-2.1069,-17.879,-1.0934,25.288,-0.942,-19.92,-0.060292,0.0019302,-0.02831,-0.99789,0.0098348,-0.023078,-0.022299,0.99008,-7.7396,-2.4511,-19.68,-0.10193,25.624,0.42308,-19.858
34.1,-0.050639,0.0291,-0.020211,-1.0101,-0.0046771,-0.034298,-0.018088,0.93633,-7.5377,-2.1191,-20.665,-1.8201,26.899,-2.4768,-19.024,-0.066866,0.029716,-0.014341,-1.0096,-0.0018959,-0.031611,-0.01917,0.20411,-9.6205,1.4368,-18.543,-1.5446,27.902,0.34724,-17.138
34.2,-0.037521,0.02234,-0.030779,-1.0288,0.0071469,-0.017971,-0.016636,-0.58493,-6.1685,-0.25256,-18.592,-0.95955,27.185,0.39948,-19.199,-0.029557,0.019831,-0.0097249,-0.99486,-0.0033062,-0.015678,-0.017418,1.9628,-9.2134,-0.94568,-20.757,-0.11537,28.344,2.8052,-17.85
34.3,-0.044991,0.036569,-0.029987,-0.989,-0.001144,-0.02241,-0.017572,0.064381,-8.8341,0.45927,-19.148,-0.053838,29.231,-0.92151,-18.792,-0.043976,0.016848,-0.028281,-1.0152,-0.00077505,-0.027736,-0.0146,1.0836,-7.7984,-0.10716,-20.801,0.48921,25.324,0.79254,-19.544
34.4,-0.048277,0.024565,-0.022775,-1.0078,0.0029274,-0.023081,-0.013602,-0.42011,-6.1079,0.034154,-19.658,-0.32242,25.442,2.6021,-18.782,-0.069032,0.019018,-0.0099123,-0.99381,0.0018932,-0.025253,-0.021277,0.86446,-8.8073,-1.5191,-19.456,0.86035,27.111,-1.4646,-19.287
34.5,-0.047172,0.021255,-0.014811,-1.0032,-0.0035245,-0.018603,-0.024269,1.6347,-8.1219,-0.66662,-20.626,-2.5528,25.91,-0.51896,-21.473,-0.056559,0.024143,-0.019218,-1.0121,0.0051172,-0.018633,-0.020646,1.0265,-8.8027,-1.8558,-20.705,-1.179,26.891,0.84077,-19.088
34.6,-0.047364,0.022452,-0.029518,-1.013,-0.0022902,-0.023901,-0.025594,0.95884,-7.0553,-2.1446,-21.946,-0.94907,25.672,0.088169,-20.12,-0.044881,0.034417,-0.009946,-0.99805,-0.004167,-0.0040914,-0.02124,-0.52861,-6.7307,-0.497,-23.268,-0.44574,25.092,-1.7054,-20.973
34.7,-0.057042,0.0072711,-0.01478,-1.0019,0.0040386,-0.021027,-0.01672,1.3193,-7.6631,-0.19297,-22.187,-1.7829,25.855,-1.2091,-19.222,-0.043382,0.02234,-0.027564,-0.98772,0.0020722,-0.022892,-0.022017,-0.94021,-6.4863,-0.38891,-21.738,1.4131,26.061,-1.469,-20.011
34.8,-0.041824,0.027221,-0.011796,-0.99556,-0.0018636,-0.010625,-0.016851,1.7953,-6.0759,-0.33586,-23.309,0.21953,23.66,-0.67349,-20.316,-0.052318,0.026833,-0.012738,-0.99475,0.0072468,-0.020276,-0.019456,0.84485,-6.2182,0.28735,-24.976,-0.15316,26.641,-1.0979,-18.517
34.9,-0.052975,0.0081219,-0.01396,-1.0003,0.006484,-0.015495,-0.0094205,0.001655,-6.6951,-2.2217,-21.364,-0.2462,24.295,-2.0079,-21.122,-0.054562,0.027306,-0.022069,-1.0113,0.00066173,-0.01403,-0.012911,-0.20489,-6.6594,-1.4027,-21.813,-0.66647,26.704,0.68711,-21.053
35,-0.057246,0.030774,0.0044578,-0.98265,-0.0061444,-0.014274,-0.022178,0.83403,-5.1245,-2.3794,-24.016,-0.60618,24.4,1.09,-20.62,-0.040032,0.038099,-0.019616,-0.9965,-0.011189,-0.0096056,-0.01432,1.8543,-5.7812,-1.9481,-24.364,-1.2929,27.009,-1.9712,-20.615
35.1,-0.055725,0.0070414,-0.0084578,-0.9977,-0.010468,-0.014469,-0.017734,1.7527,-5.2695,-1.5628,-22.945,0.67321,24.849,-1.4691,-20.649,-0.076225,0.01787,-0.016288,-1.0036,-0.012422,-0.021933,-0.022439,0.58005,-6.4958,-2.2238,-24.073,1.3435,26.818,-0.22641,-19.026
35.2,-0.049674,0.031267,-0.02169,-1.0007,-0.011355,-0.0079712,-0.021637,1.4325,-6.3661,-1.9046,-23.332,1.4238,23.589,-0.43168,-21.611,-0.04822,0.015554,-0.020266,-1.0221,-0.013123,-0.013003,-0.014589,0.40866,-6.0126,-0.17916,-24.114,-0.68957,25.923,-0.33089,-22.436
35.3,-0.035704,0.043188,-0.014604,-1.0084,-0.015534,-0.021286,-0.020084,1.555,-3.2947,0.21035,-25.084,0.65214,25.418,-2.1926,-21.176,-0.042271,0.022891,-0.010222,-0.99329,-0.010502,-0.0087737,-0.01701,0.18832,-5.1591,-2.1597,-25.587,-0.87545,24.248,0.17524,-19.521
35.4,-0.047532,0.016134,-0.02283,-0.98672,-0.010917,-0.014905,-0.012677,0.89163,-4.0593,-3.669,-24.086,-2.4396,23.741,0.37144,-19.602,-0.033739,0.015506,-0.02494,-0.9885,-0.020252,-0.0074292,-0.010257,1.2745,-3.4515,-1.3505,-26.03,0.28174,24.414,0.584,-21.781
35.5,-0.054314,0.030442,-0.0079325,-1.0167,-0.011838,-0.0043213,-0.015593,1.5496,-5.3424,0.77302,-26.329,-0.94274,25.589,-0.92273,-22.198,-0.040808,0.048486,-0.0074831,-0.99997,-0.0071929,-0.012628,-0.0060528,-0.35501,-3.203,-0.72032,-26.146,1.4981,25.254,-1.2487,-21.333
35.6,-0.062266,0.027488,-0.013619,-0.99473,-0.019941,-0.012552,-0.014198,0.50761,-2.5515,-0.44206,-24.89,-0.43836,23.768,0.43911,-22.146,-0.034378,0.025091,-0.022909,-1.0011,-0.01051,-0.014928,-0.014905,2.1414,-4.9854,-1.864,-26.778,-1.0123,26.101,-1.1085,-20.956
35.7,-0.031847,0.015675,-0.013319,-0.99435,-0.01835,-0.003288,-0.013547,1.7166,-2.6824,0.63781,-26.302,-1.6733,22.718,0.48896,-18.676,-0.057802,0.0083714,-0.02937,-1.0095,-0.015719,-0.0070881,-0.0092656,-0.83606,-1.2546,-1.6755,-25.688,0.768,24.671,-0.13312,-21.86
35.8,-0.057597,0.016264,-0.017135,-0.99775,-0.021572,-0.0042899,-0.012539,0.69798,-1.8442,0.30995,-26.098,0.016097,22.968,-2.0806,-20.963,-0.04613,0.033545,-0.028486,-1.0048,-0.013458,-0.013164,-0.018464,1.565,-3.7427,1.545,-26.996,-0.69069,23.891,1.7937,-20.322
35.9,-0.034495,0.036034,-0.0033769,-0.99621,-0.017521,-0.010328,-0.016874,0.55507,-2.4454,-2.1948,-26.837,1.3386,25.008,-0.21921,-22.293,-0.04163,0.038374,0.010662,-0.98486,-0.016001,-0.0020747,-0.016478,1.8527,-2.712,-0.77514,-26.594,-1.0372,23.874,-0.40077,-19.142
36,-0.040165,0.023861,-0.012894,-1.0002,-0.02469,0.00025347,-0.015757,1.2868,-1.2163,-2.4106,-28.607,-0.60805,23.127,-1.3355,-22.328,-0.03864,0.034604,-0.00013882,-1.0069,-0.023564,0.0021629,-0.0065817,1.0973,-2.1888,-1.9384,-27.716,0.089551,24.371,-0.24374,-20.332
36.1,-0.050632,0.038945,-0.01657,-1.0029,-0.013305,-0.0079784,-0.012313,0.65257,-0.49158,-0.87258,-26.522,0.95049,22.433,1.3997,-21.356,-0.056696,0.0085872,-2.804e-05,-1.0152,-0.018076,-0.0091566,-0.0045946,-0.29898,-1.9639,-2.0104,-27.968,-0.70699,22.321,1.4228,-21.057
36.2,-0.042933,0.012265,0.0070514,-0.98576,-0.016302,-0.0083995,-0.013734,1.6002,-0.54711,-0.17922,-26.792,0.22197,24.655,1.3965,-21.652,-0.038315,0.022055,-0.0091872,-0.99409,-0.012301,-0.0036171,-0.010779,0.018574,-0.96531,-0.0010173,-27.967,0.28027,22.794,0.85497,-21.061
36.3,-0.022089,0.033513,-0.0083486,-1.0167,-0.012298,-0.0018238,-0.010718,0.57473,-0.67004,-1.6712,-30.168,-0.40814,21.583,2.8568,-21.224,-0.044221,0.024707,0.015253,-0.99733,-0.021658,0.0039719,-0.011163,2.5348,-0.89837,-0.93983,-28.196,-0.72186,24.983,0.36732,-18.251
36.4,-0.041128,0.035598,-0.00032203,-0.99225,-0.014658,-0.002023,-0.0066455,2.2315,-0.46856,-2.0527,-28.529,-1.6397,22.017,0.14823,-20.331,-0.058636,0.030496,0.01109,-1.0033,-0.021613,-0.0001985,-0.010008,1.0579,-0.47152,-1.4814,-29.696,-0.3757,23.71,0.90603,-21.359
36.5,-0.027567,0.0038672,-0.012446,-1.0083,-0.020965,-0.0024064,-0.0082384,-0.30433,-1.4955,-0.55584,-30.886,-0.41726,23.238,-0.75202,-19.599,-0.035589,0.03461,-0.015477,-1.0038,-0.024063,-0.00062288,-0.010198,0.28657,0.19436,-1.3036,-29.609,-0.39163,24.024,1.7062,-20.274
36.6,-0.024556,0.041214,0.004941,-1.0025,-0.021874,0.0070775,-0.0041702,0.77692,-2.7774,-0.1716,-28.951,-0.49323,22.32,-1.2108,-17.687,-0.041657,0.025874,-0.021556,-1.0051,-0.026975,0.0037899,-0.010205,0.93089,-0.13505,0.11748,-30.679,-1.4154,21.113,1.333,-21.193
36.7,-0.059205,0.024672,0.0052702,-0.99182,-0.028137,0.0056837,-0.0098924,1.8376,-0.50521,-1.0085,-31.017,0.92279,22.092,0.26671,-18.53,-0.029559,0.021722,-0.012334,-0.9913,-0.024321,0.0082615,-0.01147,-0.21287,-1.0623,-2.9858,-30.782,-0.45681,24.822,-0.071015,-18.845
36.8,-0.025879,0.018084,-0.0061741,-1.0101,-0.031834,0.0031309,-0.013469,0.87106,-0.80071,0.13513,-31.707,-0.25257,22.824,-0.098302,-18.683,-0.039468,0.026437,0.0018644,-1.0125,-0.015166,0.0056263,-0.0019407,0.1543,1.4352,-0.38818,-31.576,0.73909,21.793,0.56566,-20.937
36.9,-0.018555,0.02418,-0.011117,-1.0024,-0.023833,0.0022545,-0.0092909,0.5632,-0.069069,-1.4992,-31.16,-1.6583,22.568,1.2975,-20.247,-0.038548,0.033465,0.015453,-0.98634,-0.026461,0.011539,-0.0059179,0.64291,0.23677,-0.68165,-29.081,-0.016327,21.251,1.3868,-18.276
37,-0.017914,0.0097608,-0.0078319,-1.0082,-0.023747,0.017521,-0.0078641,1.4572,1.0016,0.23169,-29.593,-3.8215,20.81,0.52244,-20.541,-0.023363,0.039055,-0.0098677,-1.0041,-0.020803,0.017398,-0.0057716,2.6865,1.4857,-2.4599,-30.102,0.35454,21.444,0.72706,-18.765
37.1,-0.021803,0.017972,-0.0091023,-1.0046,-0.032931,0.0032606,0.0047551,1.3517,0.92499,-0.37023,-32.937,-0.87658,20.751,0.5652,-21.058,-0.026819,0.033589,0.0039666,-1.0154,-0.023952,0.0045207,-0.00069083,-0.37746,1.1344,-2.703,-31.374,-0.38515,22.661,-0.85564,-18.499
37.2,-0.035574,0.027404,0.00037375,-0.99918,-0.031816,0.0080678,-0.0099556,0.74257,1.1966,-0.78268,-31.119,-2.6999,20.495,-1.1094,-19.187,-0.016601,0.021686,-0.015788,-1.0131,-0.026069,0.0083939,0.0021685,1.2294,0.37171,-1.1579,-32.851,-1.087,20.204,-1.757,-18.244
37.3,-0.034733,0.019143,0.0016543,-1.0055,-0.022708,-0.0032602,-0.0030457,0.73755,2.0109,-0.75354,-32.043,-0.44287,20.712,0.54905,-18.231,-0.040864,0.02412,-0.012477,-1.004,-0.027246,0.015341,-0.0065856,3.0703,1.0365,-3.5725,-32.219,-3.0987,20.695,1.9656,-18.42
37.4,-0.033704,0.031215,-0.023276,-1.0078,-0.023828,0.0086308,-0.013801,-0.78292,1.8221,-2.8221,-34.234,-3.3783,18.789,-0.53575,-17.638,-0.0196,0.015878,-0.019042,-0.98928,-0.020118,0.014785,-0.0025422,0.016918,0.25928,-0.86762,-32.655,-0.83857,19.065,-0.78282,-17.818
37.5,-0.030173,0.040914,0.0010644,-1.0006,-0.032208,0.015513,-0.0029215,0.85478,1.7148,-0.8263,-34.023,-1.1094,18.871,2.9029,-18.215,-0.040831,0.01415,0.0030903,-1.0011,-0.033119,0.015475,-0.013238,0.029056,2.3208,-1.1424,-32.679,-1.9257,19.842,0.68114,-17.374
37.6,-0.025538,0.036259,-0.006493,-0.99429,-0.018326,0.014501,0.0014507,-2.4781,-0.71907,0.16155,-33.789,-1.429,20.139,-0.84164,-17.136,-0.025092,0.047858,-0.0083293,-0.98857,-0.033623,0.018472,-0.0084924,0.49058,2.0736,-2.9771,-33.636,-1.268,19.021,0.92078,-18.437
37.7,-0.028058,0.020579,-0.0022212,-0.99417,-0.027728,0.011419,0.0048139,-0.3168,2.334,-0.67612,-33.913,-1.6329,17.636,0.55237,-19.788,-0.042075,0.024608,0.0010645,-1.0145,-0.025088,0.019764,0.0040179,-0.32776,1.7485,-2.7788,-35.017,-1.8028,20.923,2.3961,-18.91
37.8,-0.019384,0.032983,0.005435,-0.99827,-0.024881,0.027439,-0.0061069,1.7434,1.9188,-2.4415,-36.282,-1.0361,18.867,2.4159,-18.66,-0.011847,0.0047933,-0.018728,-0.98862,-0.026304,0.022825,-0.011211,-1.9074,1.9286,-0.92437,-36.235,0.36166,19.563,0.58154,-17.023
37.9,-0.018111,0.032758,0.0007318,-1.0059,-0.018005,0.015678,-0.0012112,-1.6023,1.3035,-1.0317,-34.208,-1.0063,20.495,0.71443,-17.145,-0.030884,0.017708,0.0023494,-0.9857,-0.029288,0.021726,-0.0030232,0.41269,-0.060464,-4.4493,-33.707,-0.29124,19.124,0.10651,-17.566
38,-0.0084422,0.014052,0.016819,-1.0284,-0.017313,0.017881,0.00073845,-0.89768,3.1301,-2.0384,-33.969,-0.053933,17.186,-0.25133,-15.123,-0.022518,0.023181,-0.0088355,-0.99083,-0.013097,0.03155,0.00026154,0.77055,-1.3891,-0.93892,-36.143,-1.2972,16.557,-0.19269,-18.213
38.1,-0.035007,0.034293,-0.016137,-0.98593,-0.018314,0.024762,0.001277,-0.52768,2.7364,-0.37712,-36.326,1.8748,15.814,-0.53659,-17.938,-0.0032605,0.018845,-0.011316,-0.99242,-0.028369,0.026977,-0.0075441,1.2251,0.29924,0.46855,-35.474,-0.49554,17.198,-0.46593,-15.438
38.2,-0.012182,0.014901,-0.0020381,-1.0086,-0.014479,0.0060884,0.0037572,-0.032148,-0.45762,0.16657,-34.344,0.80196,16.612,-0.13931,-17.091,-0.0015041,0.012088,-0.0073867,-0.99615,-0.01307,0.022269,-0.0033447,-0.70781,-1.0439,1.0599,-33.726,1.013,15.648,-1.1319,-19.484
38.3,-0.01878,0.0050023,-0.010543,-0.99678,-0.017096,0.020221,5.1467e-05,-2.7623,-1.2364,1.4677,-36.394,0.38952,17.443,0.86235,-17.753,-0.013663,0.030481,-0.0015694,-1.001,-0.017397,0.024113,-0.0091249,-2.0033,-0.85964,0.83441,-33.68,3.2192,18.01,-1.2385,-17.466
38.4,-0.024446,0.008051,-0.0063652,-0.99532,-0.022675,0.023713,-0.0054583,-1.2219,-0.23893,-0.41641,-34.625,1.3967,17.249,0.070978,-16.964,-0.020297,0.0082607,-0.014074,-1.005,-0.018916,0.024207,0.0073415,0.13532,0.17413,0.33585,-33.912,-0.11017,16.995,-0.81731,-16.297
38.5,-0.012163,0.0098233,0.0052848,-0.97419,-0.012431,0.018773,-0.00401,1.4559,-0.29328,0.57393,-36.668,0.83278,17.428,-0.4708,-17.903,-0.02879,0.010812,0.0072296,-1,-0.017274,0.021448,-0.0035241,0.42709,-1.5384,1.5072,-34.233,0.0051954,16.133,0.95631,-18.564
38.6,-0.02781,0.011983,0.0066304,-1.0106,-0.0102,0.023549,0.00026436,0.25743,-1.9055,-0.77752,-32.205,2.1129,17.064,-1.0357,-19.204,-0.0052484,0.014737,-0.014437,-1.0103,-0.015868,0.0067032,-0.0065828,-0.27108,-1.9265,0.59452,-35.196,-0.58112,18.577,-0.42742,-18.333
38.7,-0.010922,0.027749,0.007009,-1.0043,-0.0080979,0.013038,0.0023049,-2.0234,0.02979,-0.11505,-35.255,0.97366,18.589,-0.83779,-17.764,0.013418,0.015586,0.0098073,-0.99371,-0.013419,0.0021831,0.0015192,-2.3303,-1.4136,1.451,-32.346,-0.66905,19.027,-0.84388,-17.693
38.8,-0.0028444,0.019497,-0.0084691,-0.99589,-0.0070924,0.011806,7.0611e-06,-0.69006,-1.2029,0.057436,-33.172,0.089673,17.766,0.99379,-18.762,-0.012439,0.018558,0.0006679,-1.0172,-0.018673,0.020869,-0.0093629,-1.4535,-2.4375,-1.0291,-33.986,0.50078,19.734,-1.0201,-18.559
38.9,-0.025842,0.0067709,-0.01916,-0.99354,-0.019464,0.017611,-0.014675,-1.6261,-2.0604,0.56377,-34.077,-1.4997,17.216,0.86612,-17.843,-0.019015,0.021869,-0.0034568,-0.99587,-0.019403,0.012321,-0.0045634,-1.3454,-1.6899,2.0346,-32.33,0.64155,19.087,0.16731,-19.036
39,-0.018974,0.01522,-0.0083626,-0.99035,-0.012144,0.012115,-0.0092947,-0.38701,-2.6987,0.34464,-33.536,0.42484,18.465,0.58458,-16.872,0.0084108,0.015174,-0.0056744,-1.0063,-0.020555,0.017256,-0.0060988,-0.33336,0.0032181,1.8934,-34.032,-0.71461,18.067,-0.26432,-16.945
39.1,-0.012668,-0.0016975,0.0050688,-1.007,-0.010132,0.013408,-0.0031437,-0.44247,-2.3433,-0.75931,-33.327,0.48367,17.826,-0.81226,-17.697,0.0029447,0.022676,0.010238,-0.99421,-0.014847,0.01131,-0.0034834,-0.62528,-2.9088,-0.021878,-31.522,-0.71549,19.013,-0.61232,-17.878
39.2,-0.00049937,0.02199,-0.0071126,-0.98797,-0.0072101,0.023147,-0.0023887,-0.39371,-4.1541,0.36008,-32.761,0.19707,18.095,0.82419,-17.499,-0.0063357,0.0069069,-0.0043819,-0.99259,-0.013037,0.0089285,-0.0019088,-1.4469,-2.8692,1.4463,-32.986,0.90636,18.098,2.298,-17.248
39.3,-3.1502e-05,0.0094756,-0.0018384,-0.99562,0.0016907,0.008679,0.0047086,-0.28032,-4.0145,-2.0248,-32.991,0.45993,16.737,1.1321,-19.38,-0.015391,0.0058262,0.0084598,-1.0095,-0.0092019,0.017133,-0.0053446,1.9505,-1.6914,-0.58015,-32.308,-0.7685,17.857,-0.18151,-19.191
39.4,-0.015679,0.016146,-0.0084666,-0.98709,-0.0072212,0.0098665,-0.0051628,0.1402,-2.1421,-1.3408,-31.191,0.22525,19.752,0.009602,-16.091,0.00012556,0.01489,0.010761,-0.99635,-0.011831,0.017154,0.0028686,0.59582,-2.9971,-0.14901,-31.418,2.234,18.539,-1.335,-19.032
39.5,-0.027548,0.0049787,-0.0031271,-0.9931,-0.014253,0.014343,-0.0001103,0.44167,-3.9162,2.3176,-30.792,-2.1137,16.968,-0.84485,-18.584,-0.00028395,0.003177,-0.0060014,-0.97979,-0.011155,0.0064079,-0.0021521,0.82912,-4.6785,0.72494,-32.118,0.93052,17.888,-0.7843,-17.56
39.6,-0.0066562,0.0065901,-0.016787,-0.99727,-0.01242,0.014245,-0.0050074,-0.26886,-2.6696,-0.54907,-31.857,0.19813,18.108,-0.45342,-16.909,-0.038255,0.0059408,-0.014825,-0.99954,-0.010321,0.017074,-0.0041625,-2.4956,-3.5937,3.0426,-29.453,0.17594,17.542,-0.40609,-18.154
39.7,-0.004525,0.013903,0.00039758,-1.0002,-0.0071733,0.001872,0.0045837,-1.0878,-2.8095,-1.2459,-31.351,0.4612,17.754,0.24906,-17.538,0.0076466,-0.00053178,-0.020653,-1.0109,-0.01331,0.0060354,0.0026003,-1.3305,-3.1287,0.51288,-33.768,2.6189,15.681,2.2165,-18.248
39.8,0.0070804,0.017231,-0.0021279,-1.0141,-0.013101,0.020783,0.00077403,-2.2529,-3.5033,0.66919,-31.366,0.38919,18.087,1.0518,-19.417,-0.01342,-0.018839,-0.0045436,-1.0309,-0.009044,0.011418,-0.0039786,0.94424,-4.3288,-1.4862,-32.059,0.17035,17.601,0.44839,-17.402
39.9,0.0092695,0.0040221,0.0040519,-0.9949,-0.00062661,0.0091408,0.0021418,1.1757,-4.1542,-0.61486,-31.449,-2.0101,17.924,-1.3522,-18.773,-0.011406,0.01544,0.0075431,-1.0075,-0.014012,0.0028726,-0.00025335,0.56013,-3.8282,0.97695,-31.782,1.8054,17.577,-1.1221,-18.485
40,-0.019524,0.013195,-0.0029317,-1.0137,-0.0016584,0.012709,0.0090058,2.4295,-3.5062,-0.77435,-32.167,-0.19711,18.05,-1.7122,-17.689,-0.023863,0.0082088,-0.0028752,-0.98993,-0.0053503,0.0027273,6.1491e-05,1.3763,-3.1355,-0.74247,-33.192,-1.0027,18.603,-0.7113,-18.235
40.1,0.012438,0.0092848,-0.01425,-0.98518,-0.0098077,0.01015,0.001102,-0.78467,-4.5024,0.70597,-32.337,-1.9019,17.067,0.51394,-18.076,-0.020099,0.033676,-0.0062816,-0.98776,-0.023085,0.010449,-0.00039793,0.91643,-2.1887,0.19935,-30.668,0.12265,18.259,-1.4872,-17.092
40.2,-0.014572,0.0011591,0.0040426,-0.99294,-0.0055869,0.0024186,0.0018401,-0.57256,-1.998,-1.8294,-33.815,1.4867,17.133,0.7246,-18.541,0.00071291,0.0077834,0.012663,-1.0004,-0.004969,0.0046886,-0.0015608,1.0031,-5.078,0.747,-29.963,2.5587,18.523,-0.67392,-18.577
40.3,0.014505,0.015322,-0.0019355,-0.98677,-0.0046312,0.0075176,-0.0057465,-0.88581,-5.2375,-0.5232,-31.314,0.78301,19.884,-1.0144,-17.049,-0.019854,0.0015771,0.0011,-0.99425,-0.0023565,0.0072477,0.0030947,0.69731,-4.333,1.1541,-31.954,-0.49893,17.975,-1.1469,-18.244
40.4,-0.0051363,0.007115,-0.0053013,-1.0065,-0.0083907,0.0080791,-0.0010933,0.21075,-6.2644,-0.89325,-29.475,-0.38646,17.392,-2.3507,-18.538,-0.023384,0.0019901,0.0056254,-1.0046,-0.022286,0.0038922,0.00028974,-0.3344,-3.3937,2.4696,-31.409,0.12901,16.645,-1.1925,-17.815
40.5,-0.014366,0.002581,0.0028783,-0.97936,-0.0060029,0.004083,-0.0022705,-0.41682,-3.082,1.3368,-30.72,0.093463,19.153,-1.5842,-17.302,0.0019604,0.01267,0.021733,-1.0156,-0.010345,0.0017437,-0.0036378,0.77768,-3.567,-0.61988,-29.648,0.62757,19.621,-1.0144,-17.065
40.6,-0.0095031,0.010986,-0.0076685,-1.0054,-0.010849,0.0038021,-0.00040958,0.40446,-3.672,-1.0192,-33.818,-0.78333,16.722,-2.2864,-18.191,-0.019817,0.010884,-0.0071652,-1.0052,-0.0043793,-0.0043102,-0.010146,0.53356,-4.0527,-0.63709,-29.938,-0.54391,17.386,-2.971,-19.072
40.7,-0.0039235,-0.00030097,-0.0087513,-1.0148,-0.003986,0.0022148,-0.010838,0.14514,-4.3206,0.6347,-32.771,2.4227,18.41,-0.12822,-17.983,0.013276,0.012531,-0.0028223,-1.0143,0.002306,0.0046539,0.0032339,0.65487,-2.9821,-1.6413,-30.751,-1.1841,17.339,0.24124,-16.095
40.8,0.012147,0.018354,-0.0018614,-1.0037,-0.0026066,-0.0029429,0.0051724,-0.38176,-3.4633,-0.6296,-31.288,-1.1451,19.618,0.70352,-16.974,0.0081651,0.011892,-0.012557,-1.0138,-0.0059978,0.0046615,-0.0012047,-1.6971,-5.0011,-0.4668,-30.528,1.4106,18.025,-1.8064,-16.456
40.9,-0.0023702,-0.0014827,0.01384,-0.99316,0.0025622,0.01493,-0.0091436,0.12101,-5.7134,0.87564,-31.54,-1.9042,19.757,-0.0087908,-18.054,-0.023566,0.00013714,0.0036459,-0.99791,-0.0061543,0.011223,-0.004156,-0.66664,-4.7339,1.8531,-30.559,-0.15859,16.448,-0.10732,-16.347
41,0.0047162,0.011505,0.00080192,-0.99774,0.01235,0.0056263,-0.002625,0.71385,-3.5668,0.70356,-31.863,0.90117,17.881,-1.3344,-18.359,-0.0013107,-0.0073466,0.01901,-1.0027,-0.0044901,0.0086392,0.003425,1.9192,-2.457,1.3937,-30.516,1.2922,19.15,0.33623,-19.665
41.1,-0.0010898,-0.000664,0.004635,-0.98788,-0.001078,-0.0041578,0.0093342,0.28022,-5.7982,3.1183,-32.266,-0.48813,18.025,-1.4124,-17.818,0.0013991,-0.015753,-0.00011979,-1.0077,-0.0085788,0.01189,0.00062491,-0.18771,-5.3968,-0.78704,-30.636,0.49237,17.48,0.63417,-17.741
41.2,-0.015245,0.0092446,0.0027086,-1.0078,-0.0082999,0.003865,-0.0013835,-0.33202,-3.9059,-0.76547,-30.659,1.6593,18.876,1.2714,-19.566,-0.010811,0.0042815,-0.0057036,-0.98497,-0.0068127,0.004208,-0.0013331,-0.71997,-5.5011,-1.2577,-29.721,0.79248,19.853,-0.98561,-18.29
41.3,-0.0044592,0.012603,0.00014097,-1.0205,0.00071635,0.01157,-0.0029276,-0.31602,-5.6922,-0.84384,-31.146,0.022341,17.003,0.30883,-17.815,-0.0049706,-0.0047836,0.0047817,-1.0189,-0.0034628,0.0033168,0.00059676,-1.2457,-5.4314,1.1322,-31.682,-0.086171,18.491,0.1169,-18.024
41.4,-0.0022842,0.0057333,0.0020886,-1.0124,-0.001079,0.01049,0.0020905,-0.10268,-5.9658,1.0758,-31.929,-0.44886,20.183,-0.63983,-16.693,0.0013582,0.019925,-0.0079646,-1.008,-0.0085828,0.01016,-0.015006,-0.18698,-7.4646,0.044991,-30.026,0.037249,17.088,-1.7653,-17.162
41.5,0.0099799,-0.0015446,0.00052536,-0.99809,-0.0018101,0.0060212,0.0047508,0.78193,-4.8495,-1.4337,-28.923,-0.57776,15.375,-0.59129,-17.189,0.0075318,0.0037862,-0.0041085,-0.9923,-0.011182,-0.00025425,-0.0037206,1.9361,-5.0722,0.68616,-30.968,-1.6173,16.778,0.33234,-19.104
41.6,0.0023663,-0.011457,-0.0010949,-1.0037,-0.0053925,-0.00085781,0.0052227,-0.53004,-2.7933,-0.2032,-29.966,-1.2346,19.615,-0.44962,-17.704,-0.0082244,0.0068163,-0.012591,-0.99886,-0.0065325,0.0015692,0.0018389,0.049746,-3.8782,-0.11303,-30.994,0.90195,15.951,-0.3215,-19.693
41.7,0.0015994,0.02044,0.00013205,-0.99537,-0.0033127,-0.0086656,0.003122,-0.082916,-5.3009,-1.966,-29.898,2.0264,17.424,-0.057281,-18.5,0.0068649,-0.0044357,-0.0090001,-1.0057,-0.0029857,-0.0058658,0.0097832,1.0773,-6.239,-0.93087,-31.253,1.6102,17.487,1.5591,-19.328
41.8,0.0040794,0.0033148,0.0048153,-1.0088,-0.0034586,0.0066326,-0.008581,-1.3586,-5.445,0.028701,-29.987,1.3262,18.679,0.6853,-17.178,-0.0074593,-0.0064603,0.01111,-0.9903,-0.0013004,-0.0025827,-0.0068292,-1.3979,-8.0048,-1.5933,-30.041,1.3265,15.89,0.51294,-18.463
41.9,-0.001615,0.020976,-0.0092633,-1.0177,-0.0018793,0.0042617,-0.0039008,1.0802,-4.9935,-0.6502,-31.378,-0.55898,18,-1.984,-17.192,0.016053,0.0081451,0.010893,-1.0098,0.0024009,0.0065017,-0.0027754,0.96474,-4.0644,-1.6497,-31.101,-1.2775,17.601,-1.4719,-17.638
42,-0.0040249,-0.022796,0.011351,-1.0067,-0.0062707,0.0074154,-0.0037151,2.5266,-5.4421,1.4345,-31.058,-0.42166,17.636,-0.4941,-17.367,-0.0033128,-0.0044492,0.0072205,-1.0035,0.0026042,0.004303,0.0017063,-0.37274,-4.2112,1.3438,-27.149,-1.9675,17.032,-1.134,-17.508
42.1,-0.012691,-0.0077381,0.0022744,-1.0024,0.0069841,-0.0023729,0.012571,1.2631,-5.3497,0.12005,-30.078,1.263,18.556,-0.43683,-17.745,0.0015987,0.017016,-0.0036881,-1.0065,0.0035921,0.0049091,0.0022626,1.0097,-3.5115,-0.21561,-29.03,0.98065,17.855,-1.1477,-18.101
42.2,-0.015737,-0.009684,-0.015468,-1.0022,-0.0072672,0.013267,0.0028922,1.8994,-4.803,-0.19307,-30.114,0.17853,17.659,0.65268,-17.548,-0.00044594,0.0056691,0.018768,-0.98987,-0.0040289,-0.0059701,0.0039854,-0.22283,-3.9475,-4.425,-31.608,1.2734,19.619,1.7397,-16.167
42.3,0.022888,-0.015564,0.0084485,-0.9989,-0.005877,0.0077842,0.0014082,0.10133,-4.3302,-1.0726,-28.959,0.35845,17.546,2.4058,-18.535,0.016806,-0.0094197,0.0093285,-1.0169,0.0021118,-0.001712,-0.00059942,-0.003881,-5.8157,0.20757,-30.578,0.8588,17.613,2.2427,-15.202
42.4,-0.0093816,0.0069922,-0.0065764,-0.9869,0.001814,-0.0044829,0.0013132,0.14421,-5.5567,0.41217,-30.379,-2.2758,17.574,-0.39505,-17.083,0.002166,-0.014623,-0.009169,-0.98847,-0.0036233,0.0090954,0.0064859,-0.86919,-3.7392,-2.1026,-29.545,-1.4667,16.951,0.88669,-17.542
42.5,-0.0074006,-0.00073461,-0.010651,-0.9965,0.00014951,0.0024282,0.010513,1.7757,-4.8517,0.76122,-30.071,-0.75296,17.595,-1.7333,-17.752,-0.017221,0.028348,0.011989,-0.99298,0.00091363,-0.0063235,0.0051137,0.20692,-4.4343,1.1479,-29.485,-1.3281,18.355,-2.0844,-18.439
42.6,0.0068143,0.012658,-0.00079978,-0.98374,0.0047855,0.007199,-0.0018473,-1.4552,-5.8341,0.5183,-30.548,1.4697,17.204,0.1585,-17.506,0.0020766,0.0011344,0.021643,-1.0035,-0.0019335,0.0046219,0.0081183,0.45313,-3.9924,-0.69044,-32.095,-0.91147,17.799,-0.30957,-16.518
42.7,-0.017636,-0.0037968,-0.0038476,-1.0042,0.0044468,0.0084854,-0.001768,-0.43237,-4.9308,-0.49269,-29.908,1.3953,17.496,0.97253,-19.781,0.0085366,0.0087748,-0.011471,-0.99728,-0.0036198,0.0058715,-0.0042734,-0.82631,-3.6755,-1.5303,-31.435,0.033239,17.841,0.49025,-16.363
42.8,0.0061654,-0.0026217,0.004425,-0.99663,0.0030164,0.0045945,-0.007584,0.55591,-5.4735,-1.639,-30.117,0.26754,17.975,0.8178,-16.903,-2.0227e-05,0.028755,0.0026819,-1.0155,-0.0027684,-0.0057824,0.0028751,0.87618,-6.7996,-1.562,-31.239,1.3057,17.839,0.75227,-16.069
42.9,0.010715,0.018085,0.013729,-1.0021,-0.0015309,0.0047396,0.0022891,-2.2918,-5.7742,0.068693,-29.592,-0.47753,18.957,-1.3618,-18.261,0.010921,0.0075415,-0.0038161,-0.99864,0.00089883,0.0046656,-0.0014515,1.3452,-3.9412,-0.036976,-32.305,-1.494,19.015,0.44398,-17.058
43,0.0086989,-0.021779,-0.0094606,-1.0003,-0.0089697,-0.0028247,0.0039439,-0.27115,-3.9309,1.2277,-30.44,-2.4294,16.539,-0.53988,-18.043,-0.0031493,0.0055172,-0.010221,-1.0113,0.0065394,0.00015187,-0.0095098,0.94037,-4.224,-0.95764,-30.725,0.24444,17.011,-0.88076,-18.888
43.1,-0.0035326,0.023713,-0.010531,-0.99216,-0.0021595,-0.0028787,0.0090493,0.014488,-3.5579,-0.87039,-30.06,-1.0269,19.723,-0.4582,-17.543,-0.015723,-0.0068134,-0.0078695,-1.0135,0.010668,-0.00078536,-6.1614e-05,-1.325,-3.7396,-0.43433,-29.331,-0.35225,15.473,0.11354,-16.833
43.2,-0.015425,0.0056969,-0.021206,-1.0029,0.0011067,-0.0042186,-0.008253,1.705,-4.5376,-0.87751,-30.587,-0.93761,20.332,0.25469,-16.015,-0.018717,0.015405,-0.020605,-0.9878,-0.0069825,0.0018357,0.0034534,-0.54318,-5.3707,-1.1065,-30.026,-0.0097566,16.418,0.72545,-16.446
43.3,0.0012189,0.010066,-0.017744,-1.0049,0.00021922,0.0050655,0.0019647,-0.52438,-3.4319,-0.76441,-30.028,-1.7163,18.543,0.877,-16.517,0.0027541,0.015033,-0.0060824,-1.0016,-0.0011767,-0.0016532,-0.0012703,-0.48513,-3.752,-0.058231,-31.688,-0.70028,18.486,2.3659,-18.12
43.4,-0.0099743,0.0041448,0.00029729,-0.99473,0.0027749,-0.002985,0.002868,-1.3316,-3.5493,-0.21779,-32.459,-0.12861,18.371,0.44826,-16.788,-0.0016206,-0.0097458,-0.0070133,-0.98927,0.0033028,0.0064818,-0.00048798,0.75947,-6.0871,0.49801,-28.706,0.52587,17.545,-0.31841,-15.402
43.5,0.0046954,-0.008825,0.018836,-0.99113,0.0052628,-0.00033454,0.0034907,0.66763,-5.4284,-1.0142,-30.236,-0.5097,18.402,0.28446,-16.376,0.0012413,0.012753,-0.0036865,-1.0046,0.003707,0.0003319,0.0081243,-0.15664,-5.2138,0.53138,-31.04,0.097793,17.17,0.15046,-17.046
43.6,0.0079488,0.007926,-0.005572,-0.99721,-0.0081982,-0.0054032,0.002793,1.3827,-4.8886,-0.40207,-29.684,-0.43171,16.882,-0.60179,-17.081,-0.013361,0.00058935,-0.012645,-1.0035,-0.0048975,0.0047955,0.0069753,0.27125,-3.5247,0.00084877,-29.737,-1.6494,17.24,-1.6269,-17.362
43.7,0.0010723,-0.0085132,-0.001584,-0.98905,-0.00072757,-0.0071361,-0.0033159,-1.6481,-3.262,-1.697,-31.934,1.3821,16.477,-0.52383,-17.962,0.0098715,-0.0021486,-0.011756,-0.99285,0.0014983,0.0022844,-0.0021441,-1.209,-4.2011,0.24206,-29.979,0.66651,16.573,-0.20599,-16.502
43.8,-0.0056159,-0.003501,-0.01613,-1.0098,-0.0077733,0.0014172,-0.0085516,0.17686,-5.1556,-0.057725,-30.464,1.2828,16.796,-0.52176,-18.162,-0.01651,-0.0084553,0.0042149,-1.0108,-0.0050804,-0.0010158,0.0040475,-2.5548,-4.3591,-1.2426,-30.073,-0.34508,18.604,0.086941,-16.22
43.9,0.0019587,0.018906,0.0043695,-0.99858,-0.0044294,0.004061,-0.0072669,-0.57414,-3.8745,-1.0376,-29.635,1.5261,17.001,-0.13955,-18.022,-0.011813,-0.01937,0.025547,-1.0033,-0.00079526,-0.0026282,0.0056358,1.0994,-5.9981,-0.35302,-31.752,0.77761,18.512,-0.043052,-17.658
44,-0.013589,-0.0038583,-0.021316,-1.0077,0.0095541,0.0043775,0.0047969,1.7625,-5.9456,-1.4654,-30.787,-0.24243,18.59,-0.37147,-18.283,-0.008273,0.00057138,0.012143,-0.9948,0.00082361,-0.00011174,0.0059787,0.61718,-3.4645,0.29556,-29.821,0.66262,19.692,-0.54253,-17.227
44.1,0.012024,0.0057228,-0.014176,-0.99334,-0.0021566,0.011431,0.0090987,0.75468,-5.3471,1.7588,-30.875,-0.90684,17.617,-0.67105,-15.364,-0.00028508,-0.0050483,0.0074287,-0.99297,-0.0046767,0.013347,-0.00089372,0.65651,-5.3461,-0.59365,-31.303,0.32034,17.717,-2.4214,-16.207
44.2,-0.0062482,0.0061065,-0.0013444,-0.99586,0.0010282,-0.0044953,-0.0026101,-0.41491,-6.0877,-1.0719,-30.277,-0.14038,17.625,1.4786,-17.901,-0.015845,0.00276,0.0139,-1.0004,-0.0031585,-0.0010489,0.0036137,-0.35285,-3.8168,0.067288,-31.922,-0.65283,17.896,0.45848,-16.652
44.3,0.0030568,0.011246,-0.0043946,-0.98832,-0.0046094,0.0030166,0.001974,-0.47095,-4.5712,0.66376,-30.83,0.39622,17.801,-0.68972,-15.727,-0.002575,-0.00081172,-0.009119,-1.0149,0.00045365,0.0072053,-0.0058822,-1.9401,-4.6197,-0.031985,-30.096,-0.8222,19.062,0.31307,-15.052
44.4,-0.0012567,0.0044827,-0.0045805,-0.9886,-0.00052696,0.0033221,-0.0039054,-2.2671,-5.2571,-0.82835,-29.162,0.45698,19.13,-0.37489,-16.039,-0.0010961,0.017923,0.01024,-1.0208,-0.0009412,-0.0044592,0.0003278,-0.61305,-4.5698,-1.7696,-29.543,-1.6887,18.71,1.6454,-17.824
44.5,0.016762,-0.0090782,-0.012641,-0.99119,-0.004998,-0.0030624,0.0015697,-1.214,-5.2922,0.68635,-30.02,-0.45033,18.305,0.5665,-16.721,-0.018174,-0.003032,0.0017314,-0.98786,0.00098208,0.0016046,-0.0019177,0.78855,-6.511,0.27177,-31.065,-0.74736,16.948,-1.3172,-16.291
44.6,-0.0030421,0.018736,0.018382,-1.0147,-0.0014411,0.0053716,0.0034906,-0.19595,-3.5786,-0.086485,-30.067,-3.4583,15.974,-0.90686,-15.378,0.00062838,-0.014616,0.0039834,-1.0174,0.0045436,-0.0083849,0.0036852,0.43209,-6.4312,0.53714,-29.083,-1.781,17.865,-1.0588,-18.245
44.7,0.0022035,0.0044627,-0.020963,-0.98743,0.0029187,0.0011725,0.0049055,0.12522,-6.1705,-0.0091343,-31.195,-2.4242,18.033,-0.3374,-18.639,0.0028798,0.0058546,0.015317,-0.99324,-0.0029549,0.0070371,-0.0038149,0.088461,-4.7296,-0.98064,-32.821,-0.47734,17.355,-0.026913,-17.297
44.8,-0.0053745,-0.0033797,-0.020918,-1.0109,-0.006157,-0.0027761,0.0045478,2.0141,-4.941,-2.8175,-30.35,1.1205,18.253,1.86,-17.213,-0.020375,-0.016286,0.0075817,-1.0017,0.0018046,-0.0048752,-0.011696,-1.3073,-3.0548,-0.32111,-32.223,0.16278,16.847,0.44391,-17.073
44.9,-0.0037239,0.0037092,0.0025402,-1.0049,-0.0030521,0.0079443,-0.0060537,-1.2304,-4.2907,-1.5143,-31.19,0.54072,18.51,-0.4359,-14.494,-0.0010493,-0.0059552,0.0064113,-1.0037,0.0027833,0.0023304,-0.0074347,0.41044,-5.1925,0.34335,-31.537,-0.083413,17.482,1.659,-18
45,-0.025205,-0.0019841,0.0017246,-0.98564,-0.0083561,-0.0019351,0.0029963,-0.10201,-3.7261,0.090487,-31.258,1.799,18.502,0.31676,-15.008,-0.011495,-0.0024182,-0.0050734,-0.98843,0.0024229,-0.0020566,2.7223e-05,-2.1496,-4.398,1.535,-29.774,-1.2972,17.767,1.1283,-18.132
45.1,0.0039973,-0.0059748,0.0037693,-0.97743,-0.0077634,-0.0036883,0.0041997,-0.31608,-5.4229,1.6235,-30.923,-1.1292,18.037,-0.34407,-16.756,-0.010103,0.014195,0.021958,-1.0039,0.00064249,0.0021205,0.0019362,1.2385,-3.7857,0.082519,-30.509,-0.33796,18.835,0.42482,-15.886
45.2,0.0018525,-0.010209,0.005329,-0.99524,0.0053575,0.0016312,0.00091381,0.34096,-3.2305,0.090881,-31.51,-0.33786,16.159,-2.6803,-18.295,-0.019949,-0.0076163,-0.01688,-0.99503,0.0022546,0.0042036,-0.0022852,1.2425,-5.0087,0.021976,-30.202,0.24339,18.853,-0.11023,-16.447
45.3,-0.0096511,0.0065864,-0.0061126,-0.99158,0.00092609,-0.003712,-0.0034709,-0.22469,-5.4091,-0.024942,-32.042,0.34147,16.793,-0.1205,-17.213,-0.0015728,-0.002771,0.0065452,-0.99625,-0.00051663,0.0053112,0.0061977,-1.3926,-4.6951,-2.0708,-31.598,1.1172,17.177,1.4549,-16.449
45.4,-0.0082489,0.0099246,0.0027315,-1.0064,0.010001,0.0015811,-0.0048163,-2.0568,-5.0797,-1.6109,-29.441,-2.3177,17.341,-0.16536,-17.451,0.0077831,0.0065343,-0.0076542,-1.0003,0.00035998,-0.0041572,-0.0058923,-0.75984,-5.0907,-1.1789,-31.172,1.506,16.61,-0.36068,-18.933
45.5,0.0055162,0.0025268,0.0090736,-1.0123,0.0099066,0.0083336,-0.0090201,0.14357,-5.7286,-0.63514,-30.502,-0.66624,17.398,0.62782,-17.535,0.004318,0.012882,-0.0023806,-0.999,-0.0022732,-0.0031746,0.0015937,0.42891,-3.8314,1.2558,-32.926,0.56661,16.212,0.94621,-16.863
45.6,-0.0045944,0.0074434,0.00057766,-1.0072,0.0019352,-0.0006093,-0.0039079,0.41945,-3.2568,-0.6324,-32.491,0.038569,16.706,0.09353,-16.832,0.017335,-0.018997,0.0013226,-0.99901,0.0083616,0.0045492,-0.00018812,1.0325,-6.2868,1.1337,-29.128,-0.006243,16.492,-1.4354,-17.995
45.7,0.00047657,0.0081705,0.00043707,-0.99657,0.00063633,-0.00072387,-0.011346,-0.70359,-5.1193,1.279,-30.257,0.43077,17.66,0.29998,-15.606,0.016901,0.015855,0.015541,-1.0176,-0.00067889,-0.0015516,-0.0065727,0.52418,-4.5243,2.0399,-29.81,0.46359,17.141,0.87677,-15.816
45.8,-0.0091157,-0.0099734,0.00065178,-1.0097,0.00026245,-0.00069642,0.0036919,-0.92662,-4.8368,0.43273,-29.529,1.3414,18.412,0.75062,-15.999,0.0059617,-0.0048378,0.0066563,-1.0088,0.0036328,-0.012045,-0.0079949,-2.6878,-5.1302,-1.3084,-28.502,-0.073256,16.441,0.66646,-15.838
45.9,-0.012413,-0.0067207,0.01321,-1.0128,0.0018603,-0.0042922,-0.0067753,0.69072,-4.6945,1.0113,-29.838,-1.2129,17.726,-1.0537,-16.731,0.0018109,-0.013435,0.014006,-0.99673,-0.0047688,0.001738,0.0054127,-0.18837,-4.9121,-0.068903,-29.814,3.037,16.644,-0.56686,-14.579
46,-0.0035539,0.0017634,0.028987,-1.006,-0.0028868,-0.0086756,0.00098346,2.6425,-2.7442,-0.3425,-30.859,0.48662,17.391,-0.83535,-15.089,0.0083977,-0.0015432,-0.016,-1.0034,-0.0018403,-0.0012864,0.0052797,0.87163,-4.0567,0.67232,-30.445,0.12131,19.145,0.69427,-15.54
46.1,0.0091551,-0.0022752,0.018292,-0.987,-0.0049265,-0.0021893,0.0084418,-0.07605,-4.4188,-0.76668,-31.988,-0.5753,18.671,1.8606,-15.312,-0.016917,-0.0080038,-0.021235,-1.0038,-0.0048966,0.00051987,-0.0090754,0.37334,-4.5406,1.0886,-30.359,-1.7426,17.12,-0.50541,-16.037
46.2,-0.0032881,0.0078984,0.0094856,-0.99927,0.0015795,-0.0056161,0.0036697,-1.8025,-2.6679,-1.7771,-30.291,-0.80739,17.855,1.5434,-17.06,0.015313,0.011456,-0.01544,-1.0009,0.002285,-0.0051787,0.0047341,-0.42086,-2.9864,-0.11962,-29.929,1.094,16.995,-0.97694,-16.036
46.3,0.011462,0.022702,0.0070815,-1.0017,-0.004638,-0.0085398,-0.0040759,-1.2009,-5.1981,-1.5675,-31.322,1.6483,16.035,0.45912,-17.261,-0.0083658,-0.0034576,-0.0068666,-0.9859,0.00044509,0.0060013,0.0055204,-0.42466,-2.8991,0.83164,-30.228,-1.2592,16.593,-0.26651,-15.103
46.4,0.015391,-0.012721,-0.0024861,-0.99935,-0.0078352,0.0057965,0.00062314,2.7705,-4.9314,-1.4307,-32.478,-0.86595,18.909,-0.032548,-15.765,0.0018758,-0.0028766,-0.0073161,-1.008,0.011614,0.003177,0.00038632,0.70276,-5.7134,1.0156,-29.435,0.77655,17.158,1.0538,-16.656
46.5,0.0023955,3.7264e-05,0.013837,-1.0052,-0.0049463,-0.00026046,-0.00014015,-0.71699,-4.0485,0.45673,-29.896,-0.24558,17.034,0.63482,-16.582,-0.022395,0.0033229,-0.017556,-1.0064,-0.0025189,0.0032527,5.5877e-05,2.3108,-2.7102,0.94263,-31.34,-0.96541,17.098,-0.14011,-17.07
46.6,0.010479,0.0028058,-0.0048732,-1.008,-0.0080113,0.0068571,0.003591,-1.6888,-1.9464,-2.2942,-30.688,-0.40354,16.644,0.35372,-16.424,-0.006508,0.012085,-0.022042,-0.99641,0.0044444,0.0059773,-0.010044,0.74762,-1.7095,1.2434,-30.634,-0.73999,16.992,0.72442,-14.921
46.7,0.0054634,0.011342,-0.0082938,-0.98693,-0.0021707,-0.00078788,-0.0066886,-0.37178,-4.2571,-0.53689,-29.105,1.0515,17.286,2.6633,-17.393,-0.006175,0.027312,0.0060729,-0.98192,-0.0034738,-0.0010272,0.0026438,0.65013,-4.1141,1.003,-30.87,-1.3788,16.047,1.0644,-15.984
46.8,-0.004464,0.0058054,-0.00043234,-1.0161,-0.0024652,0.00010773,0.0015164,-0.83056,-4.5346,0.34068,-31.178,0.32465,17.416,1.2576,-15.897,-0.015698,-0.0043932,0.0057603,-0.99331,-0.0033585,0.0038338,-0.0053717,-0.21831,-5.7976,1.3462,-31.165,0.62753,16.281,0.82445,-16.259
46.9,0.0029667,-0.0105,-0.0041602,-0.99846,0.0047471,-0.0032013,-0.0056301,-0.79657,-2.0941,-0.8414,-30.062,-0.47708,18.232,0.91812,-16.002,-0.0073547,-0.0076163,0.014383,-0.98905,0.0016603,0.0083059,-0.0014084,-2.4797,-1.8272,-0.40628,-31.743,-0.97287,18.259,-0.674,-16.198
47,0.0073567,-0.0023674,-0.0044305,-0.98246,0.0050908,0.002589,-0.0026458,0.01757,-2.8332,-0.38592,-30.769,-0.4843,16.716,-2.5299,-14.023,-0.01132,-0.0094955,-0.0018164,-0.98184,-0.0034306,0.0038841,0.0070126,0.66918,-2.7942,2.2134,-32.438,-0.74748,16.976,1.1626,-15.752
47.1,0.0016428,0.0081406,-0.014512,-1.0098,-0.0075765,0.0025786,-0.0023809,1.0781,-4.7674,-0.29057,-29.922,1.08,17.483,-0.49929,-19.478,0.0064168,-0.0059149,-0.0041763,-0.9977,0.0018756,0.0054108,-0.0035873,-0.29763,-5.8459,-0.60092,-32.116,-0.33833,15.979,0.0074382,-15.354
47.2,-0.0043418,-0.015487,0.019387,-0.97051,-4.4961e-06,-0.012039,-0.0012413,-2.0255,-3.606,-1.2776,-32.978,0.67587,17.033,-0.15085,-18.296,-0.018481,0.0065625,-0.0060294,-0.99891,0.0062348,0.0039738,0.0033962,0.027768,-5.2223,0.22997,-30.986,-0.6293,15.633,0.78244,-17.05
47.3,-0.013231,0.019807,-0.011039,-0.99185,-0.0057181,-0.0052296,0.0020665,-2.2343,-5.5433,-1.876,-33.058,-0.61494,16.241,0.037364,-18.337,0.0076039,0.015274,0.0085935,-0.99866,-0.0014939,0.002749,-0.0052893,-1.2689,-3.4763,-1.0322,-28.968,-0.56284,15.652,0.8346,-14.794
47.4,-0.012837,0.0031323,-0.0040443,-1.0005,-0.0087271,0.0026611,-0.00757,-1.7008,-6.2222,-0.97874,-31.86,-0.24806,16.831,0.37665,-16.154,-0.00019187,-0.02123,0.0012656,-0.99743,-0.0010738,0.0079558,-0.0079085,-0.27379,-4.3179,-0.92415,-31.196,-0.35086,15.999,0.0088752,-15.436
47.5,0.0085921,-0.011298,-0.022566,-0.98623,0.0019734,0.0034587,0.0033959,0.72476,-4.0889,-1.3739,-31.651,0.76696,18.957,0.54343,-17.265,-0.0094783,-0.0042578,0.0067516,-0.99575,-0.0042421,0.0080191,0.0015835,1.5401,-2.4914,1.5406,-30.065,-0.6347,16.661,-0.1149,-15.591
47.6,-0.010471,-0.0096765,-0.015119,-1.0049,-0.0059613,-0.0018249,0.0044458,0.060018,-3.6857,-1.0487,-32.481,-0.44801,17.285,1.0675,-16.797,0.0042441,-0.0066838,-0.012013,-1.0221,0.0064741,-0.00276,0.00024122,-0.13003,-2.36,1.6124,-33.091,-1.8753,16.123,-0.93566,-14.112
47.7,0.0014587,0.0088673,0.0078888,-1.0085,-0.0029803,-0.0046951,-0.0079859,-0.16747,-4.6422,1.6218,-31.357,-0.80259,16.106,0.58268,-16.944,0.0039583,-0.0083279,-0.0082393,-1.0275,-0.0050776,-0.0019691,0.0014871,-0.97622,-2.9187,-2.0331,-30.174,0.10107,16.927,0.83616,-15.806
47.8,-0.0064774,0.0018013,0.0025562,-1.0071,-0.0051525,-0.0067087,0.0020051,0.21953,-2.5146,-1.184,-30.982,-0.7232,16.86,-0.75615,-16.176,-0.0013923,-0.0049628,0.022197,-1.021,-0.00056266,-0.00042281,-0.007515,-0.8323,-3.1401,-2.1648,-33.719,-0.2631,17.586,0.48593,-16.344
47.9,-0.0029079,0.0097568,0.00057356,-0.98232,0.0095821,-0.0061045,0.00329,-1.9377,-4.3022,-0.094023,-31.294,-0.098837,19.89,-0.083364,-16.68,0.00032389,0.0021478,-0.024053,-1.0027,2.1762e-05,0.0005227,0.0039013,-0.15715,-3.383,-1.8465,-30.504,-0.62242,17.459,0.61164,-15.289
48,-0.011047,0.0052235,0.0079673,-0.97926,0.0044612,-0.0021831,0.0031856,0.89586,-3.4428,-0.67498,-33.66,-0.21849,15.852,-0.9809,-17.188,0.0029267,-0.0034667,-0.011899,-1.0173,0.0046661,0.0043502,-0.0011418,0.50894,-3.0517,0.36478,-29.071,2.0321,15.533,-1.2938,-15.194
48.1,0.015626,-0.013977,-0.011028,-1.0056,0.0078547,0.0056153,0.0032862,-0.41346,-4.6937,-1.3944,-30.596,-0.53902,18.668,-0.28131,-15.601,-0.010259,-0.0035648,-0.011752,-0.99385,-0.0030728,0.00045706,0.00080259,1.3477,-4.5267,0.72817,-29.837,-1.1026,15.953,-0.91628,-13.863
48.2,-0.0012326,-0.0066098,0.019912,-0.99648,-0.00019699,0.0027795,-0.0025638,-2.5686,-4.2436,-1.9318,-31.944,-0.1503,16.548,0.090151,-16.915,-0.0098797,-0.0093069,-0.007357,-1.0066,-0.0018474,0.0035516,0.0097539,1.1864,-2.9623,-0.83914,-30.843,-0.030789,16.932,0.52506,-15.258
48.3,0.0038479,-0.0044946,0.013768,-1.0047,-0.00053454,0.01041,0.0082423,1.0328,-6.2999,-1.4103,-32.262,-0.12167,17.106,-2.1829,-16.741,0.016199,0.018848,0.01304,-1.0012,0.0040977,-0.0093677,-0.0048132,0.068191,-3.3493,-0.12952,-30.275,0.49812,16.216,1.5635,-16.316
48.4,0.017778,-0.00076128,0.0087278,-1.0029,-0.0038814,0.0039042,0.00082764,0.74028,-4.1444,0.88424,-32.898,-0.73981,19.226,-0.8583,-17.325,0.00084826,0.0059383,-0.0090022,-1.0029,-0.00551,0.004073,-0.010435,1.3729,-4.2786,-1.2042,-30.01,0.6523,17.633,1.0155,-15.969
48.5,0.023457,-0.0056779,-0.0081643,-0.97689,0.0045773,-0.0027503,-0.00052523,-0.93069,-3.8752,1.396,-30.702,0.77963,15.94,-0.57286,-15.694,-0.0087333,0.0022282,-0.0091945,-0.99306,-0.00055294,0.0078804,0.0040793,-1.4914,-3.94,-0.47732,-31.859,-0.76734,17.22,0.48299,-13.912
48.6,0.017891,-0.0059078,-0.0080116,-0.99235,-0.0012323,0.0031754,-0.0042112,0.53595,-5.1656,-1.6839,-32.053,1.3128,17.983,1.2836,-17.343,-0.0029092,0.0076884,-0.00012905,-1.0088,-0.0035665,0.0027059,-0.0057215,-1.5299,-3.5865,-0.42554,-31.386,-2.4943,18.162,0.86904,-15.754
48.7,0.0014098,-0.0057703,0.007202,-1.0026,-0.012382,0.0018934,0.0026161,0.036376,-4.6896,-2.3717,-33.067,0.98215,19.013,0.20866,-15.824,0.010144,0.020184,0.0050005,-1.0069,-0.0083973,-0.0063664,0.0053589,0.77283,-2.7568,1.7806,-30.397,0.64508,17.174,-0.45884,-15.826
48.8,-0.0010524,0.010049,-0.013704,-1.0074,-0.004452,-0.0051857,0.0017336,-1.097,-4.2228,0.038345,-32.265,-0.13733,17.706,-0.73187,-18.196,0.0049457,-0.012506,-0.0041748,-0.99509,0.0043083,-0.0075077,0.003142,0.84521,-4.1782,-0.56481,-30.757,-0.13251,16.24,0.78126,-16.868
48.9,-0.010297,-0.012921,0.014715,-1.0045,-0.00016776,-0.0018746,0.0099875,0.96267,-3.4297,0.54223,-31.013,1.4738,18.207,-1.2633,-19.073,-0.017952,-0.01968,0.0054922,-0.97766,-0.0067242,-0.00036514,-0.0099847,-0.44612,-3.5571,0.71183,-29.827,1.188,17.452,0.80212,-15.237
49,-0.007021,-0.0034753,0.0048756,-0.99035,0.0067321,0.0015576,-0.0072204,-0.17555,-2.7489,-2.2316,-31.919,0.92973,17.447,1.0798,-16.861,-0.00016377,-0.012202,0.00091897,-1.0138,0.0098377,-0.0088554,0.0032613,0.11718,-3.7721,-2.1663,-29.929,-0.69073,16.064,0.023446,-14.777
49.1,0.0087338,0.0024413,0.006347,-0.99406,-0.0051094,-0.0054922,-0.0015971,-0.36355,-5.3188,-1.782,-32.406,-0.58445,17.785,-0.49131,-16.22,0.010509,0.0086599,-0.00040617,-1.0031,0.0010386,-0.0098336,-0.0026107,0.41612,-1.1064,0.85566,-31.286,-0.20615,16.658,1.2963,-13.544
49.2,-0.0025547,0.012032,0.020742,-0.98985,-0.0082354,-0.0015393,-0.0078289,-0.54605,-5.5926,-1.9649,-32.596,-0.28855,18.427,2.1058,-16.753,0.01605,-0.0086281,-0.016337,-0.9901,-0.0039739,-0.0065629,-8.6732e-05,2.2704,-3.8864,0.19714,-31.678,-0.94674,15.808,-1.8605,-14.536
49.3,-0.0039701,0.0015905,-0.0050461,-0.99494,0.00025782,-0.0062503,0.0040723,-1.5654,-6.1342,1.2572,-33.798,-0.31064,19.926,-1.1405,-17.994,0.0036151,0.0074509,-0.0024056,-0.98841,-0.0073625,-0.00053573,0.0054812,0.1598,-3.6864,0.20865,-30.513,-2.0614,16.035,1.8161,-15.902
49.4,0.01333,0.0071311,0.0029942,-0.99878,-0.0079126,0.00029834,-0.0021639,0.11185,-5.4484,-0.12656,-30.896,-2.0893,16.641,-1.209,-15.964,-0.0028454,-0.010426,0.0076441,-0.99915,0.00065697,0.00036728,0.0017942,-3.7628,-3.1852,0.037644,-30.729,-0.0058963,17.779,1.4533,-14.814
49.5,0.0037028,0.025964,-0.002067,-0.99642,-0.00071811,0.0038444,-0.0047513,1.3599,-3.4875,-1.4516,-31.473,0.12231,16.755,1.6598,-16.827,-0.012104,0.0063889,-0.01911,-0.98987,0.0015602,0.00090108,-0.0092363,-0.82729,-4.4268,-0.48551,-30.501,-0.77453,17.51,1.9972,-12.975
49.6,-0.011566,-0.0095798,-0.0050457,-1.0157,-5.7665e-05,-0.0025176,-0.0030318,-0.8694,-5.4932,-2.2971,-31.072,0.85448,18.358,0.028226,-18.079,-0.0042899,0.012646,-0.0010476,-0.99849,0.0018901,-0.0029698,-0.0006274,0.50666,-4.4485,-0.57959,-29.82,-2.033,16.37,-0.5328,-14.418
49.7,-0.013716,-0.014948,-0.014517,-1.0102,-0.0066934,0.0095756,-0.0063212,-0.7153,-4.1835,-3.7557,-31.703,-0.22278,17.42,1.7381,-17.429,0.018606,0.0072627,-0.013089,-0.99078,0.0035578,-0.012714,0.0059451,1.0283,-5.0099,0.96568,-31.45,-1.0948,17.732,0.59893,-15.817
49.8,-0.012167,0.007219,0.0043049,-1.0004,0.0046278,-0.0027578,0.00057993,1.3269,-2.7986,-0.38579,-31.982,-0.8126,18.574,2.1496,-17.29,0.021026,0.010134,-0.0046422,-1.0107,-0.0040599,-0.0066684,-0.0018176,-1.7555,-3.5132,0.63159,-30.535,-0.53787,15.835,0.51068,-15.112
49.9,-0.0034471,0.021081,-0.010785,-0.99251,0.0065675,0.0064325,-0.00060641,0.49669,-6.0914,1.3736,-33.238,0.78873,18.828,-0.58648,-16.313,-0.024915,0.0084818,0.0067029,-0.99981,-0.0025587,-0.0007589,-0.0016924,-0.6685,-3.1549,-0.6358,-31.27,-0.96514,15.407,1.2828,-15.554
50,-0.00065752,-0.0063026,-0.0063468,-1.0094,-0.0036945,0.0006329,0.0052671,1.5374,-4.4101,-0.34601,-32.153,0.57173,16.641,0.66659,-17.461,-0.0070704,0.0043507,-0.012283,-1.0088,0.003199,0.0049419,0.0040375,-0.26211,-3.1247,-0.58007,-31.43,0.38387,16.231,0.39114,-13.805
50.1,0.017926,-0.0075758,0.0015019,-1.0159,-0.0077357,-0.001251,-0.0063265,0.90963,-4.0004,-0.71792,-31.313,1.7114,16.877,2.2782,-16.575,0.01514,0.0049264,-0.0083172,-0.98637,0.0012345,0.0045882,-0.001841,-0.44054,-2.7115,0.7095,-30.885,0.010806,16.733,-2.3565,-13.668
50.2,-0.0095728,0.013396,-0.0039276,-1.0038,-0.00021003,-0.0056111,0.0012086,-0.16051,-4.5921,-0.94765,-31.809,0.27229,17.162,0.15461,-16.372,-0.0058077,-0.0024073,0.013368,-0.99527,0.0088366,0.00088283,-0.00089684,-0.43501,-2.7717,1.7446,-32.664,-1.1541,16.488,-1.9377,-15.536
50.3,-0.0063362,0.0047423,0.015664,-0.97977,-0.0046192,0.0024728,0.0055694,0.42244,-4.1253,0.25013,-31.273,0.35489,17.181,-0.98944,-15.785,-0.018746,-0.010372,-0.0079984,-1.0258,-0.003145,-0.0088834,0.002906,0.55289,-2.4301,0.68349,-30.875,-0.57761,16.723,0.27027,-12.822
50.4,-0.0033401,0.014172,-0.01625,-0.99016,0.0013875,-0.0073847,0.0049257,1.3079,-4.0481,-0.7996,-31.92,-0.75041,19.185,-1.0128,-15.793,-0.014587,-0.00032254,-0.0063814,-0.99573,0.0018028,0.0080062,0.0030453,-1.8332,-3.5146,-1.0582,-30.034,2.1133,14.943,-0.025736,-14.288
50.5,0.0086487,0.0071964,0.0042587,-1.0044,-0.0025847,-0.00096193,-0.007502,-0.52823,-4.8476,-1.6082,-32.044,0.85607,16.816,-2.2359,-15.135,0.002721,-0.00048495,-0.013058,-0.99757,-0.00016689,0.000887,0.0042251,-0.44359,-2.9832,1.4517,-31.637,0.27224,15.37,1.3312,-16.327
50.6,-0.015367,-0.0024041,0.007928,-1.003,-0.0023495,0.0046225,0.0005848,0.40879,-3.6004,-1.1056,-30.78,1.4778,17.187,-0.73458,-17.148,-0.010331,0.0071393,-0.00078265,-1.0002,0.0014594,-0.00846,0.0028603,2.244,-2.2477,-0.16694,-33.105,0.52237,17.651,-0.47048,-13.522
50.7,-0.0085517,-0.024878,0.0041197,-0.99513,0.0071752,0.0054783,-0.0053808,1.43,-3.5969,-1.1806,-32.958,1.249,16.673,0.94187,-16.326,0.0063103,0.014919,-0.0032704,-1.0028,-0.010318,-0.0024582,-0.010196,0.51584,-2.711,0.57206,-31.328,-2.5908,14.938,-1.2121,-14.153
50.8,-0.021558,-0.00058213,0.0063054,-0.98087,0.0038395,-0.0093179,0.0026099,-0.86591,-3.3021,1.0904,-34.561,0.44275,18.624,-0.91399,-16.412,-0.014454,0.0046821,-0.0085211,-1.0085,-0.0046838,-0.00084589,0.0040361,-2.1722,-3.9773,-0.1537,-34.115,-2.1079,16.559,0.46739,-14.559
50.9,-0.0023905,0.011588,0.008806,-0.99834,0.0086123,-0.0016583,-0.0054158,0.53614,-4.7136,0.092551,-34.104,0.3282,20.243,1.1614,-15.911,-0.0032464,-0.0044421,-0.011614,-1.0147,-0.0032219,-0.0016969,0.0036076,-0.66305,-2.9944,-0.35044,-31.837,-1.0717,16.134,2.6282,-13.731
51,0.00068871,-0.0055062,-0.025948,-0.98982,-0.00038519,-0.0022481,0.0032813,-0.47901,-2.575,0.77094,-33.408,0.090685,16.53,0.45514,-16.177,0.020879,0.013305,0.0011044,-1.0039,0.0048446,0.0078164,0.0018797,-0.63014,-2.7297,-0.96711,-32.052,1.8016,15.794,0.85076,-15.023
51.1,-0.0068759,0.0047443,0.017035,-1.0022,0.00091465,-0.010929,-8.2954e-05,0.43453,-3.537,-0.99956,-34.378,-1.2336,16.776,-0.00085606,-18.385,0.023921,-0.011927,0.011667,-0.99724,-0.00036252,0.0015885,0.0065049,-1.5422,-2.9849,0.69364,-32.266,0.13052,14.315,-0.48575,-15.003
51.2,0.0070503,0.012452,0.0053337,-0.99995,0.002399,-0.0026739,0.00069045,-0.85411,-4.973,-0.93925,-31.913,1.2546,17.53,0.69452,-15.839,0.0040472,0.0065119,-0.0088237,-0.99987,0.00055046,0.004298,-0.0016723,2.1532,-1.5532,-0.33885,-31.609,0.039325,15.594,-1.5406,-13.89
51.3,-0.0058224,0.014385,0.0034057,-1.0043,-0.00087785,-0.0011384,-0.003106,-0.11016,-4.4452,-1.6434,-33.461,0.049813,18.655,2.665,-17.261,0.0044531,0.0014624,0.0011026,-0.98974,-0.0090473,0.0030416,0.007819,0.65453,-1.7573,1.5265,-32.929,0.45055,15.031,1.7902,-13.119
51.4,-0.010308,-0.00058093,0.010495,-0.98464,0.0021833,0.0062637,0.0029997,4.4488e-05,-6.6139,-0.5848,-33.274,-0.67372,18.971,-0.51513,-17.566,0.0024401,0.010803,0.013707,-1.003,-0.0097804,-0.0042797,-0.00071516,-1.1495,-2.4451,0.095774,-31.871,1.2471,14.176,1.362,-14.332
51.5,0.0072809,0.0045638,-0.011106,-0.99763,-0.0083995,-0.0014437,-0.01174,0.069959,-3.1645,1.8413,-34.34,-0.39182,18.16,-1.0002,-16.289,0.013539,0.0068554,-0.0059484,-0.99537,0.00072209,-0.0035914,0.010468,0.79632,-3.6712,-1.3356,-31.343,2.7046,17.118,-0.036019,-12.673
51.6,0.0026051,-0.0090451,-0.0097911,-0.99025,0.0032205,0.0040622,-0.0025943,-0.052795,-5.8033,0.60739,-31.941,1.9169,18.245,-0.12767,-16.58,0.015775,-0.0077699,-0.0031622,-0.99589,-0.0063584,0.0023419,0.007567,-0.44795,-3.0465,1.2445,-31.784,0.77165,16.07,-1.4709,-14.788
51.7,0.010474,-0.003727,-0.0064716,-1.0029,-0.010821,-0.0041177,-0.0035747,-0.57316,-5.0497,-1.9875,-33.301,0.74013,16.405,-0.033381,-16.565,0.013054,0.0039611,0.0021635,-1.0068,0.0030805,-0.0018457,0.00069969,-1.0108,-2.5432,0.20305,-32.818,-1.3468,17.409,-2.4101,-13.942
51.8,0.016532,-9.0828e-05,0.0072692,-0.99953,-0.000972,0.00072441,-0.0037376,-0.63184,-3.403,-0.80955,-32.491,-0.99477,19.203,0.65818,-16.55,-0.0074766,-0.00037032,0.0022889,-0.99284,-0.0076361,0.00018486,-0.00084416,-0.29986,-1.7145,-0.76453,-31.998,0.34676,16.995,0.12789,-14.618
51.9,0.016345,0.0057916,0.0058927,-1.0112,0.0033517,0.0010723,0.0032649,1.4552,-3.7279,0.47462,-33.437,1.2044,18.38,-0.52105,-17.418,-0.014752,-0.0023557,-0.010564,-1.0188,-0.00041506,0.0018946,-0.0067243,-1.3554,-1.9346,-1.4456,-31.566,-0.19065,15.6,1.7395,-12.928
52,0.014667,-0.0016786,-0.003228,-0.99002,0.0015296,0.00038721,0.0041904,0.39789,-3.7819,-0.87737,-33.231,-0.10274,18.909,-0.55807,-17.128,0.018005,0.0022245,0.001222,-1.0031,-0.0023632,0.0011855,0.0051069,-0.54892,-3.8212,0.57354,-32.105,0.69455,15.719,0.95751,-14.563
52.1,0.0053145,0.0041018,-0.0032281,-1.0177,0.0031127,0.0062272,-0.0045618,0.61663,-3.6791,0.70287,-33.108,-0.4638,18.257,-0.91349,-16.802,-0.0023762,0.0063546,0.0055552,-0.99882,0.0075676,0.0028483,0.0071692,-1.9831,-2.0406,1.6588,-31.587,0.041363,15.977,-1.7369,-12.692
52.2,-0.025104,-0.0097691,0.0046157,-0.99004,-0.010457,0.0020577,0.0034071,-0.34792,-2.2178,0.2977,-32.413,1.6267,18.307,2.1139,-16.887,-0.0047865,-0.0061933,-0.0013339,-0.9859,0.0054487,-0.0052953,-0.011196,-0.7899,-1.7249,1.0679,-31.837,-0.70334,15.622,0.64845,-15.192
52.3,-0.013144,-0.0051969,-0.00025446,-1.0086,-0.0029292,-0.0058523,-0.0085463,-0.54147,-3.7306,0.14877,-33.348,2.8087,19.098,1.5148,-17.562,0.0097432,-0.0039659,-0.0016826,-0.98148,-0.0027876,-0.0036044,0.0031642,-0.015607,-2.5376,0.85178,-31.565,-0.43408,17.983,-0.10931,-13.645
52.4,-0.0098741,-0.0072496,0.0018257,-1.0033,-0.0029436,-0.00014387,0.00087027,1.1298,-5.0398,-1.1516,-33.394,0.97484,19.083,0.10933,-16.817,-0.017976,-0.00038839,0.0007752,-0.99466,0.0053635,-0.0024235,0.010163,2.2212,-2.4965,0.11509,-33.367,0.88188,16.386,-0.34427,-15.018
52.5,-0.0054415,0.0047948,0.0037678,-0.9975,-0.0056143,-0.0048111,-0.0010664,0.95403,-4.4466,-0.98105,-34.736,-1.3377,19.268,-1.297,-16.448,0.012614,0.0089791,0.0054519,-0.99922,-0.0042655,0.0029069,0.00016021,-1.8494,-4.0066,-0.86972,-31.278,1.6807,15.274,-1.3351,-14.402
52.6,0.0097368,-0.0036383,-0.0070405,-0.99483,0.0058547,0.0004937,0.0015901,1.7858,-3.2549,-1.2149,-32.814,-1.0849,18.94,0.136,-17.447,0.0069981,-0.008989,0.0035137,-0.99803,-0.00083763,0.0044381,0.00047743,0.35353,-4.3115,-0.90128,-31.561,1.9248,17.24,-1.4776,-13.609
52.7,-0.019462,0.018058,-0.0083547,-0.99256,-0.0026896,0.002399,-0.0029162,-1.5455,-3.0996,1.8267,-34.524,0.34771,19.55,-0.55244,-18.385,-0.011784,-0.003938,-0.0015163,-1.0108,-0.0086335,0.0013674,-0.0054938,1.8395,-3.3924,-0.40528,-29.949,-1.4982,15.959,-1.5218,-12.813
52.8,-0.0018227,-0.006894,0.0188,-1.0052,-0.00037287,0.0072749,0.003493,-0.60163,-1.5497,-1.9508,-33.947,0.75716,17.361,-1.133,-17.775,0.0066476,-0.012679,0.0020951,-0.97389,0.0055252,0.0062437,-0.0022092,-0.06404,-3.0857,-3.3158,-33.643,-0.91855,14.451,1.396,-14.054
52.9,-0.0023207,0.024581,0.0088622,-0.99656,0.0060956,0.0011309,0.00086274,-3.3107,-3.3802,-2.411,-33.314,1.5202,18.234,0.31819,-16.145,0.0015055,-0.0014413,0.011278,-0.99203,-0.0078659,-0.00046333,-0.0041045,-1.9302,-2.9878,-0.53412,-31.274,0.098799,16.605,2.093,-15.404
53,0.0072207,0.0013588,-0.0040538,-1.0093,0.0055602,0.0083256,-0.0046415,1.9564,-4.6977,-0.1272,-34.101,-0.78809,18.682,1.1861,-18.891,0.0042785,-0.0048311,-0.0059044,-1.0059,0.0010516,0.00019045,0.0029818,0.79628,-2.2707,-2.2225,-31.511,2.0371,15.721,1.8765,-15.082
53.1,-0.00067956,-0.001771,0.012524,-1.0023,-0.0016331,0.0039305,-0.0024582,0.59896,-4.5389,0.85004,-34.364,-0.96155,20.386,-0.93545,-16.514,0.011517,0.011507,-0.017968,-1.0138,-0.0015832,0.003991,0.0047428,1.0753,-3.2082,1.5419,-32.579,1.8444,16.813,0.26383,-13.537
53.2,0.0051905,-0.0037469,-0.0037982,-0.99504,-0.0034985,0.0046994,-0.00099552,0.70046,-4.2094,-0.22989,-33.449,0.27976,18.461,0.048122,-17.011,0.0067599,0.0099838,-0.0030866,-1.005,-0.0027735,-0.00083148,-0.002318,-0.93705,-1.4908,0.56957,-29.675,-0.96651,15.664,-1.7457,-13.568
53.3,-0.012998,-0.0019366,-0.0075035,-1.004,0.0071963,-0.00078024,-0.00068313,-0.51769,-3.9565,-0.15103,-34.743,1.2428,18.274,0.62869,-14.154,0.02073,0.0073676,-0.013241,-1.0085,-0.0014982,0.0049263,-0.0026982,-1.0573,-2.9718,-0.17043,-32.672,-0.089252,16.663,-0.37076,-13.25
53.4,-0.001815,-1.5463e-05,0.0098102,-0.99352,-0.0066873,-0.0021789,0.0012057,0.029328,-4.0392,-0.81116,-34.426,-0.48878,17.633,1.2002,-15.085,0.00095236,-0.0056484,-0.019763,-1.0044,-0.0039892,-0.0014191,0.0026719,-0.97518,-0.50501,0.6384,-31.383,-1.1014,14.899,0.47264,-14.742
53.5,0.010104,0.018241,-0.015667,-1.011,0.00087619,0.0036257,-0.005211,-1.1627,-4.6691,0.092867,-34.426,1.004,18.546,0.29929,-15.337,-0.011373,0.013435,-0.011663,-1.0199,0.0013083,0.0025275,0.0080507,-0.8081,-1.177,-0.36455,-32.092,1.8914,14.623,0.86667,-12.925
53.6,0.024136,-0.016215,0.022638,-1.0172,0.0041253,-0.0069472,-6.8244e-05,1.9725,-4.4558,0.041649,-33.159,-0.96158,17.038,-2.2699,-18.119,0.018056,0.0041487,0.0048644,-0.9881,-0.0036599,-0.0065346,0.0015284,-1.1612,-2.0935,-1.9828,-30.583,-1.1127,15.881,-0.65677,-13.016
53.7,-0.00091103,0.0040924,0.0049547,-1.0037,0.0053799,-0.004428,-0.0039987,-0.44833,-6.1353,0.77654,-34.2,0.99655,17.941,0.6378,-16.292,-0.008471,0.0025383,-0.01455,-0.99301,-0.0043689,0.0011309,0.0067545,0.59349,-2.6449,0.75765,-31.652,-2.1311,16.781,0.46147,-13.66
53.8,-0.0047169,0.0024714,-0.014823,-0.99996,0.0012658,0.0031267,0.0035806,-1.2516,-4.0657,0.34753,-32.106,0.63327,17.834,-0.050559,-14.959,-0.0038965,-0.0053497,-0.0010048,-1.0034,0.0026429,0.0067442,-0.0029938,2.6377,-3.3853,-1.598,-31.738,0.065226,15.697,1,-13.109
53.9,-0.0065609,-0.011787,0.001394,-0.99237,0.00010886,-0.0033932,-0.0038011,-0.097781,-2.0827,-0.82355,-34.343,0.60062,19.504,2.1463,-14.37,-0.0048538,-0.00020855,0.0014357,-1.0053,-0.0077532,-0.005213,0.0069682,-1.0883,-2.3337,-3.1907,-31.959,-0.67446,16.8,0.40933,-14.749
54,0.014961,-0.0013893,0.017333,-1.0224,0.0016954,0.00069377,-0.0066887,1.3519,-2.778,-0.68067,-35.267,-1.4228,16.118,0.95252,-15.502,-0.018168,0.00081919,-0.0056034,-1.0027,0.0030489,0.0049621,-0.0024218,-0.9078,-2.1607,0.15717,-32.949,0.81029,16.612,-0.21613,-12.224
54.1,0.011163,0.015653,-0.0042509,-0.9978,0.0084669,0.00026495,0.0077939,-0.19114,-6.1326,1.5473,-34.766,-1.2798,16.808,-2.5337,-15.621,-0.0088997,-0.0081205,-0.015222,-0.99868,-0.0032909,-0.0076049,-0.0052283,0.64962,-1.7998,1.755,-31.75,-1.0645,17.483,-0.73089,-11.439
54.2,0.010041,-0.012398,0.00072226,-0.98946,-0.010264,-0.0046825,0.0079887,-0.47675,-5.0017,-1.0936,-33.053,0.87047,18.488,0.37002,-17.708,-0.014835,0.0021319,0.0064891,-1.0002,-1.811e-05,-0.0021217,-0.0021935,-0.15054,-0.2679,0.78815,-31.84,-2.3824,14.475,-1.3865,-12.099
54.3,-0.004358,-0.0047377,0.0049521,-1.0036,-0.0014757,0.0026529,0.0047269,-2.4837,-2.7964,-0.15036,-36.144,0.54307,17.389,1.3551,-15.847,-0.03228,0.0061456,0.0023543,-1.0081,-0.0024627,0.0032392,-0.0095295,1.0356,-0.77241,-0.2379,-30.68,0.41675,16.47,1.2747,-13.666
54.4,0.0083592,-0.018904,-0.0015746,-1.0077,-0.00041125,0.0073124,0.0028292,1.8169,-2.8314,0.28592,-34.169,-0.26809,16.742,-0.15155,-15.792,-0.011739,-0.0049273,-0.0071226,-1.0149,-0.0038841,-0.0013169,0.0011581,-1.9794,-2.6261,-0.077287,-30.137,-0.86229,16.036,1.4185,-12.742
54.5,-0.00010596,0.00028286,-0.0047971,-0.98971,0.0063914,0.00090833,0.0010808,1.2749,-3.2061,0.097526,-33.383,-1.3514,15.352,-0.66672,-14.155,-0.020753,8.4048e-05,0.003192,-1.0101,-0.0047802,0.0019837,0.0042435,-1.023,-1.3193,-0.23084,-32.596,-0.30587,16.519,1.2804,-13.414
54.6,-0.021595,-0.0015096,-0.010887,-1.0049,-0.0019302,-0.0064247,0.0071972,0.036095,-1.4081,0.1958,-32.71,-2.6172,16.614,-1.1228,-16.688,-0.002276,0.0057333,-0.011784,-1.0213,0.0024062,-0.0036075,-0.0003661,-0.35414,-2.7907,0.8584,-31.548,-0.85235,15.95,-0.82792,-11.723
54.7,0.001179,0.0012199,-0.006784,-1.0127,-0.00089594,0.0020716,-0.0032666,-0.29344,-3.7111,-1.4325,-34.95,1.103,16.151,1.4551,-19.285,-0.018104,-0.0012404,0.0024523,-0.99309,0.0047647,0.0051757,-0.0013677,0.93807,0.46051,-0.68183,-32.342,-0.22343,15.025,0.060861,-12.12
54.8,-0.0063789,-0.0069131,-0.012001,-0.98734,0.0020652,-0.00049815,0.0061358,1.4983,-4.3133,0.10593,-32.358,-1.2873,18.561,1.7061,-16.421,0.0089006,0.0096164,0.012144,-1.0158,0.0057316,0.010969,-0.0014408,-0.942,-0.54952,1.0759,-32.981,1.1526,15.918,-0.48133,-13.413
54.9,0.0046817,0.0088285,-0.0018974,-0.9963,-0.0010506,-0.0028018,0.00032242,-0.075425,-2.6925,-1.6005,-34.468,2.5697,18.764,1.2299,-15.76,0.018279,0.015306,-0.011446,-0.98606,0.0051889,-0.0049868,-0.0013833,-2.7879,-1.8167,-2.2704,-33.07,0.33713,17.122,0.82682,-11.602
55,0.00039567,-0.0067099,0.0090638,-1.0036,-0.0043698,0.0050854,0.00067489,0.50007,-3.1007,0.15789,-34.948,0.90502,19.166,0.36534,-16.525,-0.022739,0.0051038,0.011638,-1.0069,-0.0039005,-0.0036241,0.00035088,-1.6996,-2.0357,-2.0074,-32.582,0.86386,16.377,-1.1916,-12.719
55.1,0.0070367,0.002111,0.0019987,-0.99612,-0.0015159,0.0097019,0.0035465,-0.19803,-2.8379,-1.4304,-33.728,-2.9582,18.314,-1.0812,-16.831,0.018266,0.0037323,0.005931,-1.0036,-0.0026898,0.0030423,-0.0016012,-0.97053,-2.8846,-0.0084688,-33.202,-1.6684,15.168,-1.6263,-11.418
55.2,-0.0078017,0.0079136,0.0040286,-1.0039,-0.0086417,0.010426,-0.0062054,2.1112,-2.5131,1.269,-34.914,-0.24362,17.541,-1.6653,-16.437,0.002827,0.001976,-0.0011399,-0.98748,0.00015173,-0.00020797,0.00026019,-1.2572,-1.4227,1.015,-32.522,-1.2873,16.742,-1.9172,-11.046
55.3,-0.020339,0.0063752,0.016535,-1.0041,-0.0042134,-0.0024312,-0.000202,-0.38876,-3.6004,-1.5021,-32.717,1.512,18.075,0.81626,-16.759,0.00051384,-0.023122,-0.027787,-1.0103,-0.005227,0.0056842,0.00060039,0.90542,-1.223,-0.29678,-32.389,-0.11253,15.1,-0.35163,-13.063
55.4,0.01122,-0.019624,0.014329,-0.98885,-1.5128e-05,-0.003685,-0.007819,0.54169,-4.2242,0.39615,-35.148,0.42408,18.246,-0.20233,-18.819,-0.010927,0.018777,0.012865,-0.99804,0.010006,-0.003772,-0.0026222,-1.8981,-1.4397,-2.1903,-32.359,1.0644,16.034,0.28956,-11.318
55.5,0.010047,-0.0014885,0.0037732,-0.98696,0.0017001,-0.0031174,-0.0082092,-2.9131,-6.3795,-0.95,-35.162,1.9603,17.998,-0.3479,-16.648,0.01246,0.0076507,0.014202,-1.0066,0.0061214,0.007174,-0.00060571,0.010006,-1.7889,-0.82519,-32.669,0.73967,15.934,-0.82131,-13.476
55.6,0.0081355,-0.0032723,-0.011421,-1.0178,0.0017709,0.0047215,0.0065381,0.35921,-5.2482,0.56505,-34.357,-1.3376,20.855,-0.44096,-18.916,-0.0076463,-0.013438,-0.0079872,-1.0141,-0.0062347,-0.0014013,0.0023617,-0.88342,-1.6183,-0.092137,-32.46,1.6258,15.115,-0.015848,-13.16
55.7,0.015434,0.0076036,-0.0045544,-0.99113,0.0035305,-0.0018144,0.0054797,-0.71851,-2.7486,1.0747,-36.952,0.90449,18.246,-0.45475,-16.818,0.010945,0.00074468,-0.0046861,-0.99916,-0.0013485,-0.0099598,-0.00015716,-0.44202,-1.8832,1.653,-33.104,0.22938,16.543,-0.82341,-11.432
55.8,0.0029989,0.013003,0.0081214,-0.99112,0.0012851,-0.0015194,0.001312,0.31793,-1.978,1.0726,-35.248,-2.3914,17.926,-1.5887,-17.413,0.0038613,0.0042569,-0.011189,-0.97384,-0.0031432,0.0051978,-0.0028756,0.55143,-1.7801,2.5446,-32.459,-0.231,15.59,-1.4431,-12.434
55.9,0.0066101,-0.008512,-0.005116,-0.99361,-0.0047398,-0.00084168,0.0049083,-2.9901,-3.0768,0.47575,-33.146,0.6012,18.687,-0.77537,-16.348,0.0135,0.0027978,-0.0087307,-1.0107,-0.0072372,0.0012235,0.0070853,-0.011826,-1.636,0.030895,-33.075,-1.0227,15.581,0.17203,-13.13
56,-0.0073941,-0.012873,-0.0098366,-0.97913,0.0089679,0.0011073,0.003863,0.072308,-5.0131,-0.099597,-33.675,1.8347,17.24,0.43237,-17.523,0.0077971,0.003369,-0.00071795,-1.0131,-0.0055253,0.0022692,0.0029129,1.7017,-0.34787,-0.73132,-32.523,0.065136,16.938,0.4548,-13.351
56.1,0.025342,-0.013058,-0.012048,-1.0019,0.0065205,-0.013466,-0.012949,-1.3485,-3.1131,-1.6835,-35.167,-2.2294,18.834,0.90632,-14.699,0.0032657,0.0047394,-9.0726e-05,-0.98881,-0.0048966,0.0044968,-0.0072702,-1.7994,0.064358,-1.9959,-33.742,0.60848,15.429,1.2466,-9.9237
56.2,-0.01417,-0.0046891,-0.0036062,-0.99087,0.010719,-0.0027111,-0.00041728,1.1594,-3.6865,-1.1105,-34.823,-1.7384,17.29,1.5152,-15.596,-0.0047638,0.0020278,0.0052916,-1.0088,-0.0015202,0.0039305,-0.00058737,0.78464,-2.4399,0.54623,-32.753,-0.25561,15.106,-0.36866,-12.268
56.3,-0.0035401,-0.020381,0.012789,-1.0218,0.0082531,0.00087989,0.0057892,0.16913,-2.157,-0.31281,-34.825,0.79032,19.708,0.74666,-18.532,0.009443,0.0086695,-0.00010074,-0.98165,0.00034176,0.00073838,0.00020321,0.93738,-1.8761,1.5941,-33.73,-0.25722,15.201,-1.71,-12.738
56.4,-0.0014178,0.014473,0.012231,-0.99882,0.00061524,0.001168,-0.0040392,1.3958,-2.8863,-0.19773,-35.85,0.91543,17.725,0.81251,-17.917,-0.016457,0.0035597,0.0095723,-1.0027,-0.00044928,-0.0039314,0.0022447,1.0799,-3.2581,1.5756,-32.882,-0.78988,16.144,-1.8651,-13.528
56.5,-0.0048191,-0.0078745,-0.0060633,-1.0049,0.004151,-0.0085631,0.0020163,-1.8125,-4.7274,-0.41625,-35.368,0.65834,18.684,-1.141,-17.323,-0.010871,0.0019503,-0.018209,-1.0066,0.0082845,0.003782,0.0056142,0.024484,-1.5243,0.39607,-31.95,0.11624,15.135,0.48538,-13.041
56.6,-0.0026836,-0.0056081,-0.014319,-0.99907,0.010288,0.00033617,0.0046049,-1.823,-3.405,-0.20465,-36.203,1.11,18.523,1.7839,-16.8,0.0055921,0.010664,0.012252,-1.0057,-0.0021878,-0.0044876,-0.0019486,-0.48368,-1.2528,-2.3158,-33.163,1.9614,16.851,0.74612,-12.215
56.7,0.013026,-0.0060186,0.013649,-1.0088,-0.0010817,0.0042261,-0.0003433,1.5157,-4.0295,-1.1126,-35.278,1.6488,17.157,0.9922,-17.815,-0.0017415,0.003538,-0.0030573,-0.99316,-0.002364,0.0014359,0.011588,-1.0208,-0.41907,0.76226,-32.139,0.77701,16.614,-1.0362,-11.602
56.8,-0.012025,0.010245,0.02681,-0.98484,0.005574,-0.00075216,0.0045402,0.70267,-2.0891,-0.77059,-35.593,-2.155,18.788,-1.159,-15.257,0.0055918,-0.0005488,0.00048755,-1.0045,0.0038756,-0.00051714,0.0017935,-0.30097,-3.8661,0.58251,-32.424,-0.73963,16.346,-1.8506,-11.392
56.9,0.017594,-0.0099973,0.00017694,-0.98819,0.00097868,-0.00028826,0.0031897,0.73237,-3.3935,-0.39531,-33.737,-1.2128,19.193,1.0769,-17.344,0.007188,-0.0030154,0.012465,-0.98493,-0.0064692,-0.0026642,0.003358,0.037681,-0.76758,0.17419,-32.629,1.6474,17.23,1.3193,-14.733
57,-0.0076831,-0.003549,-0.0085719,-1.0064,9.9792e-05,0.0073321,-0.0054528,-1.0767,-3.3046,2.1477,-34.709,0.35463,17.999,1.0219,-17.424,-0.0065867,-0.013677,-0.0057747,-0.98586,0.0084248,-0.0018805,-0.0085503,-0.93302,-0.7039,-0.28347,-33.128,-0.042093,15.011,-0.33881,-13.654
57.1,0.0038973,0.011996,0.0059455,-1.0077,0.0024902,-0.0024647,-0.0022138,-0.81826,-3.3728,0.78503,-35.217,-1.0245,18.811,0.2408,-16.678,-0.0055613,0.001498,-0.0073965,-0.98631,-0.0039263,0.01026,-0.0020519,-2.6952,-1.6096,-0.3954,-32.862,0.69118,16.012,1.8198,-12.531
57.2,0.00061438,-0.015046,-0.020585,-1.0135,0.0051124,0.0001683,-0.0032662,-2.0611,-3.9111,-1.5252,-34.682,1.8451,19.404,0.050775,-17.482,0.010186,0.02315,-0.015308,-0.99823,0.0038029,0.0088065,0.00042557,-0.59749,-1.8708,0.48658,-33.741,1.4773,15.513,-0.81484,-11.522
57.3,-0.00073233,-0.003583,0.010019,-1.0128,-0.0034116,-0.0029891,-0.0039497,-1.9215,0.17125,0.30874,-35.152,0.00072177,16.397,-0.11423,-13.911,-0.012212,-0.0098135,-0.0025179,-1.0027,0.0016759,-0.01028,0.0012562,1.9718,-2.139,1.6711,-33.926,-2.4669,16.306,-2.199,-12.275
57.4,-0.0084588,0.01046,-0.0095937,-1.0013,-0.0039055,-0.0041613,-0.006255,1.1534,-2.8535,0.13259,-36.014,-0.64929,18.274,-1.7215,-16.974,-0.0065935,0.025599,0.0041532,-0.99356,0.0078554,-0.0044827,0.0019715,-1.0048,-1.8131,-0.83349,-34.509,-0.031782,16.047,0.54515,-14.229
57.5,-0.0074512,-0.01166,0.0062859,-1.0142,-0.0062239,-0.0064458,0.0040778,1.1655,-1.9108,-1.6337,-35.451,-1.63,19.543,1.4227,-17.192,-0.018696,0.00092143,-0.013516,-1.009,0.0029409,-0.0047439,-0.0090379,-0.71114,0.68142,-0.99976,-32.528,0.98049,14.093,0.82735,-11.507
57.6,0.027145,0.0057576,0.011226,-0.99351,8.2723e-05,0.0071792,-0.00058064,-0.76536,-3.6948,-1.8246,-35.537,0.023583,16.763,-0.70861,-16.102,-0.00093537,0.012965,-0.0067673,-1.0013,-0.0048549,0.0034096,0.0010257,-1.2873,-0.86135,-0.70968,-34.04,1.0946,15.426,2.6828,-13.264
57.7,-0.0033293,0.0018618,-0.010287,-1.0066,-0.0027279,-0.0040811,-0.0058796,-0.22466,-1.4058,1.0931,-34.251,1.4293,19.42,0.84336,-16.207,-0.0025869,-0.0010978,0.0035282,-1.0056,-0.0026569,-0.0053305,-0.00029305,0.26438,-1.4758,-0.24512,-31.324,1.2767,18.863,0.44473,-12.709
57.8,0.005993,-0.0090405,-0.01286,-0.97646,0.0050882,-0.0024596,-0.0028246,-0.3312,-2.8547,0.75175,-35.317,1.4419,19.128,0.68401,-16.731,-0.002429,-0.0098824,-0.016056,-0.99104,-0.0032132,-0.00043904,0.0046124,-0.3693,-0.025847,-0.23658,-33.314,-0.45061,17.639,-1.2694,-12.035
57.9,-0.0075015,-0.018914,0.0067592,-0.99072,-0.010196,0.0024423,0.0036617,1.2975,-3.9004,-1.5178,-35.514,-1.1582,18.825,-2.3335,-16.608,-0.0014277,0.0012923,-0.021974,-1.0074,-0.00062814,-0.00049611,5.0791e-05,-1.9123,-1.3667,0.92708,-31.436,2.3524,16.516,-1.1596,-13.164
58,-0.003723,0.0016005,0.017908,-0.98187,-5.4677e-05,-0.013696,6.0489e-05,0.22641,-3.5147,0.046542,-34.873,-1.8889,18.528,-0.39168,-18.425,0.020084,-0.012001,-0.0018037,-0.99444,-0.0049475,0.00417,-0.0027778,-1.2728,-0.55404,-0.64603,-33.717,0.526,16.411,1.251,-11.908
58.1,-0.0055906,0.0029014,-0.018899,-1.0107,0.0018614,-0.0026606,0.0067836,-2.9117,-5.3212,-1.749,-35.243,1.1927,18.469,0.27559,-16.933,0.022511,-0.0019938,0.0024264,-1.0112,0.0029325,0.00050002,-0.0047978,1.2505,-1.3703,-0.43347,-34.663,0.712,16.009,1.6062,-12.476
58.2,0.0016494,0.0067512,0.0064775,-1.0065,0.0016051,0.0043522,0.0052393,0.19995,-4.2644,-0.098747,-35.143,-0.26404,18.745,2.1439,-14.122,-0.015146,-0.00084841,0.0036606,-0.99414,-0.0027256,-0.0019702,-0.0049055,2.4425,-1.0038,-0.99097,-35.393,-0.66991,17.374,0.4046,-10.001
58.3,-0.0025511,0.0099789,0.0047974,-1.0057,0.0069767,-0.0052703,0.0018813,-0.88591,-3.6616,-2.083,-35.558,-0.058522,18.414,1.351,-15.755,-0.014003,0.003063,-0.0067666,-1.0178,0.0053274,0.0067896,0.0078418,-0.86227,-0.76775,0.30071,-34.083,-0.93084,17.404,-0.27464,-10.638
58.4,-3.4928e-05,0.0132,0.0030579,-0.99903,0.0044998,0.012129,0.0032468,1.7156,-3.6289,0.34132,-36.303,0.38192,18.422,-0.54776,-16.001,0.00067867,-0.00036737,-0.013034,-1.0032,-0.0036962,0.0033308,0.010603,1.2234,-0.2374,0.81907,-32.413,-0.15332,15.934,-0.6301,-13.858
58.5,-0.0030997,-0.011987,0.0046712,-1.0194,0.0053799,-0.0012565,-0.010797,-0.8141,-2.0058,-1.2178,-36.023,0.34072,18.584,-3.002,-15.561,0.010211,0.02607,-0.016773,-0.99227,0.015866,0.001938,-0.0078836,-0.71163,-0.86072,-2.0617,-32.808,-0.22121,14.812,0.37822,-11.638
58.6,-0.0026759,-0.0084486,-0.017017,-0.98064,-0.0011058,-0.012047,0.0065917,-0.53657,-2.5188,1.7581,-35.063,-0.41312,19.635,0.033684,-16.067,0.011632,0.0064543,0.00055295,-0.99314,0.00856,-0.0065117,0.0021203,-1.012,-0.28577,0.42677,-33.265,1.7959,16.753,-0.44641,-12.084
58.7,0.004331,0.0026255,0.0046241,-0.98387,0.0036601,-0.0018833,-0.00292,-1.9072,-2.7374,-2.0286,-35.431,-3.103,19.629,0.18259,-16.292,0.0062349,0.0090548,-0.0026328,-1.0054,0.0048523,7.3361e-05,0.0036137,1.1039,-0.92592,1.3643,-32.808,-0.5425,15.137,-0.94204,-11.184
58.8,-0.01095,-0.0039956,-0.0069044,-0.99417,0.0052595,0.003849,-0.0050138,0.9001,-2.7067,-0.29742,-35.381,1.7612,19.633,0.11828,-15.488,-0.010123,0.0011812,-0.00039677,-0.99198,0.0040421,-0.0084434,-0.0039545,0.23831,-1.2141,0.12624,-31.701,0.031377,14.845,-1.3225,-11.269
58.9,-0.0040715,-0.0034437,0.011379,-0.9856,-0.0014922,0.0043893,0.0019002,2.1889,-3.4069,-1.2583,-35.903,0.0087914,18.132,-0.77631,-17.21,-0.013155,0.0010535,-0.014725,-1.0006,0.0052055,-0.0032278,-0.0010281,-0.88618,-1.0148,-0.5734,-33.172,0.86119,16.465,-0.59253,-11.742
59,0.0038567,-0.011964,0.020917,-0.99132,-0.0035668,-0.0084375,0.0013888,1.3318,-4.0651,1.7526,-36.075,-1.4755,19.696,1.3606,-16.508,0.01487,0.0033743,0.010498,-0.99119,-0.0027911,0.0040625,0.0030418,-1.698,-1.7847,0.60635,-34.341,0.15644,15.232,1.379,-12.628
59.1,-0.0080553,-0.0029186,0.012725,-1.004,0.0035955,-0.0012845,-0.0035685,-1.2805,-3.1631,-1.655,-34.382,0.74936,18.44,-1.4666,-16.693,0.0023577,-0.0053799,-0.0096635,-0.99653,0.0013104,0.00087471,0.0041093,-0.25512,-0.081913,-0.073756,-33.727,0.80666,15.225,0.07708,-12.412
59.2,0.012291,-0.0041589,-0.0069843,-0.99894,-0.0027027,0.0018869,-0.0085139,-0.79009,-5.1121,-0.33221,-35.474,0.5248,18.833,1.9621,-16.17,-0.024668,-0.0016894,0.0017781,-1.0011,-0.0035789,0.00032857,-0.010471,-0.14791,-1.2192,0.47204,-33.346,-0.71442,15.513,-0.06343,-11.053
59.3,0.0028817,0.018186,0.0023345,-1.0146,0.0017683,0.0089722,0.0040432,-0.13902,-2.6242,-1.3941,-35.641,0.18188,17.944,-0.62678,-16.955,-0.0057832,-0.015723,0.0037113,-1.02,0.0042332,0.0012028,0.0071111,0.78489,-1.8665,-0.29484,-33.558,-0.8775,15.997,-0.75079,-10.12
59.4,-0.0051726,0.020594,0.0007839,-1.0179,0.0032297,0.011171,-0.0081276,-0.63041,-6.4124,-2.953,-36.463,-0.88792,18.287,1.5632,-17.023,-0.010113,0.00043481,0.002912,-0.9986,0.0038636,0.0081517,0.0044037,-0.89607,-1.3727,-0.54615,-34.648,-1.0986,17.154,0.59313,-10.461
59.5,0.0017743,0.010553,-0.0032795,-0.99567,-0.001922,5.5377e-05,-0.0013993,-0.15519,-3.2267,2.5738,-35.085,-0.55325,18.703,-1.9468,-17.696,-0.0035376,0.003337,-0.0039952,-0.9918,0.006067,-0.0077627,0.0058732,0.15623,-1.4784,-1.0342,-32.964,0.40175,14.206,0.24624,-10.961
59.6,-0.010692,-0.0074007,-0.0054401,-0.98304,0.0044031,-0.0026835,0.0049167,1.182,-2.4272,0.5095,-33.791,0.15762,17.771,-0.023052,-14.776,0.0042825,-0.0028424,0.00027392,-0.99105,0.00020304,-0.0010295,0.00078193,-0.62768,-0.9425,-0.17692,-32.481,1.3732,14.028,0.64336,-10.783
59.7,-0.0052765,0.010828,-0.021813,-0.97872,0.0016669,-0.0072627,-0.00864,0.43742,-1.9155,0.90384,-36.881,-0.65567,16.929,0.63012,-16.313,-0.011275,-0.0061626,-0.0025958,-1.0184,0.002757,0.0036691,0.012589,-0.47406,-1.5998,0.15136,-33.666,1.6286,15.782,0.97127,-10.991
59.8,-0.0023243,-0.0083993,0.0040607,-0.98028,-0.0056982,0.0072924,0.005448,1.2469,-3.9027,0.30451,-36.262,-0.0743,17.494,1.0729,-16.778,0.0093606,0.0057353,0.0081366,-0.99539,0.0028792,-0.012755,0.0057179,-0.39961,-2.0736,0.14015,-36.61,-1.5262,15.82,-0.74294,-11.748
59.9,-0.0062894,0.010078,0.012517,-0.99654,0.00086846,0.00090582,-0.0082262,0.71644,-2.7302,-2.4796,-36.269,1.5386,18.98,1.9429,-14.383,0.0090652,0.0035955,-0.00065214,-1.0028,-0.0084482,0.0033278,-0.00078741,0.14845,-1.5147,-0.83826,-33.362,-0.86923,16.308,-1.6966,-10.803
60,-0.0045267,0.016181,-0.013433,-0.98585,-0.0059785,0.005969,0.0088415,0.76379,-2.7173,-1.5617,-35.8,1.8041,19.214,-0.37394,-17.556,0.020544,0.0052533,-0.00019516,-1.0198,0.0009006,0.00036245,0.002228,1.3308,-2.275,0.52809,-32.048,-0.11859,16.162,-1.8166,-12.567
