time,q1_healthy,q2_healthy,q3_healthy,q4_healthy,omega1_healthy,omega2_healthy,omega3_healthy,wheel1_i_healthy,wheel1_w_healthy,wheel2_i_healthy,wheel2_w_healthy,wheel3_i_healthy,wheel3_w_healthy,wheel4_i_healthy,wheel4_w_healthy,q1_faulty,q2_faulty,q3_faulty,q4_faulty,omega1_faulty,omega2_faulty,omega3_faulty,wheel1_i_faulty,wheel1_w_faulty,wheel2_i_faulty,wheel2_w_faulty,wheel3_i_faulty,wheel3_w_faulty,wheel4_i_faulty,wheel4_w_faulty,
0,0,0,0,0,0,0,0,0,0,0,0,0,0,0,0,0,0,0,0,0,0,0,0,0,0,0,0,0,0,0
0.1,-0.71068,0.012843,0.11214,-0.70062,-0.0052768,-0.0035659,0.0020958,-1.5315,-0.030352,-0.48418,-0.107,-0.76053,-0.56704,0.63612,1.1101,-0.72862,-0.019825,0.12723,-0.70183,-0.0015894,0.0032997,0.0032715,1.1146,1.3932,1.6249,-0.41936,0.041552,-1.5119,-0.89389,-0.82599
0.2,-0.70852,0.012806,0.11385,-0.69259,-0.0026806,-0.011281,0.011959,-0.12073,0.22429,0.46525,0.45253,0.54422,-1.6677,-0.73768,-0.056149,-0.70202,0.01435,0.12929,-0.67696,0.0035373,0.0023667,0.00078742,-0.053292,-0.52162,0.307,0.30788,-2.4234,0.50628,-1.1315,-0.8497
0.3,-0.7066,-0.0051865,0.12792,-0.70133,0.0087354,-0.0023646,0.011951,-1.4213,0.10161,1.7815,-0.7149,-0.96116,0.054538,-1.4277,1.0928,-0.71551,-0.0018305,0.13138,-0.70448,-0.0083049,0.0011737,0.0068617,1.4641,0.80306,-0.10565,-0.95559,0.51139,-1.3197,-2.3138,0.0008069
0.4,-0.71597,0.010966,0.1244,-0.68867,-0.0083937,0.0032358,0.0088143,-0.24868,-0.95788,1.411,-0.4216,0.080637,-0.028912,-1.668,-2.9527,-0.70064,-0.0091912,0.1358,-0.70292,-0.0086185,-0.0038307,0.0053394,0.7882,0.052959,0.29692,0.89491,-0.19009,-2.9685,-1.6072,-1.2777
0.5,-0.71366,0.014686,0.12638,-0.69816,-0.0063829,-0.0062448,0.007259,1.9033,1.1163,-0.2577,1.2737,-0.94095,0.53346,-1.9486,1.0886,-0.6929,-0.011271,0.12453,-0.7202,-0.0023427,0.0056341,0.0055326,0.9229,0.10278,-1.0367,0.24187,-2.0698,-0.73993,0.84213,-0.35402
0.6,-0.71806,0.012249,0.11992,-0.68615,-0.0034701,-0.0048869,0.0060248,0.27813,2.0814,-2.877,0.099804,-0.6046,-0.36684,-2.3109,-1.2279,-0.70773,-0.00070565,0.12119,-0.71414,-0.0066678,0.0048133,0.015232,2.1761,2.5016,0.17659,-0.80985,-2.2961,-1.446,-0.87026,-2.9923
0.7,-0.70351,0.0089181,0.1373,-0.69379,-0.016524,-0.0045492,0.012106,0.38262,3.5203,-1.2173,1.1672,-1.8591,-1.0532,-0.28267,-0.89628,-0.70269,0.0027162,0.12239,-0.706,-0.0076089,0.0013919,0.0045697,-1.4213,1.9902,-1.1294,-1.2364,-0.87583,-2.9756,0.96702,-0.97306
0.8,-0.7006,-0.0068259,0.12702,-0.71835,-0.013865,0.0010095,0.017586,1.8333,0.34902,-0.88682,0.22452,0.53437,-2.835,-0.92732,-1.5988,-0.69097,-0.0014671,0.10849,-0.6837,-0.017482,-0.0045032,0.0037475,1.4842,3.8061,-0.0051651,-0.80083,-3.2198,-2.8191,-3.1278,-3.239
0.9,-0.70619,-0.0059556,0.12036,-0.68553,-0.010371,-0.00065176,0.0083589,0.085429,3.1214,-1.0049,-1.7945,-1.3568,-1.4824,-1.9573,-1.2285,-0.71994,0.011146,0.11705,-0.70143,-0.013074,-0.0041638,0.019486,1.6032,0.93186,0.017052,2.3758,-1.6519,-1.8119,-1.4315,-4.4079
1,-0.69167,-0.0048754,0.12169,-0.70911,-0.0093852,0.0023157,0.0096651,1.8172,2.9173,-1.8576,-1.6921,0.092893,-2.3927,-1.4029,-4.3989,-0.70078,0.017206,0.13609,-0.703,-0.02253,-0.0082765,0.017949,1.1428,4.1718,0.50358,0.041704,-1.7792,-2.1775,-0.72309,-3.4127
1.1,-0.70687,-0.00033102,0.13432,-0.71533,-0.017023,-0.0036553,0.0094814,0.35424,3.8712,1.2151,-1.3254,-1.8099,-5.3757,-0.32545,-2.928,-0.70498,0.0033727,0.12849,-0.7011,-0.019426,-0.0048396,0.0079394,1.042,3.2122,-1.5274,-0.85963,-0.66129,-3.6202,-0.22027,-2.3264
1.2,-0.71908,0.0095179,0.11744,-0.70808,-0.024036,-0.0040894,0.015118,-1.0207,3.9047,-0.24366,0.574,-0.95313,-4.2705,-1.0251,-3.3959,-0.71358,-0.0060159,0.12206,-0.70551,-0.017653,-0.00082189,0.02206,1.5588,4.2758,1.3464,0.7728,-1.5695,-4.6367,-2.0281,-3.5139
1.3,-0.68577,-0.0028612,0.11918,-0.70064,-0.018568,-0.00017163,0.017335,-0.16977,5.0028,0.19819,-1.6605,-0.17786,-4.255,0.5413,-3.8706,-0.69602,0.010398,0.12519,-0.69774,-0.014369,-0.0071298,0.020214,1.4966,3.9857,1.916,0.24484,-1.2833,-5.2313,-1.6241,-3.9617
1.4,-0.71067,0.014462,0.11053,-0.71249,-0.018688,-0.0068418,0.02171,0.25316,2.784,-0.7734,-2.7684,-2.1495,-6.2811,-2.6613,-4.6236,-0.688,0.0093534,0.11272,-0.70549,-0.023392,0.0045752,0.024082,2.6153,4.5471,-0.10215,-0.87412,-1.6318,-6.7417,-0.70993,-2.6651
1.5,-0.70696,0.00032727,0.12354,-0.70696,-0.016254,-0.012446,0.019047,1.0222,4.714,-0.80197,-1.1903,-1.2178,-5.2985,-1.1347,-4.6375,-0.69122,-0.01693,0.10636,-0.70734,-0.020353,-0.017814,0.027862,-0.4925,3.6637,0.097759,-0.27331,0.76983,-3.2486,0.28624,-5.3495
1.6,-0.7041,0.00024893,0.116,-0.69826,-0.018228,-0.0063789,0.024481,0.73262,5.1007,-1.7002,-1.5549,-1.2182,-4.1039,-2.0453,-6.1207,-0.71141,0.0005688,0.11027,-0.69098,-0.016315,-0.01145,0.021453,1.5807,2.7949,0.15243,-1.1978,-0.56191,-5.4351,-0.765,-6.6557
1.7,-0.69086,0.0032349,0.12615,-0.68001,-0.023524,-0.0073578,0.026773,0.99134,4.8523,-0.10544,-0.94572,-1.4923,-4.9588,-1.2705,-6.5313,-0.68861,-0.010888,0.10355,-0.71156,-0.031644,-0.00050667,0.02637,-1.3878,3.6819,-0.40253,-0.69896,-4.5145,-5.7699,-0.51978,-5.2282
1.8,-0.70236,0.027315,0.1175,-0.70022,-0.0263,-0.0076241,0.023732,1.0974,3.8394,0.11358,-2.1413,-0.94693,-5.5776,-0.054749,-7.1722,-0.70039,0.013186,0.11015,-0.7058,-0.02445,-0.0094649,0.021585,0.63089,5.3459,-1.861,-2.4927,-2.4048,-6.1587,-1.3839,-6.0875
1.9,-0.68805,-0.0024994,0.10772,-0.70545,-0.024903,-0.0061408,0.024978,0.31782,4.8111,-1.1229,-1.3113,-1.2652,-7.8019,-0.80814,-6.7022,-0.71185,-0.0039806,0.12804,-0.7309,-0.034165,-0.017556,0.023457,-1.3443,4.4151,-0.46995,-1.3304,-1.0171,-7.9076,-1.0077,-7.0207
2,-0.68066,-0.0047488,0.11831,-0.69585,-0.037728,-0.018,0.030685,0.56277,5.6211,-0.59826,-2.0298,-0.30733,-6.7086,-1.8742,-7.2152,-0.69329,0.0084236,0.11607,-0.70926,-0.030462,-0.012503,0.028103,0.90308,4.8811,-0.68465,0.46067,-0.64917,-8.6279,-0.36499,-5.8401
2.1,-0.70461,0.011107,0.11564,-0.72283,-0.02841,-0.018772,0.032338,0.62762,6.2503,-1.1792,0.72297,-0.58617,-8.4233,-0.92018,-8.0256,-0.68732,0.014544,0.10522,-0.69683,-0.024881,-0.010908,0.027939,0.86247,6.2974,-0.49114,-1.4428,-1.1797,-8.1503,-2.3421,-9.4113
2.2,-0.69171,0.014277,0.09223,-0.70516,-0.032699,-0.0099322,0.040896,-1.4379,5.0268,0.46023,-0.50146,-2.3506,-6.8442,-0.57379,-6.7748,-0.69019,0.01404,0.10707,-0.70895,-0.038506,-0.0074961,0.023408,1.921,6.3984,-0.91105,0.21004,-1.3107,-9.1175,-0.44597,-7.9446
2.3,-0.69789,0.017775,0.11452,-0.70386,-0.029154,-0.009439,0.0359,1.4805,4.3114,-1.7913,-0.39414,-0.41746,-7.3402,-0.65727,-8.1547,-0.69587,0.0053144,0.1236,-0.69172,-0.03059,-0.0071913,0.034919,2.6508,4.7808,-0.23641,-2.2984,0.11641,-6.7363,-1.8861,-7.1574
2.4,-0.69424,0.024915,0.10596,-0.69491,-0.030744,-0.0091952,0.032461,-1.1061,5.075,-2.5042,-1.57,-1.4142,-8.5561,-0.37216,-6.2911,-0.69593,0.025392,0.093855,-0.69795,-0.035134,-0.0085735,0.026885,0.59844,5.4695,-0.042448,-2.6483,0.66028,-8.4701,-1.1276,-9.8154
2.5,-0.68158,0.026037,0.097055,-0.72377,-0.030869,-0.02029,0.033488,3.5211,4.1774,0.26239,-1.5349,-1.8332,-7.334,-0.39169,-9.7644,-0.68964,0.0063145,0.12014,-0.70401,-0.036948,-0.011774,0.033606,1.8903,5.517,1.3413,0.17952,-0.41722,-8.8666,-0.97184,-9.1899
2.6,-0.68493,0.0019171,0.11011,-0.7188,-0.035332,-0.011828,0.038892,-0.12279,5.553,1.337,-1.0003,-1.9138,-7.7561,-3.2593,-9.5588,-0.68233,0.028686,0.11211,-0.70583,-0.036081,-0.014067,0.041092,1.1341,6.3663,-0.56245,0.062765,0.8137,-9.3767,-0.97052,-8.8837
2.7,-0.68782,0.022167,0.1138,-0.71411,-0.053854,-0.008397,0.033783,1.3741,9.5447,-0.9053,-2.2665,-2.6001,-9.1276,-0.61522,-11.215,-0.69206,0.025734,0.11695,-0.70856,-0.039519,-0.012084,0.037979,0.78465,6.4357,-1.9181,-0.57042,-2.3375,-10.9,-1.1471,-8.8642
2.8,-0.68895,0.024508,0.10754,-0.71364,-0.042639,-0.0088997,0.045229,1.3627,9.2457,1.1588,-2.1941,0.10863,-9.33,-1.2797,-11.031,-0.70375,0.030881,0.11717,-0.73443,-0.033616,-0.011465,0.040998,0.63665,8.1089,0.23566,-2.7024,-0.18158,-9.2328,-1.5281,-9.2179
2.9,-0.69539,0.033014,0.10178,-0.71091,-0.046137,-0.026773,0.048018,-1.2199,8.008,-0.18062,-2.6141,-1.5289,-11.123,-1.872,-10.301,-0.68328,0.027134,0.10223,-0.72769,-0.040821,-0.020637,0.035643,1.5594,8.6857,0.48704,-2.0674,-2.1305,-9.6118,-0.20101,-10.306
3,-0.68925,0.022797,0.12495,-0.73007,-0.049545,-0.018232,0.038185,1.7564,7.41,-1.0059,-1.1598,0.61133,-8.9017,-2.8456,-12.211,-0.66577,0.019789,0.1092,-0.73372,-0.050896,-0.018797,0.046383,0.14107,8.5811,0.93655,-2.6217,-1.5362,-9.653,-0.22791,-10.148
3.1,-0.66987,0.011837,0.10281,-0.7067,-0.043335,-0.006951,0.045048,1.0129,8.0322,-1.4344,-3.6301,-0.93465,-10.943,-1.8253,-10.412,-0.67439,0.038372,0.10962,-0.73047,-0.047703,-0.012365,0.051427,1.8577,7.1422,-0.75161,-2.6542,-2.5208,-8.9374,-1.3381,-11.728
3.2,-0.66219,0.039581,0.11887,-0.73539,-0.049963,-0.011462,0.046358,1.8242,8.4273,-1.8053,-0.91844,-0.93252,-11.767,-1.3735,-10.136,-0.68783,0.036088,0.11239,-0.73022,-0.045669,-0.02175,0.050512,-0.085346,8.6539,-0.65567,-2.5957,-1.1076,-9.1293,-1.1203,-11.184
3.3,-0.66957,0.027972,0.11903,-0.73698,-0.045063,-0.0090609,0.041813,1.5939,7.7898,2.2916,-4.2646,-0.31454,-10.225,-0.54304,-12.302,-0.66497,0.028851,0.09783,-0.74057,-0.03835,-0.0088138,0.04635,1.3017,8.424,-0.21696,-3.504,1.0114,-10.797,-0.36886,-12.021
3.4,-0.68764,0.050714,0.10004,-0.74533,-0.053203,-0.009514,0.05013,2.5414,8.9571,-1.2458,-4.2824,-0.4995,-11.384,0.58834,-11.419,-0.67005,0.030487,0.11064,-0.71744,-0.059094,-0.017885,0.053141,1.3899,9.5962,-0.25558,-3.4876,-0.87727,-9.8567,-1.264,-11.644
3.5,-0.67919,0.037525,0.11712,-0.74707,-0.057092,-0.010803,0.048659,1.3646,9.3908,-0.12682,-1.3367,-0.96989,-11.561,-1.227,-12.053,-0.67345,0.041082,0.10454,-0.73183,-0.047256,-0.018908,0.059435,1.7707,9.0116,-0.98115,-0.48476,-1.676,-10.382,1.1018,-13.673
3.6,-0.66566,0.037199,0.081894,-0.74111,-0.059451,-0.016482,0.058853,1.1352,9.4771,-0.29345,-3.3287,-1.4517,-11.032,-0.03153,-11.415,-0.66941,0.032312,0.089766,-0.75436,-0.052135,-0.018208,0.051767,-0.06942,9.065,-1.1458,-3.4305,-0.51372,-11.994,-1.8832,-12.695
3.7,-0.66754,0.063074,0.08335,-0.73671,-0.059671,-0.022142,0.049884,0.3414,10.378,0.32696,-3.2862,-0.36729,-10.867,-1.6846,-12.101,-0.67074,0.043642,0.10319,-0.72212,-0.062072,-0.011491,0.059646,2.386,10.129,-1.0079,-2.2625,0.97255,-11.923,-1.0428,-13.131
3.8,-0.67456,0.029131,0.096041,-0.75346,-0.05619,-0.0089283,0.05637,1.4849,9.8839,0.096835,-2.6712,-1.0454,-14.373,0.49966,-13.264,-0.68077,0.02784,0.076577,-0.71494,-0.051909,-0.015034,0.050825,1.197,9.861,-0.78114,-2.9215,0.57807,-11.064,-1.9565,-13.752
3.9,-0.66981,0.049743,0.11281,-0.72933,-0.05733,-0.016357,0.056912,-0.95683,10.89,-2.0761,-2.6444,0.38093,-12.355,-1.2172,-13.844,-0.64124,0.043156,0.096897,-0.74337,-0.059089,-0.010532,0.058509,0.31288,9.5971,-1.0591,-3.1031,-0.3812,-12.126,-1.9859,-12.869
4,-0.66983,0.044616,0.10053,-0.74105,-0.050089,-0.015542,0.058485,0.2901,10.252,-0.31449,-4.3467,-1.5195,-14.081,-0.972,-13.899,-0.65732,0.047535,0.10644,-0.76014,-0.048918,-0.014439,0.055084,1.6248,9.6097,-0.37038,-2.6049,-0.17287,-13.364,-3.3283,-14.353
4.1,-0.64294,0.035952,0.093294,-0.74703,-0.057301,-0.012452,0.06538,0.45801,11.105,1.0854,-3.7415,0.25975,-11.919,-1.8344,-15.39,-0.65724,0.023382,0.10482,-0.74414,-0.057724,-0.01362,0.059008,1.3217,11.404,-0.54705,-5.7713,0.34074,-11.411,-0.73369,-15.539
4.2,-0.66227,0.082203,0.091354,-0.74906,-0.053076,-0.023138,0.06083,1.8662,10.223,0.37225,-4.1987,0.31303,-13.773,0.29368,-13.035,-0.67695,0.062096,0.099694,-0.76599,-0.061202,-0.0072262,0.060401,-0.48254,9.7998,-1.4545,-5.3099,-2.6809,-14.1,-2.7332,-16.05
4.3,-0.65239,0.061053,0.091666,-0.75649,-0.067396,-0.007836,0.062151,0.50629,10.566,-2.0381,-4.29,-2.4356,-11.999,-1.9933,-14.85,-0.67341,0.060326,0.10432,-0.74762,-0.061298,-0.017472,0.068943,-0.09719,11.253,-0.90633,-4.68,-0.69686,-14.2,-2.2294,-14.614
4.4,-0.66904,0.063687,0.08102,-0.77753,-0.057082,-0.017422,0.067253,-0.2943,10.314,-0.91194,-5.6126,-0.37782,-12.924,-1.4444,-15.849,-0.64985,0.038426,0.086544,-0.75247,-0.06007,-0.015636,0.067618,1.7789,12.326,-0.087362,-5.2383,-0.64203,-12.913,-1.588,-15.811
4.5,-0.66217,0.054215,0.096583,-0.74173,-0.056569,-0.013368,0.050432,1.0848,10.208,-1.7472,-6.7992,-0.43567,-14.18,0.26458,-15.683,-0.65137,0.054109,0.074174,-0.75243,-0.052677,-0.017522,0.061233,1.0338,12.578,1.1887,-6.164,2.0579,-14.376,-1.5074,-15.989
4.6,-0.64314,0.07141,0.079483,-0.75806,-0.061724,-0.0089939,0.069745,-0.091425,13.038,-3.4153,-4.6237,0.34943,-12.872,-1.6709,-16.25,-0.6606,0.077149,0.097653,-0.76715,-0.068624,-0.012877,0.065404,0.85806,12.335,-1.3901,-5.2129,0.46392,-12.887,-1.2414,-17.379
4.7,-0.65693,0.072913,0.063012,-0.75053,-0.062734,-0.01141,0.071388,-0.033783,11.397,-1.1508,-6.3799,-0.65743,-13.031,-0.54213,-15.073,-0.62782,0.073903,0.075171,-0.76103,-0.068961,-0.002527,0.064988,0.14985,12.73,-0.1783,-7.4947,0.077062,-13.556,-1.5273,-17.351
4.8,-0.63999,0.057079,0.084788,-0.76344,-0.067132,-0.01638,0.070481,1.6885,12.433,-2.6118,-8.3355,2.953,-13.299,-0.72447,-17.869,-0.6386,0.056896,0.061759,-0.77378,-0.070974,-0.017713,0.058699,0.092826,12.95,0.6685,-5.9961,-0.43746,-13.411,-2.2634,-17.708
4.9,-0.65292,0.06868,0.077826,-0.7614,-0.072605,-0.012026,0.064379,0.64027,12.468,0.18709,-9.4712,-1.4418,-12.583,-0.20387,-18.317,-0.62783,0.060252,0.073462,-0.76113,-0.072156,-0.020786,0.053932,1.0153,13.086,-0.54768,-7.4943,-0.34355,-15.174,-0.74357,-16.182
5,-0.64273,0.072969,0.08774,-0.76954,-0.075233,-0.012374,0.073156,0.48474,14.454,1.0552,-6.9369,0.16463,-13.094,-1.843,-19.199,-0.61588,0.071437,0.074818,-0.7567,-0.067001,-0.021526,0.072436,0.041946,13.294,-1.7848,-5.5069,1.2311,-15.411,-0.48115,-19.056
5.1,-0.63017,0.08892,0.063455,-0.76373,-0.065597,-0.017271,0.078747,0.43684,12.91,-1.1911,-6.1983,-1.3162,-13.796,-2.0304,-19.739,-0.65109,0.066684,0.064579,-0.76524,-0.066783,-0.01211,0.062522,1.3642,13.38,-1.0071,-7.379,0.14029,-12.719,0.31051,-17.247
5.2,-0.62472,0.089925,0.047104,-0.77326,-0.069483,-0.010228,0.077884,1.8464,12.853,-0.58601,-8.2281,-1.3068,-12.697,-0.80388,-20.949,-0.62352,0.077191,0.066799,-0.77453,-0.081522,-0.019947,0.064407,0.88482,13.421,-2.2834,-9.1403,-0.71251,-13.122,-0.041216,-19.594
5.3,-0.62129,0.086929,0.05432,-0.75873,-0.072041,-0.0048803,0.070906,2.2684,13.52,-1.0379,-8.8375,0.62287,-14.472,-1.7854,-20.715,-0.62938,0.074584,0.085269,-0.78668,-0.074575,-0.014031,0.067165,-1.193,14.647,-0.89622,-7.4565,1.2832,-14.283,-2.6767,-20.4
5.4,-0.63285,0.080006,0.064777,-0.79174,-0.087407,-0.0061277,0.058603,0.97746,15.721,-0.59889,-8.7726,-1.1999,-14.47,-1.0243,-19.441,-0.61893,0.092323,0.071783,-0.77587,-0.072809,-0.010167,0.065664,1.3725,16.002,-1.8141,-9.4588,0.69953,-13.596,-0.81562,-19.877
5.5,-0.62199,0.082047,0.073138,-0.77577,-0.093465,-0.0093438,0.076785,1.2831,14.288,-0.7935,-10.121,0.40059,-14.129,-0.47688,-20.816,-0.60499,0.082842,0.086849,-0.76886,-0.077058,-0.010931,0.072046,1.1821,14.049,-0.32272,-7.843,1.2425,-12.838,-0.18953,-21.126
5.6,-0.62402,0.085382,0.057012,-0.78478,-0.081214,-0.019346,0.066426,1.9927,15.316,-1.5427,-8.9595,1.3525,-14.354,0.33925,-19.361,-0.60198,0.09492,0.069167,-0.77145,-0.090164,-0.0023256,0.066742,0.60916,14.732,-2.7018,-12.14,1.4572,-14.038,-1.646,-19.15
5.7,-0.60591,0.0703,0.060687,-0.7811,-0.082567,-0.011282,0.076069,-0.37518,16.352,-1.2574,-10.709,-1.602,-13.387,-1.1549,-21.09,-0.62023,0.078797,0.056134,-0.78719,-0.086903,-0.013488,0.0761,0.33485,15.813,-1.3045,-9.9818,-0.15099,-13.215,-1.1549,-20.987
5.8,-0.60502,0.087779,0.054393,-0.79039,-0.08346,-0.011322,0.075636,0.97134,14.891,-1.1527,-11.056,0.38966,-13.757,-3.1266,-20.201,-0.61126,0.089443,0.069727,-0.79901,-0.072184,-0.014603,0.071285,-0.013535,16.911,-0.99229,-10.382,-0.78382,-14.146,-0.49582,-20.609
5.9,-0.6002,0.092905,0.06263,-0.78148,-0.082211,-0.007012,0.065317,2.1082,15.734,-2.7373,-11.506,0.50627,-14.052,-0.86469,-21.491,-0.59819,0.092653,0.0305,-0.78903,-0.082603,-0.014385,0.074986,1.7839,14.751,-0.63498,-11.101,0.54371,-11.337,-2.8862,-23.783
6,-0.58502,0.11061,0.061104,-0.80534,-0.082904,-0.0014296,0.077368,1.9961,15.106,-2.1445,-11.371,-1.1832,-13.298,-0.77446,-22.881,-0.61137,0.088008,0.046041,-0.79619,-0.08777,-0.012599,0.081702,0.57168,16.129,-2.938,-11.162,-1.134,-15.447,0.44257,-19.697
6.1,-0.59729,0.090012,0.050399,-0.80212,-0.088518,-0.010178,0.078152,1.185,14.511,-2.2931,-11.941,0.32324,-12.626,-1.3406,-24.918,-0.59024,0.11683,0.035459,-0.79897,-0.087705,-0.0069234,0.076353,0.73037,17.429,-0.14801,-11.773,2.1167,-14.859,-2.2202,-20.749
6.2,-0.5659,0.10641,0.045125,-0.79687,-0.095099,-0.0016233,0.070155,1.0782,15.958,-1.427,-10.967,-0.71048,-16.392,-0.64615,-22.855,-0.60175,0.10665,0.049544,-0.80202,-0.096585,-0.0089683,0.07603,1.9261,16.868,-0.02548,-12.06,0.40037,-15.378,-2.9028,-25.335
6.3,-0.57808,0.109,0.045337,-0.81276,-0.08807,-0.014422,0.079384,2.1628,17.635,-2.1306,-13.014,0.76761,-13.287,0.52627,-22.732,-0.59682,0.10948,0.038872,-0.81081,-0.095567,-0.0090125,0.071427,0.53543,17.112,-3.1607,-12.315,0.32276,-15.622,0.16243,-21.922
6.4,-0.59614,0.11494,0.071955,-0.80015,-0.096306,-0.0056141,0.082112,-0.74279,17.202,-0.86318,-13.802,0.96921,-14.453,-3.4012,-24.923,-0.58961,0.093546,0.050374,-0.80084,-0.091756,-0.0091803,0.078827,1.6373,16.713,-0.31135,-12.962,0.65601,-12,-1.438,-23.13
6.5,-0.59562,0.10599,0.040986,-0.81892,-0.097231,-0.01334,0.077725,0.080975,17.107,-0.28795,-10.844,0.94463,-11.311,-0.44494,-24.955,-0.57739,0.1224,0.039629,-0.82087,-0.091898,-0.0018396,0.085286,-0.61519,17.045,-2.105,-12.371,0.79987,-13.275,-0.94628,-24.5
6.6,-0.57649,0.10913,0.044836,-0.81112,-0.096966,-0.01184,0.091775,1.1504,17.998,-1.5997,-12.553,0.087897,-14.344,-0.89755,-22.598,-0.58636,0.089515,0.039677,-0.79513,-0.09988,-0.0017403,0.077958,1.8013,17.654,-1.3825,-15.886,1.8545,-13.593,-2.9174,-23.971
6.7,-0.57159,0.10361,0.045268,-0.81178,-0.10384,-0.00091079,0.072339,1.0497,17.01,-0.49796,-14.377,-0.41552,-13.281,-0.20641,-25.39,-0.57842,0.11685,0.042139,-0.80587,-0.092022,-0.0063796,0.075843,1.8583,15.552,-2.4457,-14.933,0.94036,-13.342,0.51176,-24.977
6.8,-0.57168,0.1247,0.040695,-0.80561,-0.096277,-0.0090808,0.083609,2.305,17.034,0.073893,-14.524,1.7306,-13.236,0.31762,-25.411,-0.56547,0.12421,0.029682,-0.81404,-0.090148,-0.013258,0.082961,-0.11871,17.426,-2.2102,-13.26,1.2285,-13.321,-0.059619,-23.384
6.9,-0.56441,0.11685,0.050316,-0.81463,-0.10126,-0.0046454,0.078131,3.1538,17.747,-1.1621,-13.289,-1.7924,-14.606,-2.7988,-25.829,-0.57132,0.1188,0.018334,-0.8086,-0.098556,-0.0041478,0.078625,0.86025,17.112,0.48475,-13.019,1.084,-13.378,-2.1579,-25.215
7,-0.55693,0.13605,0.030705,-0.83618,-0.099247,-0.001236,0.078312,1.0336,16.74,-1.0457,-14.302,-0.68205,-13.573,-1.6104,-26.244,-0.55816,0.11775,0.041834,-0.8244,-0.092731,-0.0061815,0.076051,-2.1122,16.675,-2.1149,-15.706,0.69292,-12.122,-0.73499,-25.882
7.1,-0.56408,0.12187,0.047831,-0.83642,-0.094773,0.0008162,0.081505,-0.71801,19.12,-2.6625,-15.409,-0.31908,-9.442,-0.14846,-25.914,-0.55938,0.12874,0.018194,-0.82733,-0.10257,-0.014319,0.079576,0.14642,18.845,0.54257,-14.856,1.5685,-12.552,-2.2065,-25.056
7.2,-0.54262,0.12599,0.026611,-0.83082,-0.10173,-0.0072303,0.087655,1.1256,18.407,-0.55126,-15.179,0.52641,-13.356,-1.7247,-27.315,-0.54159,0.12814,0.026082,-0.84137,-0.10187,-0.0092397,0.082353,-0.24,18.086,-3.1045,-16.081,-0.22742,-12.672,-1.4942,-25.618
7.3,-0.55668,0.13025,0.019951,-0.83622,-0.10816,-0.0094017,0.077739,1.7883,18.163,-3.1375,-17.026,-1.0286,-14.416,-2.5158,-28.241,-0.53264,0.11504,0.0097715,-0.82853,-0.10904,-0.0067016,0.086593,1.3124,19.189,-1.2828,-15.847,0.86078,-11.592,-0.86211,-26.955
7.4,-0.53782,0.13135,0.029183,-0.8345,-0.11471,-0.0059701,0.083661,0.84708,19.666,-1.9238,-16.574,-0.028378,-11.735,0.57604,-28.109,-0.54159,0.12655,0.009199,-0.83745,-0.1109,-0.0082651,0.086026,1.6145,18.606,-1.709,-17.132,-0.55111,-9.539,0.17123,-27.939
7.5,-0.51716,0.1317,0.013293,-0.83799,-0.11239,-0.0060319,0.077818,0.89947,18.422,-1.3389,-16.548,2.4223,-13.409,-2.4933,-26.318,-0.53477,0.13398,0.014955,-0.82942,-0.11104,-0.010566,0.079811,1.9442,17.828,-2.2688,-15.751,1.1736,-12.032,0.36196,-26.912
7.6,-0.51567,0.12761,0.0058892,-0.84568,-0.11977,-0.0087133,0.082956,0.42935,22.658,-1.5619,-17.972,1.576,-11.19,-1.9541,-30.222,-0.54276,0.13422,0.013627,-0.84015,-0.11389,-0.005722,0.075354,1.2675,19.199,0.28157,-17.178,1.7479,-12.566,-0.53915,-28.324
7.7,-0.52586,0.13832,0.018286,-0.85639,-0.11052,-0.0031382,0.072118,-0.98953,20.622,-0.29854,-17.594,1.2971,-11.683,0.11368,-29.866,-0.5209,0.12907,-0.0017427,-0.83545,-0.11451,0.0007456,0.079661,2.471,21.297,-0.26874,-17.806,1.7455,-10.553,-1.0802,-28.379
7.8,-0.52756,0.13714,0.022489,-0.86397,-0.10282,-0.003545,0.078278,2.0999,18.419,-1.6796,-17.68,-1.2094,-12.364,1.0111,-28.927,-0.51308,0.13062,0.01284,-0.83624,-0.11839,-0.011408,0.084971,-0.45861,20.931,-0.8298,-17.52,0.87747,-10.531,-0.9442,-29.879
7.9,-0.51774,0.13707,0.016942,-0.84829,-0.11164,-0.0096377,0.09311,0.2827,20.181,-0.68281,-17.968,0.48699,-9.5115,-2.2949,-28.561,-0.50255,0.14059,0.016881,-0.85955,-0.11812,-0.001505,0.082444,0.93193,22.466,-0.84873,-17.424,-0.20729,-9.1392,-2.6544,-29.267
8,-0.50239,0.13451,0.012918,-0.83659,-0.12158,-0.0052455,0.082209,0.88134,20.067,0.69153,-17.963,1.2664,-11.337,-0.22382,-30.988,-0.47365,0.14336,0.0056229,-0.84904,-0.12208,-0.0036424,0.08033,0.59254,21.323,-0.49251,-17.801,1.4274,-11.768,-2.6295,-30.4
8.1,-0.49868,0.14761,0.017575,-0.85226,-0.11383,-0.00092359,0.080597,3.2647,20.188,-1.021,-20.862,0.6651,-9.9565,-1.1623,-29.941,-0.50697,0.13011,0.0065796,-0.85253,-0.12071,-0.0024157,0.076176,-0.56432,23.417,-0.96332,-19.854,-0.54735,-9.4754,-0.32626,-30.983
8.2,-0.4811,0.13712,0.016822,-0.85583,-0.11904,-0.0028474,0.083044,0.53189,22.632,-2.0569,-19.243,-1.1229,-10.14,-0.42454,-30.968,-0.51273,0.15525,-0.0066974,-0.862,-0.11977,-0.0046416,0.078579,1.2013,20.804,-1.4892,-18.718,-1.1778,-10.269,-1.4658,-32.152
8.3,-0.50444,0.16964,0.0070962,-0.8432,-0.12909,-0.011043,0.084805,1.321,21.407,-0.056175,-20.061,0.2441,-10.147,-2.2985,-32.676,-0.50661,0.14266,0.00055029,-0.86414,-0.12686,-0.012364,0.087419,0.78742,21.254,-2.2036,-19.606,0.9397,-9.8651,-0.47645,-30.42
8.4,-0.48019,0.13276,-0.010227,-0.8587,-0.11622,-0.0035468,0.08062,1.2681,22.447,-1.1296,-19.722,0.99541,-9.8365,-0.62588,-30.98,-0.49915,0.1467,0.0034457,-0.86645,-0.11786,-0.0036282,0.077096,1.8018,21.19,-2.4806,-20.702,2.1271,-8.8133,-1.9039,-31.902
8.5,-0.48886,0.15903,0.0019738,-0.86016,-0.11836,-0.0040453,0.08242,0.57102,19.66,-0.72517,-20.156,2.4881,-8.7076,-2.3132,-32.993,-0.47304,0.14741,-0.0043172,-0.85665,-0.12095,-0.010757,0.079008,0.74419,22.846,0.82348,-19.862,1.4033,-11.334,0.37137,-31.224
8.6,-0.47547,0.13647,-0.005522,-0.86161,-0.12546,-0.011096,0.084486,1.0543,21.814,-0.11498,-19.826,0.55944,-10.018,-0.19931,-32.098,-0.46473,0.15739,-0.0081418,-0.85482,-0.12349,-0.009872,0.074918,0.30661,23.427,-0.018652,-23.686,0.91759,-6.5244,-1.4595,-32.067
8.7,-0.46876,0.14665,-0.033336,-0.86242,-0.13465,0.001431,0.086639,0.33509,24.262,-0.50479,-21.863,1.0019,-6.7826,-0.58208,-31.76,-0.47157,0.16666,-0.022503,-0.876,-0.13558,0.0061263,0.074758,1.1942,20.922,-4.2756,-20.407,1.7449,-7.2941,-2.0086,-33.398
8.8,-0.45448,0.16537,-0.0099188,-0.87566,-0.13134,-0.0032742,0.085466,-0.042583,22.014,-2.2635,-21.364,1.0303,-7.0477,-0.66259,-31.886,-0.45794,0.15906,-0.011802,-0.86285,-0.13248,-0.00025692,0.07244,0.071956,22.194,-1.8302,-21.058,-0.63019,-8.1389,-1.6698,-32.79
8.9,-0.46032,0.14392,-0.0054488,-0.87985,-0.12947,-0.0040054,0.077402,-1.8334,21.405,-0.088764,-23.266,0.55706,-6.4002,0.65595,-32.539,-0.45135,0.14766,-0.014211,-0.86209,-0.12717,-0.0041037,0.077633,3.4497,22.745,-2.0769,-20.911,1.3554,-8.8843,-0.9721,-31.905
9,-0.45861,0.1677,-0.028379,-0.88266,-0.13005,0.0094916,0.08261,1.2986,22.925,-1.7964,-21.685,1.2632,-7.2481,0.4575,-33.592,-0.4451,0.13634,-0.00098259,-0.88306,-0.13207,-0.0033649,0.071433,1.7686,20.794,-0.64191,-21.736,0.58607,-6.8115,0.41375,-31.695
9.1,-0.44183,0.14874,-0.042185,-0.90242,-0.13051,0.0038368,0.073446,-0.90027,22.234,-1.1999,-22.652,-0.47803,-7.2026,1.4953,-32.039,-0.4457,0.14487,-0.010429,-0.86619,-0.13013,-0.0013796,0.072144,0.83514,19.538,-0.071707,-22.771,1.9772,-7.9874,-2.0911,-32.685
9.2,-0.42845,0.1781,-0.0072996,-0.89027,-0.12893,-0.0048383,0.085258,0.59925,22.622,0.022987,-22.769,1.9685,-6.2454,-0.36755,-32.787,-0.45526,0.16384,-0.035397,-0.90107,-0.13364,0.0031363,0.076139,2.5208,23.413,-1.4111,-25.854,1.6614,-7.6368,0.045221,-33.63
9.3,-0.42611,0.16898,-0.035583,-0.88212,-0.12821,-0.00046493,0.080721,0.19736,25.361,-1.453,-23.87,0.31366,-6.8063,-1.2277,-32.731,-0.43074,0.167,-0.017533,-0.88889,-0.12733,0.00044492,0.073927,0.2564,23.918,-2.2082,-24.49,-1.2188,-6.732,0.35577,-33.232
9.4,-0.42009,0.17272,-0.028129,-0.898,-0.12709,0.0029831,0.07892,0.51767,24.673,-2.4257,-23.264,0.7279,-6.9164,-1.2386,-32.129,-0.43271,0.17017,-0.039738,-0.88586,-0.13373,0.00066856,0.072794,0.77368,23.733,-1.4224,-23.656,2.5682,-6.5773,-1.7909,-33.631
9.5,-0.41013,0.18517,-0.032281,-0.88372,-0.13016,-0.0041357,0.078252,1.2065,23.487,-0.72626,-24.923,1.4855,-5.3168,-0.47738,-35.493,-0.42855,0.16388,-0.024784,-0.88307,-0.13712,0.0087738,0.078587,1.8309,24.398,-1.3435,-25.501,1.327,-6.295,-1.1078,-33.967
9.6,-0.39462,0.17852,-0.03829,-0.8903,-0.13891,0.0039125,0.079574,1.0325,24.044,1.6906,-23.682,-0.44768,-5.4661,0.43768,-33.985,-0.38686,0.18407,-0.019861,-0.89108,-0.12505,0.0052264,0.069551,1.9194,24.255,-2.044,-25.209,1.3906,-5.5828,1.0843,-32.625
9.7,-0.40596,0.17658,-0.029813,-0.91667,-0.13551,0.0032187,0.071979,-0.30913,24.136,-1.3927,-23.635,0.0079654,-2.7689,1.7777,-33.132,-0.39094,0.17832,-0.03507,-0.89345,-0.12891,0.0010647,0.07687,0.93145,24.687,-0.13565,-25.546,-0.62356,-4.6594,1.7234,-33.416
9.8,-0.41503,0.17311,-0.036327,-0.90944,-0.13652,-0.00015996,0.073697,0.92245,27.257,-1.1144,-24.443,1.5101,-3.1607,1.1406,-32.745,-0.39226,0.16224,-0.04297,-0.88415,-0.12879,-0.002881,0.068391,-0.61125,23.72,-1.3596,-24.678,0.16389,-5.0273,-2.7519,-33.447
9.9,-0.38328,0.16544,-0.030495,-0.91326,-0.1315,0.00011639,0.077246,0.1439,25.669,-1.1044,-27.101,0.73931,-3.6377,1.5179,-34.575,-0.38285,0.17899,-0.029999,-0.90823,-0.13386,0.012942,0.079008,0.061758,25.262,-0.83133,-27.238,1.189,-4.76,-0.3143,-33.794
10,-0.37458,0.16892,-0.037874,-0.9145,-0.13336,0.017967,0.066075,1.8058,24.253,-1.0873,-24.001,1.198,-4.1445,0.82767,-32.874,-0.39654,0.16823,-0.030866,-0.89913,-0.13429,0.0037751,0.070465,-0.29607,24.606,0.15562,-26.545,0.38716,-2.529,1.3864,-34.534
10.1,-0.39846,0.18479,-0.044729,-0.90524,-0.12779,-0.0024087,0.071292,-0.34807,26.172,-1.0473,-26.071,1.8034,-3.369,-0.22573,-33.049,-0.39071,0.17835,-0.0344,-0.90664,-0.13945,0.0046386,0.060802,1.6274,25.353,-1.8206,-26.238,-0.5345,-1.7505,-0.55743,-33.392
10.2,-0.37218,0.19582,-0.058851,-0.90907,-0.13706,0.012536,0.06025,-0.86535,24.337,0.65239,-27.317,0.85927,-3.4911,0.75051,-31.931,-0.37238,0.18964,-0.050831,-0.92512,-0.14491,-0.00084053,0.060622,0.33448,27.879,-1.7551,-26.567,1.531,-2.7676,1.7965,-30.341
10.3,-0.34455,0.17929,-0.037,-0.91688,-0.13474,0.016679,0.074319,-0.05023,26.422,-1.5567,-28.738,2.8641,-3.707,-0.16752,-33.373,-0.35643,0.17469,-0.053145,-0.89877,-0.13558,0.014482,0.06012,1.4697,26.836,-1.416,-28.47,1.012,-2.8223,-0.58249,-31.052
10.4,-0.34628,0.17798,-0.052507,-0.91989,-0.1457,0.011329,0.062098,0.019383,25.133,-2.548,-27.192,1.9472,-1.4411,-0.43989,-30.85,-0.33364,0.18791,-0.054531,-0.9078,-0.13709,0.0041712,0.064587,2.7599,26.673,-0.52735,-27.05,3.49,-2.3562,0.052578,-32.282
10.5,-0.34404,0.16673,-0.048775,-0.92067,-0.13851,0.010689,0.057556,0.058942,26.049,-1.1247,-28.996,0.73192,-0.91067,0.87463,-32.037,-0.34442,0.19776,-0.069058,-0.92169,-0.14172,0.017641,0.065093,0.013606,25.561,-0.48179,-26.776,2.4631,-3.1204,0.85032,-32.206
10.6,-0.33884,0.1834,-0.069362,-0.91686,-0.13854,0.0089201,0.061259,0.72258,28.818,-1.1348,-29.382,0.49988,-1.4296,0.80299,-31.427,-0.33358,0.18312,-0.066243,-0.90504,-0.1432,0.013405,0.061918,0.62371,25.093,-1.4596,-29.948,0.83934,-0.45116,1.7401,-31.084
10.7,-0.31696,0.18343,-0.053043,-0.93588,-0.13368,0.016033,0.05541,0.5385,28.084,-0.62164,-28.14,-0.18652,-1.9912,1.5461,-31.495,-0.3465,0.19182,-0.060962,-0.92389,-0.14684,0.01417,0.064478,0.36216,27.13,-3.4107,-29.702,1.321,-1.5782,1.2117,-29.842
10.8,-0.34517,0.18756,-0.057839,-0.91824,-0.14226,0.011545,0.061249,0.52793,28.328,-1.2237,-31.458,2.8874,-1.2889,0.4733,-30.561,-0.3303,0.20929,-0.056638,-0.92512,-0.13681,0.017392,0.064052,0.56465,27.624,0.44413,-29,0.49217,-1.733,-0.58342,-29.873
10.9,-0.3124,0.18385,-0.063022,-0.92343,-0.13836,0.018833,0.066912,1.2184,27.033,-1.0721,-29.015,1.6743,-1.3147,0.43368,-31.855,-0.32042,0.17304,-0.064697,-0.92409,-0.1439,0.017769,0.0554,0.65996,27.099,-1.658,-31.796,-0.70226,-0.6912,0.89566,-29.223
11,-0.32205,0.20683,-0.037182,-0.93358,-0.13689,0.019191,0.055146,1.6723,27.573,-0.54928,-29.755,0.26734,-1.2252,3.3025,-30.069,-0.31105,0.18194,-0.044869,-0.94719,-0.14538,0.020796,0.053639,1.1298,28.741,-0.75381,-28.575,0.79284,-1.7233,0.87593,-30.316
11.1,-0.29005,0.2118,-0.052933,-0.94258,-0.13657,0.015746,0.049266,0.92126,26.078,-1.8939,-31.112,0.27569,-0.062106,-1.158,-30.182,-0.30346,0.17061,-0.044716,-0.91956,-0.13293,0.019339,0.053659,0.87164,28.825,-0.3968,-31.812,2.7324,-0.29963,0.54442,-30.017
11.2,-0.28617,0.18936,-0.052788,-0.92958,-0.12932,0.025045,0.046115,1.3524,29.175,-1.3058,-30.599,0.3173,-0.50366,0.42436,-30.659,-0.3057,0.20377,-0.066246,-0.92614,-0.13861,0.016392,0.05645,1.7281,29.074,-0.2306,-30.512,3.6096,0.4931,0.0165,-30.902
11.3,-0.30044,0.19425,-0.061935,-0.92636,-0.14491,0.020629,0.055847,0.7409,27.363,-1.5801,-32.467,0.72862,0.048451,0.64076,-27.272,-0.29944,0.19504,-0.056177,-0.92939,-0.14363,0.022125,0.050759,2.6003,26.871,-0.86744,-31.168,-0.43451,-1.3914,-0.45665,-31.189
11.4,-0.28587,0.18297,-0.057663,-0.94742,-0.13919,0.027366,0.053031,1.5431,29.693,-0.50834,-32.069,2.3562,2.3562,1.6376,-28.145,-0.27722,0.1827,-0.079717,-0.92222,-0.1384,0.027769,0.046784,0.57409,29.199,-1.1087,-32.025,0.64216,-0.13,-0.75201,-31.186
11.5,-0.27593,0.19146,-0.070758,-0.93808,-0.1331,0.01709,0.04596,1.1269,28.695,-1.7249,-33.155,0.91826,0.70564,-0.87631,-28.834,-0.27356,0.20183,-0.06309,-0.92505,-0.14151,0.024539,0.054617,-0.32653,28.32,-0.22074,-32.413,1.4414,0.72086,0.82335,-29.795
11.6,-0.28412,0.19801,-0.059544,-0.9357,-0.13701,0.0151,0.056533,1.7147,27.952,-0.95723,-31.175,1.2214,1.7445,-0.22305,-27.468,-0.27636,0.18056,-0.069409,-0.93698,-0.13928,0.035096,0.041459,1.8578,29.455,-2.1755,-31.428,2.4498,2.1435,0.59519,-29.547
11.7,-0.26163,0.18998,-0.061673,-0.94962,-0.14088,0.025798,0.049812,2.2805,28.614,-0.21478,-33.433,1.7036,0.4179,0.6869,-28.464,-0.26911,0.19791,-0.065999,-0.93559,-0.14062,0.036015,0.04614,0.31405,27.768,-1.0847,-32.974,0.2708,1.1459,0.95416,-27.295
11.8,-0.25678,0.19305,-0.062301,-0.94473,-0.14558,0.033434,0.047406,0.45506,30.965,-0.54955,-33.99,2.8595,1.9793,1.7932,-27.979,-0.23875,0.18175,-0.0606,-0.93267,-0.14404,0.032067,0.042323,1.9454,29.097,-0.43732,-34.337,0.079857,2.2344,1.415,-28.875
11.9,-0.24712,0.16882,-0.07635,-0.96514,-0.15009,0.033545,0.046777,0.15204,29.836,-1.2167,-32.793,1.5461,3.9624,-0.17722,-27.695,-0.24788,0.18202,-0.074702,-0.9671,-0.13351,0.035586,0.045496,0.60449,27.796,-1.0322,-35.542,1.2935,4.1852,0.98691,-27.282
12,-0.25202,0.18436,-0.072863,-0.9321,-0.14736,0.029994,0.039464,1.1436,31.008,-0.63091,-33.584,-0.5342,1.8648,2.069,-28.153,-0.23328,0.19986,-0.063507,-0.95442,-0.13741,0.038369,0.047724,1.0694,28.901,0.40219,-33.854,1.5922,3.3403,-0.60924,-26.568
12.1,-0.24483,0.17621,-0.075534,-0.93863,-0.14304,0.036696,0.047141,-1.1115,30.647,0.37657,-35.934,0.50331,5.0398,-0.81766,-25.626,-0.25855,0.1876,-0.065003,-0.95911,-0.14117,0.033978,0.045906,1.7315,31.28,-1.2047,-34.885,2.4788,3.8191,-0.0064868,-26.148
12.2,-0.25054,0.17009,-0.052615,-0.95606,-0.15439,0.037563,0.038234,0.69594,28.812,-2.7324,-34.565,1.5371,3.7174,2.1218,-24.11,-0.2144,0.19387,-0.081911,-0.95163,-0.13621,0.038767,0.040111,0.288,28.222,-3.0515,-33.671,0.20395,4.4099,3.219,-26.529
12.3,-0.23782,0.1796,-0.06574,-0.95823,-0.1421,0.037658,0.046457,-0.10052,27.148,-1.6081,-34.126,0.60234,1.4913,1.4406,-25.697,-0.20624,0.1896,-0.070596,-0.95435,-0.14686,0.042492,0.041371,0.41469,31.977,-0.40723,-35.12,-0.7353,3.5451,0.61089,-26.67
12.4,-0.20812,0.18719,-0.083,-0.94566,-0.13509,0.044499,0.033157,1.2253,31.036,-1.633,-36.21,1.3989,1.8982,-0.8314,-26.091,-0.18414,0.1736,-0.073428,-0.96364,-0.14634,0.045168,0.036962,0.38052,30.484,-1.2405,-35.161,-0.72526,3.8593,0.36055,-23.881
12.5,-0.20262,0.1784,-0.081789,-0.97167,-0.13832,0.028859,0.041115,1.3318,31.717,-1.3276,-34.708,0.76503,4.0588,1.9327,-24.823,-0.18844,0.19153,-0.06238,-0.97005,-0.14401,0.050525,0.039725,1.8193,31.239,-1.9771,-36.148,-0.17735,4.5076,0.49785,-24.674
12.6,-0.20372,0.18283,-0.085102,-0.95966,-0.13057,0.044174,0.031676,1.3877,30.785,-2.5994,-34.954,1.7049,3.9709,-1.1356,-24.569,-0.19673,0.19204,-0.082776,-0.96655,-0.13628,0.043173,0.036254,1.476,31.886,-1.5608,-36.263,0.86477,3.9511,1.5491,-25.5
12.7,-0.17471,0.1822,-0.092583,-0.95848,-0.14732,0.034685,0.038575,2.3232,33.865,-0.48598,-37.359,0.10613,2.6434,-1.0076,-24.769,-0.19334,0.17966,-0.072261,-0.94979,-0.14493,0.049311,0.035219,-0.29858,30.675,-0.28114,-38.115,0.82684,4.9168,-1.1496,-24.642
12.8,-0.18475,0.17913,-0.074085,-0.96626,-0.15329,0.035923,0.029299,-2.0661,30.96,0.023224,-36.672,-1.2378,5.2134,-0.31353,-25.299,-0.16238,0.18686,-0.088872,-0.95671,-0.14967,0.051113,0.039952,0.29727,31.439,-0.57162,-36.74,1.4386,5.5331,1.057,-25.252
12.9,-0.20588,0.18373,-0.077258,-0.95221,-0.14233,0.046343,0.025616,0.48766,32.371,-0.14857,-38.647,1.0358,5.1574,-0.99475,-24.127,-0.16017,0.1618,-0.075615,-0.96519,-0.13668,0.04377,0.035807,2.7883,31.96,-0.77602,-36.651,1.6573,5.6184,1.2916,-23.573
13,-0.16305,0.17269,-0.066839,-0.96496,-0.14066,0.04812,0.035549,-0.09205,32.157,-1.2085,-36.915,1.3441,4.1117,2.4416,-24.258,-0.16543,0.1713,-0.091337,-0.95884,-0.13661,0.044947,0.03219,-0.29089,32.459,-1.1733,-38.107,0.10583,4.1692,0.8289,-23.122
13.1,-0.14918,0.17523,-0.08485,-0.97709,-0.14507,0.048279,0.030981,0.43251,32.638,-0.76234,-39.021,0.279,5.8513,0.59661,-23.784,-0.15327,0.18238,-0.088403,-0.96357,-0.14115,0.049248,0.031313,2.3719,32.002,-2.1201,-37.809,0.06341,4.9248,-0.31435,-24.809
13.2,-0.14949,0.16329,-0.09243,-0.97701,-0.13268,0.052189,0.029892,-1.0509,33.038,-2.0068,-38.421,0.69604,6.2786,-0.74812,-21.406,-0.13084,0.17892,-0.074104,-0.99333,-0.13938,0.040851,0.03493,0.19354,32.026,-0.30449,-38.829,1.0645,2.3046,1.8105,-23.263
13.3,-0.14125,0.17058,-0.07848,-0.96901,-0.13366,0.051771,0.025564,1.9126,31.721,-1.3587,-41.079,2.405,7.6583,-1.8034,-23.198,-0.15275,0.16548,-0.08915,-0.97481,-0.14698,0.043975,0.0234,-0.99865,33.408,-2.127,-38.512,1.7667,4.896,0.26537,-22.179
13.4,-0.13869,0.17441,-0.073083,-0.97527,-0.14471,0.054807,0.020756,-0.7619,33.109,-2.5005,-40.662,0.13934,5.4062,0.6536,-20.902,-0.1369,0.16826,-0.063933,-0.95935,-0.13862,0.049209,0.028284,0.39743,32.975,-2.8881,-39.614,1.1827,6.0189,-0.015982,-24.344
13.5,-0.11674,0.17222,-0.086918,-0.96377,-0.14263,0.048173,0.031455,0.47771,33.378,-1.2659,-40.762,2.0161,5.9439,0.35211,-23.329,-0.13771,0.17661,-0.088695,-0.97439,-0.14371,0.055536,0.027728,-1.8644,32.188,-3.5765,-41.084,0.71891,6.1128,0.60457,-22.713
13.6,-0.12433,0.1662,-0.081868,-0.97094,-0.15343,0.056017,0.020162,-1.8783,32.952,-1.0878,-40.561,0.5515,6.6411,-0.72841,-22.056,-0.13148,0.1719,-0.087515,-0.97762,-0.14447,0.056402,0.025623,0.30034,31.522,-2.0482,-40.345,3.2686,6.1489,0.010409,-22.913
13.7,-0.12278,0.17551,-0.068981,-0.98138,-0.14562,0.053773,0.023506,-2.0142,32.094,-0.19958,-42.194,1.6195,6.617,1.6923,-20.596,-0.12297,0.15851,-0.069732,-0.94879,-0.14573,0.061688,0.019433,-0.70622,32.646,-1.8895,-40.605,-0.65472,8.834,2.3953,-21.187
13.8,-0.10164,0.18448,-0.070305,-0.97135,-0.13488,0.056306,0.016333,-0.85112,32.066,-1.2983,-41.702,0.67625,5.1131,1.6007,-22.899,-0.10501,0.17691,-0.091272,-0.98373,-0.13827,0.061008,0.021294,-1.3851,30.735,-1.8713,-40.726,2.6521,7.5084,1.98,-22.334
13.9,-0.097947,0.15082,-0.057478,-0.99081,-0.13334,0.059192,0.01559,-1.5505,31.375,-1.1176,-42.141,1.2326,7.6902,1.3047,-22.797,-0.08503,0.15449,-0.10147,-0.98978,-0.1391,0.052715,0.025983,-1.2027,29.889,-1.0752,-42.704,-0.23163,8.7192,0.43651,-22.397
14,-0.090756,0.17091,-0.079103,-0.99328,-0.13123,0.067192,0.020573,-2.4125,30.79,-1.6784,-41.819,0.68701,7.0788,4.5888,-22.399,-0.10348,0.1653,-0.083846,-0.98481,-0.13861,0.066283,0.018333,0.18159,29.95,-0.25421,-40.92,2.4785,7.4165,0.090399,-18.632
14.1,-0.084522,0.14921,-0.067427,-0.98487,-0.13212,0.060151,0.018143,-2.651,30.674,0.23627,-41.854,1.191,8.7981,1.5684,-20.851,-0.086861,0.15281,-0.09005,-0.99049,-0.13853,0.058362,0.01066,-3.1267,31,-1.9909,-43.045,2.3183,9.6435,0.89577,-21.462
14.2,-0.08631,0.15582,-0.093072,-0.99736,-0.13162,0.063505,0.0061687,-0.68755,29.314,-0.80714,-42.28,-0.35726,9.0621,0.44158,-18.553,-0.082762,0.15038,-0.080445,-0.98932,-0.12374,0.07388,0.016866,-1.9096,30.273,-0.56103,-43.249,0.25029,7.929,0.033565,-20.517
14.3,-0.073833,0.14962,-0.073512,-0.98275,-0.13148,0.061202,0.005428,-0.80517,29.618,-0.63494,-44.953,1.4417,10.104,1.9026,-19.07,-0.064278,0.15303,-0.077348,-0.97942,-0.13054,0.068467,0.018355,-0.57075,30.153,-1.4019,-43.545,-1.5587,9.4463,0.31878,-20.156
14.4,-0.056829,0.13171,-0.070061,-0.97121,-0.12056,0.063309,0.021972,-1.9796,27.34,-0.57506,-44.006,2.0605,9.2563,0.6935,-20.16,-0.070516,0.13924,-0.09708,-0.98318,-0.12086,0.061468,0.011735,-1.6962,29.088,-2.6821,-44.622,-1.5492,8.9036,-0.090833,-19.994
14.5,-0.048559,0.13285,-0.057193,-0.98051,-0.13146,0.064374,0.017175,0.12587,27.557,-1.9657,-43.042,0.89413,9.4792,-0.45211,-18.965,-0.053742,0.14811,-0.080026,-1.002,-0.12375,0.077999,0.0097155,-0.69324,28.659,-1.5096,-45.01,2.2161,9.1329,0.41497,-19.744
14.6,-0.037785,0.1368,-0.067672,-0.98565,-0.12245,0.071683,0.004304,-2.1826,25.745,-0.35608,-43.971,-0.43178,8.4051,1.1132,-19.863,-0.044288,0.12652,-0.070499,-0.96881,-0.12688,0.067107,0.010002,-0.15339,28.054,-2.8342,-44.202,1.891,9.4778,0.3727,-20.026
14.7,-0.048079,0.14648,-0.08422,-0.99281,-0.12388,0.077776,0.0071994,-2.3768,27.05,-1.1403,-45.771,0.24883,10.079,0.76439,-16.967,-0.034111,0.15657,-0.087071,-0.99346,-0.11773,0.072797,0.01662,-0.78239,28.112,-1.3935,-44.099,-0.28397,10.513,-0.081118,-17.26
14.8,-0.043115,0.13831,-0.090555,-0.98494,-0.11447,0.071186,0.010962,-1.8711,27.201,-0.39594,-45.287,0.71808,9.0889,0.68574,-20.444,-0.039395,0.13399,-0.085808,-0.98184,-0.11962,0.073864,0.014082,-1.9746,26.745,-1.2062,-44.813,0.3856,9.6689,0.55695,-18.647
14.9,-0.034887,0.14343,-0.08738,-0.97942,-0.11964,0.080533,0.012122,-0.69214,25.628,-0.73898,-46.044,2.7424,9.856,2.0546,-17.934,-0.023873,0.13576,-0.078779,-0.98335,-0.11436,0.079017,0.0049687,-1.8288,27.328,-0.69376,-46.204,0.061169,10.058,2.9985,-19.569
15,-0.045198,0.12432,-0.088472,-0.98297,-0.11299,0.072996,0.011099,-1.0374,26.849,-1.6278,-46.841,1.6666,10.173,0.83368,-18.87,-0.019356,0.1364,-0.087308,-0.99795,-0.11579,0.067642,0.012801,0.29976,25.699,-1.6752,-46.604,-0.51108,9.8545,0.99304,-16.822
15.1,-0.020605,0.10922,-0.086487,-0.9911,-0.11074,0.08283,0.0052719,-2.3995,26.418,-0.5366,-46.586,0.34694,12.375,-1.4232,-19.479,-0.02421,0.1247,-0.073566,-0.97495,-0.11289,0.074428,0.0058348,-3.3744,25.02,-1.1806,-47.48,0.82863,11.267,1.5635,-18.571
15.2,-0.006925,0.1226,-0.067374,-0.98721,-0.10722,0.084025,0.009307,-0.73107,25.536,-1.7573,-48.475,-0.25438,10.045,-0.2457,-17.243,-0.024083,0.13915,-0.076033,-0.98884,-0.10848,0.069328,0.0079369,-2.5352,25.223,-0.40152,-46.016,1.41,11.143,0.25785,-16.132
15.3,-0.0097284,0.12392,-0.084862,-0.97607,-0.10374,0.07569,0.0014072,-0.46851,25.369,-1.3073,-45.532,2.0294,10.927,1.0685,-16.805,0.0031973,0.12201,-0.072619,-0.99624,-0.10884,0.079052,0.0050355,-1.276,22.892,0.41321,-46.881,1.3262,9.0629,1.7902,-16.551
15.4,-0.0076563,0.12613,-0.073438,-0.98878,-0.10711,0.075375,0.007233,-0.85229,22.893,-1.7214,-46.808,1.2265,11.841,1.8022,-14.478,-0.013724,0.12371,-0.077949,-0.99785,-0.1134,0.076365,0.007242,-2.4832,24.151,-1.9585,-48.845,1.4983,10.464,0.16807,-18.492
15.5,-0.0019161,0.12577,-0.086052,-0.99852,-0.10036,0.086202,-0.0075264,-2.3756,22.91,-2.3754,-47.412,0.53939,11.264,1.6681,-16.04,5.6461e-05,0.11928,-0.078101,-0.98542,-0.1061,0.085883,0.00071437,-0.50241,23.583,-2.9723,-50.253,1.4124,11.983,0.38673,-15.652
15.6,0.014769,0.10337,-0.084454,-1.0037,-0.10174,0.095133,0.0032517,-0.82911,23.686,-2.1285,-48.671,1.0447,13.565,-0.53526,-14.492,0.010801,0.1115,-0.091555,-0.9778,-0.095991,0.081525,0.001168,-1.2949,21.254,-0.55877,-47.359,1.2378,10.179,-0.096235,-15.322
15.7,0.025999,0.10035,-0.089351,-0.98254,-0.094812,0.091354,-0.0078403,0.75447,22.494,-2.4626,-48.187,-0.76715,11.685,1.2568,-13.768,0.013838,0.096976,-0.089262,-1.0065,-0.092605,0.085923,0.004547,-3.3851,22.499,-2.1747,-46.954,1.847,11.598,-0.49385,-13.768
15.8,0.026334,0.11036,-0.077662,-0.9831,-0.10504,0.096551,0.004488,-1.9584,21.202,0.50077,-49.912,1.5082,11.778,-1.8502,-13.08,0.025901,0.10571,-0.086014,-0.98422,-0.10809,0.083024,-0.0026595,-1.2929,21.707,-0.97017,-48.8,-0.44304,14.455,-0.87637,-14.631
15.9,0.018825,0.072783,-0.080826,-0.98503,-0.095843,0.106,-0.0057003,-2.0364,21.655,0.43117,-49.791,1.7798,13.161,0.15596,-15.68,0.012364,0.095635,-0.061609,-0.9869,-0.08427,0.0908,-0.0009832,-1.622,21.106,-0.73354,-47.707,1.3059,12.384,0.47312,-14.475
16,0.021282,0.10232,-0.075782,-0.97233,-0.093956,0.087406,0.00073044,-0.17508,22.324,-1.4263,-50.217,-0.59848,11.933,0.59916,-15.26,0.03788,0.092262,-0.070367,-0.99035,-0.087172,0.085756,-0.0027103,-1.9047,21.719,0.94512,-48.387,1.3504,13.818,1.4972,-13.82
16.1,0.038172,0.092528,-0.06839,-0.9863,-0.08872,0.092569,0.00046101,-4.3972,19.382,-1.9551,-49.575,1.1775,13.59,0.77221,-13.476,0.030691,0.085947,-0.076554,-1.0034,-0.090936,0.099589,-0.0070829,-0.72959,22.947,-0.45733,-49.572,0.057523,12.027,-0.36681,-14.515
16.2,0.042764,0.065931,-0.079766,-0.99436,-0.095655,0.082597,-0.011364,-1.8812,21.585,-1.2539,-50.985,1.0359,12.496,1.7558,-11.541,0.050396,0.072835,-0.067312,-0.9902,-0.089554,0.093338,-0.0049579,-1.3978,19.43,-0.67456,-51.699,-0.58437,14.505,1.4551,-14.297
16.3,0.05598,0.079695,-0.06558,-0.99474,-0.091802,0.080735,0.0013674,0.97739,19.617,-0.13583,-51.335,1.8052,14.839,1.0642,-11.688,0.04099,0.080063,-0.06701,-0.98093,-0.080868,0.092756,-0.013273,-0.57071,19.702,-0.4511,-48.597,2.3694,13.848,0.44002,-14.074
16.4,0.034159,0.066487,-0.08065,-1.0024,-0.095021,0.09237,-0.0071858,-1.0314,18.226,0.28859,-51.628,2.0572,13.953,1.7809,-12.237,0.052495,0.075751,-0.066569,-1.0052,-0.093634,0.087089,-0.0076082,0.15815,17.614,-0.544,-49.081,-0.84381,14.596,2.934,-12.164
16.5,0.041152,0.067676,-0.074052,-0.99529,-0.081347,0.0924,-0.006004,-1.3832,17.425,0.12587,-49.809,0.67091,16.473,1.3467,-11.634,0.045062,0.085299,-0.051651,-1.0002,-0.089796,0.101,-0.01526,-2.7816,18.585,0.52704,-49.641,-0.27284,14.381,1.8023,-14.004
16.6,0.066398,0.069838,-0.057792,-0.99779,-0.078043,0.084629,-0.0013395,-3.1341,18.344,0.5083,-48.518,0.8462,16.674,-0.52518,-12.531,0.055035,0.04867,-0.086019,-0.97994,-0.082664,0.090501,-0.0090167,-0.13731,18.797,-0.38422,-50.903,2.9584,14.558,-0.041759,-12.279
16.7,0.075454,0.047721,-0.074383,-0.99875,-0.0753,0.087237,-0.011931,-1.4647,18.875,0.11421,-49.488,0.87308,15.16,2.2775,-13.523,0.081862,0.046885,-0.066591,-0.9804,-0.075631,0.096509,-0.0099301,-0.58561,17.85,2.53,-49.788,0.37435,14.812,1.9529,-12.528
16.8,0.057586,0.059553,-0.074653,-0.99703,-0.071217,0.091046,-0.0064769,0.67456,16.944,2.2627,-50.406,0.26383,15.648,0.1825,-13.864,0.071524,0.054479,-0.064383,-1.0034,-0.075274,0.088353,-0.011675,-1.4882,17.396,0.69511,-47.892,0.54931,14.933,0.9703,-11.751
16.9,0.07804,0.070978,-0.07623,-0.98549,-0.075541,0.085243,-0.0085378,-0.60066,17.96,0.99349,-50.554,1.4556,16.392,0.8472,-13.135,0.080106,0.051086,-0.058158,-0.99317,-0.0718,0.083719,-0.017132,-0.40378,18.054,2.0431,-47.993,-0.13721,14.537,0.47071,-12.913
17,0.070437,0.055579,-0.040588,-1.0017,-0.075945,0.089604,-0.011603,-2.7327,15.847,0.66769,-49.828,1.0123,17.975,2.8058,-11.328,0.074368,0.063561,-0.059265,-0.99534,-0.07258,0.086295,-0.026131,-1.2213,16.759,0.75518,-50.131,-0.74502,15.617,1.0448,-11.372
17.1,0.067786,0.048602,-0.058131,-0.99384,-0.072189,0.091968,-0.014916,-1.346,15.214,-0.63647,-47.483,1.7729,15.794,0.28134,-11.738,0.067421,0.050483,-0.058574,-0.99257,-0.060165,0.092652,-0.015693,0.52702,16.075,-0.34804,-45.683,-0.51719,16.508,1.2842,-10.546
17.2,0.073507,0.041665,-0.077366,-0.98283,-0.067552,0.082463,-0.02388,-2.0307,14.792,3.0935,-48.906,-0.63789,15.595,0.017957,-10.029,0.069263,0.038716,-0.067159,-0.99314,-0.066155,0.086391,-0.021072,-0.9933,15.096,0.88153,-48.253,1.1634,16.379,0.54753,-9.6226
17.3,0.095365,0.050192,-0.066859,-1.0002,-0.066253,0.08938,-0.017924,-1.1916,13.812,0.84082,-48.104,2.2971,17.157,1.5011,-11.597,0.089533,0.028513,-0.072358,-0.9988,-0.062345,0.08198,-0.018943,-2.0146,14.931,1.0719,-47.963,1.2925,17.398,0.85648,-9.0248
17.4,0.071611,0.04687,-0.048322,-0.99564,-0.06176,0.096282,-0.0065199,-1.6921,14.185,-0.1112,-44.131,-0.23013,15.412,-0.23839,-8.9758,0.090459,0.035598,-0.055966,-0.99201,-0.054868,0.089794,-0.0033083,-3.1891,13.712,0.97393,-47.787,0.1688,15.592,0.87358,-9.3335
17.5,0.074382,0.025479,-0.063965,-1.005,-0.061233,0.084784,-0.026794,-1.2789,14.704,1.1385,-49.774,2.4085,18.358,2.4275,-9.2222,0.099834,0.037252,-0.069967,-1.0145,-0.057992,0.08416,-0.007517,-1.9359,12.319,-1.6097,-47.904,-1.3844,16.974,0.21218,-9.9226
17.6,0.10554,0.026478,-0.047668,-1.0119,-0.056899,0.078155,-0.021014,-2.2049,15.416,0.17772,-45.122,2.4626,17.794,0.74222,-7.8798,0.086024,0.028163,-0.080078,-1.0116,-0.069166,0.078029,-0.019114,-0.24859,14.049,0.81193,-48.632,0.99242,16.81,2.3511,-9.2485
17.7,0.10061,0.02652,-0.061833,-0.9985,-0.057019,0.094457,-0.029688,-0.76895,11.813,1.662,-44.271,0.347,16.627,0.3194,-9.6117,0.081783,0.023591,-0.047186,-1.0013,-0.066387,0.086506,-0.025152,-0.75265,14.64,1.16,-47.597,1.2605,17.166,-0.029561,-8.6434
17.8,0.1078,0.0079576,-0.056119,-0.98449,-0.062033,0.080902,-0.026697,-0.25517,13.584,1.555,-45.29,1.9445,16.711,2.6101,-10.14,0.10443,0.010219,-0.082846,-0.99095,-0.048132,0.091369,-0.030549,-0.8131,13.206,0.3445,-46.276,-0.15605,17.019,-0.93449,-8.5587
17.9,0.094457,0.0050619,-0.070832,-1.0138,-0.045252,0.093645,-0.039199,-2.3114,14.61,0.60833,-46.258,-0.22104,16.837,1.1404,-9.4068,0.10394,0.013854,-0.057292,-0.98439,-0.057786,0.084661,-0.032848,-0.51011,13.791,1.0815,-47.076,1.0901,16.543,-0.60128,-7.4434
18,0.10331,0.044595,-0.047982,-0.98126,-0.048596,0.075716,-0.027766,-0.82311,12.699,-0.31631,-44.96,-0.67815,17.645,1.1891,-9.0678,0.10884,0.0091204,-0.070413,-1.0004,-0.054126,0.088486,-0.026025,-0.09138,9.6789,-1.8169,-46.495,1.2569,17.853,2.612,-7.381
18.1,0.097918,0.0058142,-0.074758,-0.98752,-0.051651,0.089857,-0.031314,-0.71621,12.355,0.41469,-45.986,0.58739,19.069,0.49253,-8.8897,0.10165,0.0007122,-0.041507,-1.0014,-0.046882,0.083768,-0.018387,0.066332,11.202,2.2524,-47.102,-0.033657,17.182,0.29572,-6.6941
18.2,0.11998,-0.0088352,-0.042937,-0.99464,-0.045916,0.080327,-0.029394,-2.0117,9.6513,0.67029,-45.45,0.23039,19.006,1.8316,-9.7387,0.10815,0.0019409,-0.038088,-0.99756,-0.045561,0.08537,-0.021139,-0.56611,10.581,0.17487,-47.465,-1.3875,17.797,0.49625,-6.7363
18.3,0.11603,-0.0027669,-0.056245,-0.98356,-0.04054,0.081805,-0.026896,-1.0896,11.1,1.0456,-44.527,0.63713,19.446,2.1163,-7.8011,0.11223,-0.00082178,-0.050477,-0.98714,-0.051419,0.078492,-0.042525,-2.1855,9.0033,1.0927,-45.344,0.55575,18.094,0.85818,-7.078
18.4,0.10506,-0.0016056,-0.041532,-0.99663,-0.044416,0.068774,-0.029984,2.2628,12.138,1.0451,-45.786,0.63422,16.66,-1.027,-7.3024,0.11047,-0.016521,-0.05575,-0.99342,-0.045111,0.08585,-0.030883,-2.5164,11.621,0.13193,-44.158,0.51926,16.938,1.0323,-7.4094
18.5,0.09758,-0.00086206,-0.036934,-0.9846,-0.032965,0.080528,-0.032406,-1.2039,9.5262,0.66614,-44.51,0.2956,16.646,1.7722,-7.2573,0.091112,-0.0020765,-0.027658,-1.0081,-0.046518,0.091546,-0.025218,-2.1275,10.749,2.5498,-44.45,0.66655,18.627,0.22213,-6.7786
18.6,0.13035,-0.01559,-0.020667,-0.98856,-0.041769,0.079925,-0.034823,-2.9924,9.3558,0.49086,-44.709,-0.34057,17.726,2.986,-6.6389,0.11187,-0.0047881,-0.037102,-1.0072,-0.048127,0.082874,-0.033174,-0.33471,10.665,0.74056,-41.982,0.23818,17.942,1.9301,-3.9466
18.7,0.13532,-0.027462,-0.027648,-0.98074,-0.036265,0.071232,-0.029677,-0.47251,10.07,-0.34554,-44.572,-0.045051,18.53,0.59434,-5.2358,0.11735,-0.030261,-0.022211,-0.99669,-0.02739,0.084006,-0.029091,-0.75493,9.7734,-0.50525,-42.742,0.52478,16.532,-0.088287,-4.4597
18.8,0.12492,-0.024514,-0.044334,-0.98509,-0.03892,0.077001,-0.039062,-2.2412,7.883,-0.028089,-44.75,-0.37525,18.117,-0.82791,-6.1189,0.10501,-0.018891,-0.038527,-0.98669,-0.039261,0.077168,-0.031137,-0.66295,10.846,1.1018,-44.075,0.22456,18.223,0.49467,-5.3798
18.9,0.11638,-0.055656,-0.028712,-0.97681,-0.038799,0.08013,-0.031229,-2.5215,7.8609,-1.0265,-44.505,1.8038,19.53,3.5338,-3.9336,0.10928,-0.026505,-0.01786,-0.99007,-0.039393,0.074245,-0.041052,1.0036,8.4546,1.7629,-42.41,-2.0759,17.57,0.49748,-3.6489
19,0.12196,-0.012952,-0.0029633,-1.0053,-0.03442,0.085259,-0.03536,-1.2769,7.51,1.5487,-40.232,0.8935,18.758,0.61901,-5.9243,0.12099,-0.024063,-0.014017,-0.9964,-0.035664,0.081582,-0.032751,-2.3571,6.6702,-0.36612,-43.882,-0.20417,19.129,1.8322,-3.9773
19.1,0.10535,-0.020701,-0.037075,-0.98708,-0.029899,0.086018,-0.029231,-1.9751,6.8673,1.8573,-41.764,-1.3661,16.614,0.52593,-4.5155,0.12449,-0.024677,-0.038908,-0.9888,-0.026344,0.077303,-0.031991,-0.52549,6.8176,1.3321,-42.891,-1.117,18.52,2.8604,-6.28
19.2,0.12999,-0.037471,-0.037708,-0.98853,-0.029132,0.070056,-0.02984,-1.0944,7.7561,-0.34849,-40.797,-1.3176,17.762,0.68316,-5.6228,0.10712,-0.019669,-0.03794,-0.99494,-0.034193,0.084313,-0.031166,-0.39395,7.5098,-0.89362,-44.045,-1.7489,18.382,2.2994,-4.1456
19.3,0.1404,-0.023937,-0.036471,-1.0096,-0.024473,0.079337,-0.041888,-1.7718,6.5142,1.0643,-40.49,0.26148,16.326,-0.18699,-3.7161,0.14395,-0.041565,-0.018435,-0.99827,-0.023744,0.089479,-0.03392,-0.50001,5.5984,0.90963,-43.592,0.37931,16.728,0.95206,-3.3718
19.4,0.13791,-0.029714,-0.031206,-0.99142,-0.0088097,0.084711,-0.035024,-1.6654,5.6869,0.96294,-41.815,-2.1459,17.397,1.0805,-4.3824,0.13481,-0.053626,-0.0080293,-0.99122,-0.0080908,0.07715,-0.028691,0.04277,5.3938,1.3956,-42.617,-0.14308,17.41,-0.081067,-4.1678
19.5,0.11672,-0.039682,-0.0068758,-0.98825,-0.014902,0.081811,-0.036012,-0.5544,4.6447,0.27602,-41.704,-0.87703,19.138,1.4874,-4.6876,0.13676,-0.051368,-0.021101,-1.0032,-0.022131,0.079033,-0.036043,-1.5746,7.4958,-0.2306,-41.23,0.45644,18.698,2.1204,-3.4037
19.6,0.14007,-0.063893,-0.012036,-0.97875,-0.014799,0.06885,-0.031814,-2.0482,4.7317,-0.23521,-41.947,0.022334,17.645,-1.0065,-1.4566,0.12972,-0.042697,-0.021482,-0.98698,-0.01099,0.082627,-0.03742,-1.4004,5.6915,1.1933,-41.914,0.37748,16.67,-0.67522,-2.4089
19.7,0.13476,-0.043804,-0.021529,-0.99283,-0.016178,0.078202,-0.028008,-2.2643,4.8381,1.0196,-40.323,-0.16381,18.451,-0.69693,-2.1521,0.13167,-0.066377,-0.0090877,-0.97833,-0.024048,0.075612,-0.045418,-0.94753,5.0083,0.89461,-40.723,0.1204,17.511,-1.6533,-1.3392
19.8,0.1469,-0.068901,-0.019195,-0.99362,-0.01783,0.069223,-0.035525,-1.1253,3.5714,-0.32374,-41.664,0.3786,15.762,0.16722,-3.5411,0.12836,-0.062283,-0.024054,-0.9717,-0.013382,0.067894,-0.022291,-1.6979,6.2018,0.70215,-40.624,-0.23664,16.933,-0.68638,-2.6954
19.9,0.14728,-0.075824,-0.0060939,-0.98057,-0.020479,0.076072,-0.028491,-2.146,5.5321,0.74705,-42.249,-1.1495,16.055,2.4827,-2.7621,0.15231,-0.063758,-0.0063351,-0.99374,-0.011249,0.077317,-0.024945,-1.6376,2.7828,0.18765,-40.62,-0.58919,15.834,0.7206,-4.4698
20,0.12564,-0.067051,-0.0039319,-0.98942,-0.015886,0.079637,-0.031761,-1.1342,2.1687,2.0877,-39.864,-0.79416,17.811,-0.99856,-2.7089,0.1397,-0.056855,0.0033587,-0.98915,-0.017622,0.067586,-0.03365,-0.92853,3.7473,1.1387,-39.419,-1.6834,16.158,-1.0169,-3.5026
20.1,0.13663,-0.082829,0.0064923,-0.99302,-0.0158,0.06732,-0.034806,-0.49548,4.1235,0.67035,-40.96,0.98745,14.886,-0.5218,-5.3654,0.14552,-0.057565,-0.014135,-0.97539,-0.01603,0.076717,-0.028314,-1.2208,3.3248,-0.51266,-40.057,0.21334,17.566,0.21448,-4.0488
20.2,0.14509,-0.070172,-0.0098538,-0.99522,-0.0073838,0.069019,-0.034428,-3.2603,2.5555,1.4728,-38.792,-1.7261,17.362,-1.1542,-3.5149,0.14983,-0.10253,-0.017982,-1.0122,-0.014552,0.066338,-0.028231,-0.83518,3.1014,1.7653,-38.315,-0.76888,15.767,0.07182,-4.3588
20.3,0.13336,-0.08183,-0.010848,-0.9731,-0.01346,0.070401,-0.025381,-1.6541,1.6514,0.93945,-37.193,-1.6246,16.037,-0.14322,-4.2809,0.14099,-0.079855,0.0083457,-0.99842,-0.014262,0.072099,-0.033065,-1.511,1.8745,-0.026458,-38.114,-1.2831,18.054,-1.7166,-4.6118
20.4,0.13487,-0.083663,0.015596,-0.9747,0.0032859,0.075949,-0.025705,-1.5648,3.7159,2.3176,-38.411,-0.30835,15.931,-0.91404,-6.0739,0.14034,-0.060984,0.0028574,-0.97473,-0.0096478,0.071236,-0.023774,-0.74236,3.1536,0.91125,-38.656,-1.4309,15.693,0.74055,-5.3089
20.5,0.13952,-0.07388,-0.0027443,-0.9954,-0.0088416,0.067771,-0.021658,-3.0163,0.43285,1.3641,-39.608,-2.9023,15.526,-1.6167,-4.7621,0.14012,-0.076015,-0.014033,-0.9835,-0.013714,0.068303,-0.026477,-0.45699,1.7213,1.6873,-37.882,-1.667,14.09,0.18965,-4.2384
20.6,0.14281,-0.071937,-0.028465,-0.98621,-0.0030869,0.064973,-0.036363,-0.46362,1.037,1.0224,-38.863,-0.24249,15.689,-1.6356,-2.8407,0.14856,-0.094914,-0.019535,-0.97866,-0.014482,0.056354,-0.019765,-1.584,0.69501,0.56091,-37.774,-3.2731,16.456,1.0167,-3.694
20.7,0.14894,-0.094558,0.010982,-0.98759,0.0018885,0.057252,-0.023014,-1.4828,0.5657,2.0241,-38.754,-1.2659,15.25,0.21562,-3.8604,0.12092,-0.080723,-0.0028158,-0.97792,-0.0064158,0.057932,-0.023317,-1.5986,-0.71663,0.73813,-36.347,0.33705,15.429,0.89441,-4.991
20.8,0.1275,-0.09568,-0.00047529,-1.0011,-0.0093391,0.060226,-0.028897,-0.29032,-1.1028,2.7274,-36.856,0.20984,14.677,-0.11012,-6.2194,0.1473,-0.088822,-0.011664,-0.98728,0.0028178,0.06388,-0.020846,-1.9522,-0.3209,1.4944,-38.263,0.31668,16.392,-1.2616,-5.1572
20.9,0.14645,-0.098387,-0.0032506,-0.98113,0.0068102,0.057546,-0.018843,-2.2865,-0.93953,1.3128,-36.437,-0.68159,15.155,-1.5303,-4.39,0.15297,-0.074178,0.014594,-0.9987,-0.0046283,0.055329,-0.019267,-1.0832,-0.17173,-0.12177,-37.1,-0.44767,14.507,-0.65997,-5.4538
21,0.1429,-0.084908,0.014289,-0.98442,0.0059378,0.061015,-0.021513,-0.9325,0.35043,1.293,-36.761,-0.0451,14.931,-1.6694,-5.556,0.15238,-0.089769,-0.004733,-0.96852,0.0066914,0.055108,-0.017009,-1.1485,-1.5435,0.20081,-36.249,-0.52487,13.932,0.25781,-5.7208
21.1,0.15023,-0.11121,0.010191,-0.98707,-0.010132,0.053867,-0.014362,-2.124,-2.0165,-0.12808,-35.467,-1.1171,15.407,-0.18649,-4.323,0.14314,-0.10607,0.015869,-0.97207,-0.00026288,0.048694,-0.019053,-2.6141,-1.6375,0.33688,-36.077,-2.3719,13.314,-1.4964,-4.3929
21.2,0.14736,-0.11423,-0.0014398,-0.97731,-0.0019605,0.053181,-0.015673,-1.7751,-1.3052,0.82727,-34.837,-1.3618,12.551,-0.50233,-7.1464,0.14421,-0.11074,0.0045541,-0.9668,0.0025391,0.053884,-0.020744,-0.52553,-0.39745,2.4344,-34.645,0.16699,13.817,0.89663,-6.5032
21.3,0.16216,-0.10169,0.017723,-0.98185,-0.0055441,0.057302,-0.02188,-1.6729,-1.1543,1.3176,-35.027,-2.2533,13.953,-0.10515,-6.2572,0.1589,-0.0926,0.015916,-0.96687,0.0028169,0.062764,-0.01327,-2.1809,-0.61514,0.98793,-37.223,-0.56482,12.65,0.92063,-6.9629
21.4,0.14052,-0.10117,0.0014983,-0.99079,-0.0086565,0.056308,-0.024538,-0.55048,-3.4742,-1.3161,-35.701,-1.8929,13.46,-0.10677,-6.8094,0.1403,-0.12908,0.013684,-0.97953,0.0046056,0.051259,-0.01639,-0.44873,-1.4806,1.5341,-34.769,-0.82187,14.08,-0.48899,-5.5728
21.5,0.14344,-0.11421,0.0044766,-0.97414,0.00017259,0.054276,-0.016174,-2.3124,-1.1479,-0.84095,-36.976,0.76352,11.828,-0.33027,-9.3862,0.13606,-0.11707,0.01433,-0.97766,-0.0074812,0.049879,-0.017226,-0.18638,-1.4513,1.1286,-34.385,-0.22813,13.274,0.0066865,-7.2712
21.6,0.12418,-0.12343,-0.0059755,-0.98593,-0.0014289,0.044778,-0.0082264,-1.747,-1.7872,1.1812,-36.203,-0.21265,11.665,0.010805,-6.1232,0.14154,-0.11726,0.0063359,-0.96545,0.0018363,0.051804,-0.022535,-1.8358,-1.6536,0.80333,-32.62,1.7261,11.134,1.0044,-6.361
21.7,0.14013,-0.12016,0.016118,-1.0045,0.01359,0.057538,-0.013936,-0.71748,-4.1844,0.45241,-32.854,0.29266,10.195,-0.72239,-7.0752,0.12517,-0.1055,0.015244,-0.97294,0.003337,0.05858,-0.0073222,-1.0889,-0.9775,0.25766,-35.407,-0.4236,14.125,-1.9633,-7.5613
21.8,0.14686,-0.10473,0.019005,-0.99206,0.0047646,0.04133,-0.015349,-1.1201,-5.1053,-0.3024,-34.139,-2.7551,11.195,-0.44828,-7.1125,0.14298,-0.1167,0.005492,-0.98319,0.005109,0.057134,-0.014209,-1.7458,-4.1114,-1.5436,-34.96,0.091518,12.221,-0.054658,-7.1567
21.9,0.13012,-0.1165,0.028701,-0.98599,-0.00023159,0.03477,-0.011825,-0.32508,-4.6135,0.47114,-33.218,-1.6874,12.322,-0.64436,-7.3301,0.14463,-0.12935,0.0068456,-0.96646,0.01472,0.047431,-0.013117,-2.9942,-2.4125,0.8446,-33.464,-0.099572,11.164,-0.88052,-5.8646
22,0.15732,-0.11667,0.011133,-0.9708,0.0099698,0.040248,-0.0073815,0.30252,-4.737,-0.23082,-33.09,0.51227,9.0948,-0.66481,-6.2197,0.14968,-0.12128,0.0097425,-0.97529,0.013839,0.045162,-0.0037258,-2.0576,-4.1993,0.86351,-35.082,-2.1652,9.7521,-2.1931,-6.9516
22.1,0.13136,-0.1169,0.023173,-0.97999,0.014143,0.040846,-0.0041242,0.65767,-6.3116,-0.59459,-34.51,1.7005,11.63,-1.864,-8.8764,0.14886,-0.13462,0.033179,-0.98127,0.0082004,0.041385,-0.0077504,-0.39463,-5.8518,0.0047249,-33.975,-1.363,9.2032,-2.1007,-6.8831
22.2,0.12973,-0.12746,0.014454,-0.97946,0.018175,0.040098,-0.0097251,-1.5021,-4.9904,1.6206,-30.765,-0.47003,12.486,0.14415,-6.8709,0.13097,-0.10869,0.018379,-0.97812,0.017403,0.038639,0.0040749,-0.39558,-4.7311,0.70456,-32.225,-0.024071,9.5896,0.29661,-9.1565
22.3,0.12975,-0.13631,0.02485,-0.98794,0.014502,0.043745,-0.0015308,-2.2531,-6.666,0.48098,-32.95,0.61537,11.271,-2.4657,-5.9011,0.13926,-0.13361,0.020402,-0.96185,0.012369,0.038681,-0.0029598,-1.8093,-5.615,1.0193,-31.003,-1.0068,8.9925,-1.2809,-9.9253
22.4,0.14365,-0.12686,0.02334,-0.98694,0.013824,0.038136,-2.244e-05,-2.2543,-6.5888,0.82516,-31.23,-1.0772,7.8877,-0.11773,-9.4621,0.14138,-0.12844,0.0078231,-0.98771,0.014605,0.042754,-0.0029282,-1.8721,-6.5013,0.92088,-31.317,-1.6094,10.234,0.26269,-10.659
22.5,0.12335,-0.14738,0.026373,-0.97237,0.013266,0.055736,-0.0010511,0.66717,-7.6673,-0.21593,-30.575,0.56068,8.4702,0.52432,-9.2197,0.12044,-0.14347,0.024838,-0.99153,0.014776,0.038378,-0.0040193,-2.3745,-8.3171,-0.5128,-31.2,0.13432,9.5824,-0.1458,-9.019
22.6,0.1181,-0.12206,0.027286,-0.9887,0.026368,0.034788,0.003829,-0.87876,-6.4944,1.1349,-32.548,-0.14373,8.6854,0.014306,-9.0565,0.13628,-0.13497,0.022013,-0.96678,0.0064132,0.044554,-0.0042372,-2.1096,-6.808,-0.57388,-31.052,-1.6348,9.771,0.67058,-11.314
22.7,0.14343,-0.12006,0.016196,-0.99447,0.012028,0.046877,-0.00042732,-0.74606,-5.7619,1.7463,-30.614,0.34986,8.8292,1.3545,-9.9182,0.1444,-0.12428,0.014894,-0.98374,0.010475,0.0304,-0.0054785,-1.81,-7.6778,-0.012396,-31.765,0.45532,10.068,-3.6366,-11.077
22.8,0.13907,-0.13293,0.015012,-0.97443,0.01279,0.046309,0.0073007,0.082128,-7.5464,0.6683,-30.578,0.023053,10.176,0.28234,-10.989,0.12617,-0.15364,0.019553,-0.97697,0.010041,0.02822,0.0028756,-0.4562,-6.9281,0.0068885,-28.966,-0.63602,9.8597,0.78261,-10.472
22.9,0.14313,-0.13077,0.010293,-0.98611,0.0076895,0.031485,0.00049226,-1.5304,-5.6656,0.51954,-30.331,-1.8607,5.2288,-2.6379,-10.592,0.12423,-0.15444,0.025022,-0.95952,0.014892,0.024906,0.0037497,1.0107,-8.7646,1.5984,-29.557,-0.050863,8.4807,-0.92653,-11.679
23,0.13741,-0.13061,0.03648,-0.97838,0.0082387,0.030255,0.0063199,-0.30621,-9.2761,-0.2539,-29.827,-1.4227,11.22,-1.7651,-11.218,0.14034,-0.14732,0.015143,-0.97815,0.01355,0.024639,0.0031151,-2.3318,-7.4861,0.4391,-29.396,-0.0015982,10.041,-1.5877,-9.9357
23.1,0.12686,-0.14606,0.028613,-0.98763,0.0038068,0.028579,0.0080657,0.4283,-9.2477,0.24331,-30.356,-2.945,7.6173,-0.24609,-12.303,0.12581,-0.1513,0.020439,-0.98053,0.010205,0.022476,0.0015733,-1.6192,-8.7674,0.5803,-30.743,-1.504,9.3596,0.59526,-11.353
23.2,0.14141,-0.14504,0.029829,-0.99655,0.0164,0.034354,0.0031404,-1.2351,-10.092,1.8893,-28.753,-1.1106,9.441,-0.77044,-9.0187,0.15007,-0.15709,0.040709,-0.97686,0.0087123,0.032829,0.0014121,-1.6908,-10.185,-0.78405,-29.193,-1.9556,9.5012,0.11284,-13.209
23.3,0.12734,-0.1455,0.01716,-0.98909,0.0085487,0.026163,0.010374,-0.1241,-7.4271,0.12737,-27.704,0.3682,7.4487,-2.4745,-12.498,0.12599,-0.13837,0.032468,-1.009,0.015198,0.028758,0.0062898,-3.4219,-7.6916,-0.25884,-30.066,-0.29734,6.5234,0.54807,-11.42
23.4,0.12385,-0.151,0.020438,-0.99662,0.029815,0.028013,0.0069623,-2.4929,-9.5555,0.32694,-30.791,-0.62987,7.4568,-1.3962,-12.64,0.1417,-0.12888,0.025892,-0.98012,0.0181,0.030971,0.0079816,-2.7322,-10.17,0.83124,-30.706,-1.2609,5.9979,-1.4353,-11.779
23.5,0.12783,-0.14521,0.033945,-0.97706,0.013745,0.02759,0.018076,-0.84311,-9.633,1.7471,-27.337,-0.7061,8.0865,-1.2425,-11.082,0.12813,-0.1453,0.01693,-0.98981,0.017807,0.022571,0.0087188,-2.4857,-11.764,0.33476,-29.442,-0.6096,5.1517,-2.4226,-12.445
23.6,0.12933,-0.16172,-0.0013808,-0.98663,0.021628,0.021122,0.011317,-2.3459,-8.9441,0.90216,-28.594,-0.28784,6.2047,-1.3948,-13.52,0.11743,-0.13641,0.021491,-0.98936,0.017312,0.031639,0.0033111,-1.6389,-9.6035,0.63576,-27.895,-1.3126,7.7974,-2.3482,-14.078
23.7,0.11434,-0.13075,0.038251,-0.9813,0.015029,0.015118,0.014805,-2.3893,-11.09,1.6449,-26.815,0.58528,6.7544,-1.1042,-12.615,0.13843,-0.15877,0.025849,-0.95904,0.020613,0.014039,0.0042133,-1.728,-11.862,1.5282,-28.083,0.21289,8.2036,-1.033,-12.556
23.8,0.11802,-0.14807,0.031363,-0.96719,0.024115,0.024892,0.010373,0.15799,-11.605,2.1817,-27.525,1.2976,6.2686,-1.083,-12.796,0.14332,-0.13971,-1.9989e-05,-0.98615,0.013273,0.023123,0.012593,-1.6736,-11.764,0.33843,-27.308,0.56471,7.9289,-0.68273,-13.891
23.9,0.13576,-0.16247,0.0087747,-0.98816,0.016597,0.018459,0.015314,-0.84123,-9.9791,0.64205,-27.978,0.032278,7.7108,-1.6313,-14.259,0.1275,-0.14279,0.018046,-0.98111,0.018581,0.017992,0.015363,-1.7698,-12.415,-0.63789,-27.046,0.45669,6.6227,-1.5851,-13.537
24,0.11808,-0.15809,0.019842,-0.96709,0.02039,0.023096,0.013344,-2.1493,-13.461,-0.53629,-29.269,-0.15668,5.1672,0.94568,-15.501,0.13682,-0.16055,0.027856,-0.97974,0.025418,0.014461,0.017741,-0.4336,-12.216,1.0447,-26.339,-2.7523,6.6225,0.63612,-15.06
24.1,0.14036,-0.17869,0.024023,-0.98719,0.015209,0.016773,0.023194,-1.4493,-11.372,-0.15584,-25.911,-1.3616,5.7056,-0.55416,-15.193,0.12456,-0.15016,0.017443,-0.97137,0.022802,0.018064,0.02352,-0.7251,-12.392,1.8911,-22.979,1.5045,5.8873,-1.015,-15.89
24.2,0.11839,-0.15391,0.0064689,-0.98019,0.029801,0.01761,0.010481,-1.1862,-12.993,0.050323,-25.953,0.21465,3.9248,-0.84814,-13.292,0.13308,-0.15282,0.021663,-0.94616,0.036803,0.01137,0.013923,-1.2205,-12.512,2.4546,-26.499,-0.99913,8.1422,-0.39201,-14.397
24.3,0.1348,-0.13509,0.034287,-0.97131,0.024752,0.012441,0.025792,-2.0251,-13.293,0.53794,-28.307,-1.1336,5.7591,-0.57128,-15.64,0.11779,-0.1434,0.030291,-0.98505,0.018695,0.0031381,0.013704,-1.2753,-12.314,0.54385,-28.154,0.20693,5.4856,-1.8109,-14.63
24.4,0.10862,-0.15319,0.012937,-1.0037,0.027202,0.010333,0.011994,-1.5855,-14.06,1.0987,-24.474,1.0033,7.9169,1.7539,-15.739,0.11485,-0.16389,0.021907,-0.99948,0.026679,0.0020715,0.018223,0.24033,-13.677,1.1289,-26.584,0.74874,6.8875,-2.632,-16.383
24.5,0.13866,-0.17163,0.038879,-0.99861,0.026873,0.0032679,0.023354,-1.295,-15.84,0.50727,-27.431,-1.1915,5.7403,-2.112,-15.544,0.12509,-0.17681,0.022315,-0.97839,0.030531,0.014311,0.016486,-3.5476,-13.47,1.2303,-26.571,-0.46765,5.2554,-1.8367,-17.255
24.6,0.128,-0.15317,0.036189,-1.0004,0.026812,0.0051022,0.026685,-2.3768,-14.828,0.33345,-26.739,-0.15842,5.8194,-2.5938,-15.618,0.12139,-0.16608,0.018113,-0.99033,0.024929,0.0042447,0.025998,-1.4141,-14.162,1.8577,-25.932,-0.97188,5.9601,-0.7174,-16.759
24.7,0.11271,-0.16585,0.0030074,-0.97282,0.024495,0.0043486,0.012507,0.15972,-15.36,1.776,-25.824,-0.38081,6.4228,-1.8376,-15.287,0.13309,-0.14126,0.011285,-0.98657,0.022026,0.0054164,0.01847,1.5158,-15.287,-0.40688,-24.206,0.72337,6.3699,-0.28134,-18.111
24.8,0.11312,-0.1778,0.004368,-0.96973,0.027319,-0.0037988,0.025324,-1.712,-14.779,0.75112,-25.277,0.15959,5.7507,-1.6986,-18.401,0.1266,-0.16744,0.021374,-0.96975,0.015086,0.00063836,0.030617,-3.3062,-14.691,1.8806,-24.593,-0.68232,6.7625,0.63222,-17.792
24.9,0.11792,-0.15473,0.019221,-0.98413,0.033047,-0.0033302,0.01722,-0.98307,-17.788,3.3948,-24.541,-2.3128,4.3846,1.8454,-18.644,0.11703,-0.15452,0.004474,-0.99052,0.027402,-4.6097e-05,0.017165,-1.3532,-15.57,0.38181,-24.836,1.1047,6.0411,-0.96807,-17.861
25,0.12558,-0.14995,0.0045939,-0.99324,0.034245,0.0064505,0.021297,-2.7141,-14.707,-1.075,-24.333,1.3425,7.0361,-2.1343,-16.144,0.1149,-0.16968,0.013549,-0.97533,0.034847,0.0043124,0.022796,-1.4138,-16.026,1.2936,-23.841,1.1813,4.5421,0.96397,-19.294
25.1,0.1083,-0.15575,0.017449,-0.97966,0.02259,0.010469,0.022628,-0.40825,-16.591,-1.2476,-25.316,0.61349,4.7572,-1.0655,-17.735,0.1167,-0.18226,0.021258,-0.97352,0.029076,-0.0052518,0.026226,-2.3262,-16.446,0.58868,-24.454,0.20333,4.9365,-1.1622,-17.409
25.2,0.12359,-0.16206,0.0099122,-0.96264,0.027916,-0.0042168,0.039171,-1.1624,-16.676,1.5028,-22.541,0.53263,6.4898,-1.0311,-18.881,0.11657,-0.16555,0.023599,-0.99682,0.039381,-0.0019607,0.02568,-2.4232,-17.471,0.10133,-22.909,-0.73385,4.2226,-2.0284,-17.474
25.3,0.10836,-0.16735,0.016659,-0.98316,0.033231,-0.0043652,0.027708,-0.99968,-16.499,2.2141,-23.031,-0.76213,5.5907,0.16734,-18.423,0.10511,-0.15301,0.020624,-0.97817,0.032094,-0.0065101,0.024111,-1.4261,-15.485,1.6619,-22.978,0.21266,5.3494,-0.1315,-16.636
25.4,0.10523,-0.17065,0.015672,-0.98342,0.035293,-0.0033283,0.029474,-1.2614,-17.681,-0.58491,-23.126,1.4132,7.4022,-1.6556,-18.322,0.10314,-0.16502,-0.0019929,-0.98512,0.029981,-0.0030266,0.020071,-0.48469,-16.219,1.4437,-22.798,-0.11029,7.3224,-1.9569,-19.549
25.5,0.1018,-0.16713,0.024032,-0.97431,0.039541,-0.00096793,0.023633,0.94399,-18.087,0.73866,-21.997,2.2389,6.6622,-2.6064,-19.193,0.089537,-0.1592,0.011725,-0.97099,0.035245,-0.0087766,0.023239,-1.6585,-16.244,0.75864,-22.33,1.915,8.948,-2.9693,-19.855
25.6,0.10446,-0.1593,-0.0020446,-0.99405,0.033429,-0.015697,0.022056,0.44314,-16.492,0.46325,-22.021,-0.8725,5.6759,-1.3069,-19.556,0.095708,-0.15703,-0.013251,-0.96808,0.038881,-0.016739,0.027235,-0.24495,-17.05,1.295,-22.345,-1.3191,5.6993,-2.1267,-21.151
25.7,0.11507,-0.16705,-0.0047038,-0.97771,0.025708,0.0033804,0.027411,-0.33076,-19.403,1.4531,-23.156,0.80519,6.8313,-1.7153,-20.072,0.098813,-0.15868,0.0095464,-0.97991,0.042009,-0.0078162,0.023777,-0.5384,-19.314,2.714,-21.311,1.1282,6.0896,-0.84719,-17.942
25.8,0.10252,-0.16116,0.016385,-0.96358,0.032139,-0.015443,0.037072,-0.4829,-19.032,0.45752,-20.434,-0.10482,7.0566,1.2704,-19.559,0.10021,-0.14619,-0.0091266,-0.97565,0.036817,-0.0059562,0.025452,0.23484,-19.952,0.36663,-19.873,2.7079,6.7328,-4.0582,-19.577
25.9,0.10805,-0.1431,-0.00030965,-0.98288,0.038458,-0.011018,0.032247,-1.9716,-18.392,-0.36512,-20.51,0.018156,7.3626,-0.49659,-20.347,0.096284,-0.15681,-0.0023749,-0.97686,0.037853,-0.0073657,0.022504,-2.2215,-18.904,1.3262,-20.575,0.60472,5.8092,-0.21884,-18.195
26,0.075981,-0.1486,0.0032331,-1.0015,0.029999,-0.014633,0.018457,-1.433,-19.041,1.0571,-20.394,0.35836,5.6468,-0.19849,-19.554,0.087577,-0.13952,0.0079243,-0.9839,0.044079,-0.0033358,0.025535,-1.1464,-18.669,1.607,-21.943,0.96493,8.7748,1.2226,-20.005
26.1,0.09882,-0.14153,-0.0083089,-0.97516,0.036266,-0.0075538,0.022365,-0.45701,-19.384,0.68099,-20.286,0.62113,8.1544,-1.6697,-21.059,0.10398,-0.16415,0.012342,-0.9802,0.033542,-0.019791,0.022844,-0.23362,-20.543,-1.1569,-20.48,1.7717,6.6887,-1.3724,-20.592
26.2,0.085035,-0.14421,0.01132,-0.96472,0.033017,-0.012273,0.015698,-0.91738,-19.582,1.5027,-19.693,0.61406,7.1384,-0.13379,-21.572,0.089918,-0.18139,-0.0086403,-0.99125,0.041148,-0.020508,0.024209,-1.4999,-22.118,1.2892,-19.082,1.0909,8.8871,0.066624,-21.532
26.3,0.089699,-0.14931,0.0029268,-0.98223,0.046739,-0.021215,0.022215,-1.9327,-20.079,0.89614,-19.975,1.2588,9.3874,-0.41956,-22.407,0.093273,-0.14531,0.00847,-0.98031,0.0396,-0.011659,0.021056,0.089127,-20.238,-0.33327,-21.133,-1.2881,7.6376,-3.3883,-20.9
26.4,0.088272,-0.16351,-0.0095706,-0.98458,0.03099,-0.025676,0.030158,-0.93559,-21.123,-0.30541,-20.148,0.23693,8.3252,-1.2154,-22.424,0.076821,-0.1587,0.0011268,-0.99151,0.038581,-0.01659,0.023393,-0.94164,-21.682,0.85764,-18.729,2.1214,7.8661,-1.8975,-21.834
26.5,0.081005,-0.13963,0.024419,-1.0009,0.032699,-0.027327,0.030349,-1.7411,-22.196,-0.9053,-19.78,1.9759,7.9969,-0.60172,-23.044,0.080238,-0.16096,-0.0013257,-0.97451,0.039446,-0.016422,0.017772,-1.3996,-21.283,0.44879,-19.702,-0.16197,8.9235,-1.3102,-23.061
26.6,0.070329,-0.16009,0.0017735,-0.97944,0.045453,-0.021149,0.020042,0.39904,-22.642,2.6024,-19.159,-0.32998,9.2419,0.18601,-23.727,0.062753,-0.14117,-0.0050579,-0.98273,0.042553,-0.026516,0.027127,-0.57216,-20.643,0.50136,-20.98,1.2859,8.5485,-0.097707,-25.459
26.7,0.098572,-0.15009,-0.015833,-0.98538,0.043466,-0.015402,0.018227,-2.4005,-21.85,0.37647,-18.656,0.13299,8.5818,-2.0238,-22.168,0.083059,-0.14842,-0.012239,-0.99836,0.042088,-0.024684,0.033954,0.78636,-21.293,0.98181,-19.473,-0.078455,5.8374,-1.9362,-23.686
26.8,0.077863,-0.16018,-0.00045416,-1.012,0.038359,-0.026315,0.035099,-0.80229,-22.868,1.1294,-18.678,0.63528,9.8287,-0.69245,-23.109,0.081426,-0.13569,-0.0085769,-0.99277,0.039067,-0.019785,0.0287,-2.2429,-21.564,0.47836,-19.2,-0.11308,8.4395,-1.2975,-24.676
26.9,0.069429,-0.1495,-0.0076636,-0.98256,0.050082,-0.027366,0.024429,-1.6349,-24.402,1.8688,-18.015,0.57091,8.5779,-1.5432,-25.312,0.07178,-0.14085,-0.012323,-1.0015,0.048547,-0.021458,0.028356,-1.9472,-22.13,0.65343,-18.131,-0.31223,10.297,-1.2925,-22.814
27,0.074073,-0.15117,-0.0022338,-0.98485,0.038988,-0.028156,0.024274,-0.98361,-24.679,1.8741,-18.577,0.98688,8.3385,-1.9279,-24.089,0.068299,-0.13759,0.00088137,-1.0027,0.04974,-0.033038,0.026377,-2.4845,-25.38,2.1735,-18.086,0.43226,7.7933,-0.3456,-24.847
27.1,0.077253,-0.15167,-0.004177,-0.99155,0.048425,-0.021519,0.022002,-1.861,-23.698,1.7249,-17.297,0.43137,9.3985,-0.39693,-25.821,0.070164,-0.14578,-0.02222,-0.96516,0.042609,-0.033951,0.017339,-0.88953,-23.957,1.505,-17.283,1.705,10.51,-2.5224,-24.88
27.2,0.064242,-0.14855,-0.031554,-0.98267,0.049986,-0.03168,0.025588,-3.2453,-24.226,2.4348,-16.833,0.9204,10.704,-0.26202,-24.09,0.067288,-0.13659,-0.014203,-0.97801,0.042097,-0.028492,0.016828,0.33207,-21.658,0.23317,-18.187,0.72675,11.021,-0.79223,-23.982
27.3,0.056057,-0.14711,-0.026302,-1.0023,0.056847,-0.024944,0.031512,-0.94471,-23.691,1.6494,-15.928,3.2567,11.569,-1.0544,-25.154,0.058934,-0.13414,-0.0082308,-0.98605,0.045871,-0.029215,0.032186,-0.52791,-23.829,0.82299,-15.548,1.0313,11.591,-2.0151,-24.572
27.4,0.06104,-0.13308,-0.024027,-0.98565,0.047359,-0.036055,0.018271,0.011153,-26.156,1.7228,-16.273,1.7919,11.917,-1.9486,-24.769,0.058888,-0.13809,-0.017091,-0.97781,0.042586,-0.03516,0.032398,-1.2686,-23.5,-0.44797,-15.717,1.5556,10.133,-1.3736,-24.429
27.5,0.050231,-0.1344,-0.019178,-0.99418,0.046961,-0.034989,0.028838,-1.4462,-26.273,0.29492,-16.296,-0.7908,9.4892,-1.4757,-25.165,0.069977,-0.1377,-0.018034,-1.0034,0.047194,-0.041579,0.025408,-1.0693,-25.498,0.30517,-17.465,-0.72083,11.67,-1.7724,-25.741
27.6,0.06091,-0.13946,-0.021025,-0.98347,0.045037,-0.042515,0.028465,-1.7413,-25.679,0.84644,-15.897,1.0374,10.771,-2.0121,-24.507,0.061401,-0.14191,-0.030425,-0.98932,0.042984,-0.029289,0.033156,-0.88301,-25.525,1.0457,-15.081,0.27248,11.073,-0.51579,-24.136
27.7,0.043953,-0.11251,-0.018332,-0.99068,0.053762,-0.041097,0.023486,-1.3032,-25.664,0.33584,-15.895,1.3652,10.616,-0.014149,-25.096,0.045825,-0.13508,-0.029846,-0.99567,0.048464,-0.047512,0.034686,0.50175,-25.397,-0.10557,-16.632,2.2292,11.184,-2.3295,-26.261
27.8,0.045084,-0.11305,-0.019671,-0.96861,0.053617,-0.048446,0.025098,0.57706,-26.436,-0.2978,-15.79,0.51148,10.046,0.97802,-25.826,0.056937,-0.11593,0.00022265,-0.985,0.046787,-0.04784,0.03565,1.3984,-23.435,-0.0043643,-13.625,0.80301,10.022,-0.6067,-27.048
27.9,0.065482,-0.13777,-0.0077357,-1.0026,0.051328,-0.039166,0.023223,-0.62052,-24.641,-0.28618,-14.862,1.6499,12.256,-1.4556,-25.3,0.07484,-0.13049,0.0014262,-0.98064,0.050371,-0.044019,0.030542,-0.21338,-26.98,2.0727,-14.524,2.2251,11.494,-1.4321,-24.985
28,0.055118,-0.13191,-0.019978,-0.99159,0.049025,-0.044243,0.023958,-0.78336,-26.843,0.63244,-14.665,1.6966,11.513,-0.66894,-25.471,0.055674,-0.12019,-0.015845,-0.9802,0.037078,-0.044972,0.026439,-1.5147,-25.163,1.4424,-16.612,-1.9766,11.652,-2.2864,-27.524
28.1,0.050668,-0.12122,-0.040798,-0.99159,0.047251,-0.048256,0.018785,0.88343,-26.69,-0.18526,-15.49,1.6913,13.275,-1.1842,-27.983,0.059276,-0.13252,-0.020724,-0.99092,0.042537,-0.039968,0.03362,-0.38819,-26.17,1.0366,-14.659,-0.36664,12.075,-2.3747,-27.093
28.2,0.032402,-0.12162,-0.019194,-0.99857,0.050145,-0.037087,0.016411,-0.43038,-26.262,1.5827,-12.323,0.79438,11.118,-1.0111,-26.172,0.048728,-0.11936,-0.011276,-0.98525,0.052217,-0.046605,0.026809,0.58295,-26.295,0.46405,-13.843,0.79045,11.289,0.39074,-26.413
28.3,0.037847,-0.12253,-0.02572,-0.99454,0.047568,-0.05111,0.019566,0.11338,-24.193,3.1119,-14.422,0.66028,12.729,-0.22294,-26.075,0.046284,-0.13911,-0.02867,-0.98471,0.048963,-0.048323,0.018543,1.9003,-25.478,1.9187,-13.952,1.4847,12.727,-1.1559,-30.081
28.4,0.030377,-0.12529,-0.0336,-0.99909,0.049494,-0.055355,0.028289,0.44232,-26.775,2.1514,-13.626,1.0869,12.566,-1.3248,-27.452,0.03635,-0.12095,-0.0044145,-0.98994,0.049923,-0.052547,0.023914,2.5038,-26.417,1.1687,-12.142,1.2808,12.107,0.42697,-26.504
28.5,0.047866,-0.11732,-0.02995,-0.99777,0.050743,-0.052608,0.030757,2.0765,-25.731,0.20557,-12.666,0.27797,13.699,-2.2655,-28.86,0.030673,-0.13379,-0.017153,-0.9956,0.055503,-0.055959,0.017379,0.89736,-26.26,0.10942,-12.836,0.92942,12.213,0.55596,-27.597
28.6,0.037273,-0.1115,-0.027556,-0.9809,0.049823,-0.055386,0.02124,1.367,-25.662,1.43,-12.721,0.91653,11.038,1.2213,-25.26,0.041432,-0.1284,-0.030929,-0.995,0.048795,-0.053844,0.021495,-0.62102,-24.602,1.442,-12.951,2.0506,12.594,-0.46636,-26.631
28.7,0.013802,-0.11269,-0.025584,-0.98857,0.050762,-0.050847,0.023772,0.26968,-23.987,-2.3888,-12.128,-0.085126,13.52,-0.68727,-28.252,0.030118,-0.11277,-0.031198,-1.0048,0.04561,-0.050892,0.026759,1.2361,-24.666,-0.81815,-11.831,0.92181,13.653,1.5618,-28.864
28.8,0.020392,-0.084181,-0.045129,-0.998,0.039769,-0.044086,0.021928,0.59969,-24.419,1.887,-12.403,-0.022129,15.26,-0.19762,-29.259,0.024102,-0.1037,-0.038261,-0.99085,0.041446,-0.056456,0.024895,-0.28766,-24.735,1.5999,-13.005,2.0063,15.187,-1.0212,-29.384
28.9,0.015881,-0.11124,-0.038937,-0.97992,0.033298,-0.059178,0.020478,2.1937,-24.098,0.64644,-11.483,1.3789,12.861,-0.15195,-29.324,-0.0030372,-0.10267,-0.030895,-0.97437,0.035859,-0.054811,0.021092,0.9855,-24.931,0.45035,-13.032,1.65,14.268,0.53854,-26.669
29,0.046914,-0.10435,-0.035738,-0.99735,0.044561,-0.051876,0.010677,2.5508,-24.922,0.14742,-10.886,1.7208,14.774,-0.80656,-29.329,0.019329,-0.10827,-0.043525,-1.0036,0.041867,-0.052123,0.030488,0.97377,-24.102,2.2558,-11.207,2.1618,13.666,0.83363,-29.539
29.1,0.030548,-0.085951,-0.054824,-1.0065,0.041056,-0.056779,0.022931,-1.0921,-24.332,1.4749,-10.597,0.24255,14.849,-0.17803,-28.692,0.028043,-0.096366,-0.026556,-0.97904,0.038414,-0.054526,0.028864,0.77708,-24.586,0.7766,-11.146,-0.73797,14.618,0.47585,-28.743
29.2,0.022428,-0.093726,-0.024449,-0.97942,0.045014,-0.054232,0.021849,-0.17739,-21.805,2.1974,-9.4832,1.2536,15.378,0.97405,-28.93,0.014301,-0.089626,-0.037589,-0.99377,0.046103,-0.059728,0.023876,0.22942,-23.56,0.8369,-11.686,1.4452,15.518,0.5027,-29.192
29.3,0.0047067,-0.10562,-0.038236,-1.0094,0.045008,-0.060634,0.020012,1.1358,-25.298,0.3135,-9.0965,1.1524,15.654,-1.1213,-29.245,0.020315,-0.098919,-0.039626,-0.99999,0.036746,-0.059625,0.024923,-1.3305,-23.608,-0.47775,-9.6247,0.093512,16.258,0.20268,-27.875
29.4,0.0091315,-0.08553,-0.033354,-0.99145,0.035827,-0.049989,0.023483,2.8763,-22.762,1.5531,-11.142,-0.99556,16.118,-1.5239,-27.362,-0.0013185,-0.10149,-0.035795,-0.98214,0.031826,-0.053224,0.016456,-0.29047,-22.4,0.33521,-10.522,0.34242,14.37,-0.29677,-29.99
29.5,0.024015,-0.10407,-0.023035,-0.99834,0.040795,-0.063606,0.017886,1.7782,-23.355,-0.50568,-8.3489,0.73858,16.372,-1.0172,-28.019,0.0022879,-0.088393,-0.020178,-0.97335,0.033497,-0.061631,0.026018,0.98502,-24.159,1.4189,-8.8835,-0.038723,16.254,1.5462,-28.9
29.6,0.012616,-0.088307,-0.052205,-0.99546,0.040373,-0.064136,0.022211,0.21355,-23.662,2.0669,-8.7165,2.2052,15.122,-0.82036,-28.154,0.021755,-0.085619,-0.040496,-0.97357,0.035097,-0.069145,0.017185,0.43276,-22.055,1.0372,-9.2709,1.4647,15.502,-0.016851,-28.079
29.7,0.0017605,-0.087345,-0.015204,-0.97746,0.03497,-0.061199,0.020233,2.0886,-21.84,2.1338,-8.716,3.345,17.017,-0.67232,-27.798,0.028091,-0.098236,-0.036118,-0.98538,0.037571,-0.066859,0.0189,1.8929,-23.308,0.23823,-9.4954,0.5285,15.732,-0.3297,-27.609
29.8,0.00018586,-0.094455,-0.049617,-0.98153,0.023751,-0.07032,0.0063733,1.3833,-23.371,-0.72792,-7.3075,1.4166,17.057,1.9911,-25.92,0.010136,-0.093131,-0.035774,-0.99844,0.0358,-0.076977,0.011517,-0.90184,-21.174,0.074385,-7.7594,0.33896,16.268,0.35342,-27.926
29.9,0.0061182,-0.090602,-0.038558,-1.0074,0.038309,-0.061348,0.019463,0.85269,-22.067,0.82607,-7.9886,1.9628,17.097,2.0291,-25.503,0.0078025,-0.079269,-0.055597,-0.99781,0.032618,-0.062846,0.011568,0.94535,-22.837,1.8896,-9.5742,0.86428,16.181,0.092221,-26.157
30,0.013656,-0.09273,-0.033382,-0.98161,0.033459,-0.059896,0.0034022,-0.74097,-20.7,-0.18403,-6.6172,0.59724,15.279,2.5179,-25.708,-0.0026937,-0.076522,-0.056723,-1.0103,0.04043,-0.067317,0.011076,-0.10557,-20.627,0.094324,-8.0357,-0.68049,16.394,0.80681,-26.288
30.1,-0.0016123,-0.08314,-0.055025,-1.0173,0.031547,-0.061619,0.019785,2.1509,-21.184,0.82983,-6.9137,-0.92886,16.378,0.22256,-25.117,-0.0079754,-0.068238,-0.046837,-0.99837,0.03358,-0.058937,0.016918,-0.52854,-20.946,0.74748,-7.0317,0.9082,17.651,0.9234,-25.772
30.2,-0.017545,-0.087211,-0.017513,-0.97905,0.041578,-0.063284,0.024052,1.6733,-21.449,0.6762,-5.4998,-0.02852,18.24,0.82672,-26.066,0.006044,-0.067764,-0.038728,-0.99014,0.037114,-0.057801,0.0086542,1.065,-22.042,1.1062,-8.1055,-0.077977,15.075,-1.0821,-25.542
30.3,-0.0020029,-0.068893,-0.049998,-0.97341,0.031578,-0.066645,0.013215,0.8495,-18.798,1.4904,-7.6885,0.66894,17.842,2.3627,-25.128,0.0075423,-0.059408,-0.051706,-1.0038,0.037388,-0.070553,0.012609,1.7321,-20.868,1.1731,-6.1017,1.0941,16.605,-0.88599,-27.949
30.4,-0.0049216,-0.062309,-0.039777,-0.99798,0.034191,-0.067968,0.015772,2.4892,-21.541,-1.8888,-8.8415,0.74526,18.989,2.8385,-26.134,-0.034464,-0.054865,-0.051467,-0.99552,0.033809,-0.064068,0.0098331,1.9147,-18.973,0.22241,-7.7417,3.9917,17.012,0.69875,-25.904
30.5,-0.013861,-0.057706,-0.048205,-1.0043,0.03343,-0.06978,0.014058,-0.36624,-20.537,-2.0738,-6.3126,2.2824,18.221,1.739,-27.42,0.0034031,-0.059898,-0.041053,-0.98879,0.035518,-0.058533,0.0052089,0.84278,-20.453,-0.34013,-7.8545,0.38281,17.48,1.8443,-24.603
30.6,-0.013156,-0.055409,-0.047772,-0.98876,0.031802,-0.063425,0.012547,0.47979,-20.736,0.056694,-5.9248,0.42664,19.644,-0.01475,-24.013,-0.0085258,-0.050287,-0.034018,-0.99425,0.026463,-0.061088,0.015154,1.2393,-18.278,1.0277,-8.1003,0.39368,16.86,2.8029,-25.6
30.7,-0.0073579,-0.06074,-0.043726,-1.016,0.031876,-0.066469,0.0084157,1.0567,-19.516,-0.88665,-7.0312,-0.11566,18.368,2.0176,-26.17,-0.0011088,-0.05333,-0.03667,-0.99796,0.035145,-0.063023,0.0095956,0.16685,-19.545,0.49659,-7.4494,-0.016944,20.202,-0.30947,-25.64
30.8,-0.016666,-0.03524,-0.044264,-1.0101,0.034289,-0.06259,-0.00088514,0.67333,-19.554,-2.5758,-7.4717,-1.0903,19.083,0.82366,-25.262,-0.0039626,-0.067703,-0.048746,-1.0046,0.033771,-0.06157,0.012839,2.573,-18.834,-0.52536,-7.0415,-1.0388,17.417,0.19423,-26.415
30.9,-0.028604,-0.058959,-0.02794,-0.99311,0.019924,-0.063602,0.0052556,-0.041532,-19.508,-0.35003,-6.3232,1.9464,20.455,1.0241,-23.72,-0.010469,-0.060627,-0.044589,-1.0027,0.022138,-0.055539,0.00032958,-1.0083,-18.946,-1.0724,-7.9685,0.017861,17.655,-0.42392,-24.701
31,-0.036766,-0.039082,-0.049754,-1.0009,0.031101,-0.069623,-0.0013296,0.16617,-17.957,-0.28993,-7.1238,-0.053643,19.237,1.0235,-23.761,-0.024169,-0.033112,-0.03669,-0.99129,0.02405,-0.067032,-0.0026227,2.2388,-17.522,0.93701,-8.0224,1.1345,17.85,-0.029099,-23.13
31.1,-0.006258,-0.047009,-0.035609,-1.0135,0.029533,-0.059315,-0.0043917,0.39066,-18.93,-0.6449,-7.153,-0.041227,20.788,1.1538,-23.073,-0.018195,-0.04613,-0.039697,-0.99717,0.034506,-0.053243,0.0040192,1.0085,-19.389,0.95857,-8.9955,1.6994,18.837,1.6043,-23.441
31.2,-0.016969,-0.026253,-0.044925,-0.98488,0.027879,-0.052128,0.011689,0.034886,-19.178,-2.3013,-8.3984,2.8035,20.864,-0.15115,-22.14,-0.011712,-0.042292,-0.023811,-0.99807,0.031902,-0.062911,0.0075193,1.1845,-18.399,-1.9951,-9.267,2.2131,19.124,2.0156,-24.816
31.3,-0.027194,-0.031529,-0.056414,-1.0044,0.032646,-0.059536,-0.0025102,1.2683,-17.061,-0.6981,-9.1751,0.58968,20.411,0.90951,-24.789,-0.004344,-0.028356,-0.035049,-0.98676,0.027369,-0.0564,0.0020019,1.7877,-17.783,-1.5406,-9.0857,0.10694,18.842,0.1033,-22.417
31.4,-0.033768,-0.034355,-0.042007,-1.0127,0.027499,-0.058582,-0.0014928,1.9263,-18.595,-1.5689,-8.9914,1.4619,20.851,-0.043611,-23.624,-0.015408,-0.0349,-0.048142,-1.0003,0.04115,-0.054021,-0.0056829,1.8568,-16.413,-1.8279,-10.543,-0.10423,19.316,-0.57698,-23.266
31.5,-0.0205,-0.034473,-0.050966,-0.99925,0.028504,-0.058689,0.00011316,1.2538,-16.021,-0.98279,-9.2958,1.9274,20.807,2.0939,-21.183,-0.036305,-0.041572,-0.049288,-1.0079,0.027251,-0.046651,-0.0040781,0.83109,-17.596,-2.6898,-8.8804,0.58775,19.921,1.3957,-22.133
31.6,-0.011466,-0.022169,-0.027418,-0.99863,0.022373,-0.05567,-0.00043459,0.94847,-16.571,0.63374,-10.779,1.5829,19.404,0.15211,-21.544,-0.021763,-0.021266,-0.043758,-0.99789,0.026536,-0.04823,0.00013095,1.3739,-13.955,1.1995,-10.783,0.32317,21.228,0.049394,-22.179
31.7,-0.048414,-0.018502,-0.047143,-1.0004,0.024114,-0.040117,-0.0062824,1.9062,-17.303,-0.85317,-8.5899,0.47407,19.122,1.4096,-19.821,-0.042925,-0.023294,-0.058232,-1.0114,0.029384,-0.048506,-0.01022,0.33831,-17.024,-0.70765,-10.802,-0.61039,21.085,0.84397,-22.234
31.8,-0.002206,-0.032094,-0.038554,-0.9969,0.027078,-0.04913,-0.0067478,2.6815,-13.862,-1.9004,-11.319,0.84899,21.955,1.619,-21.824,-0.046189,-0.020809,-0.049612,-0.99312,0.036355,-0.033743,-0.00052722,2.8901,-16.638,-2.124,-10.878,-1.5956,22.553,0.54241,-20.062
31.9,-0.034118,-0.021218,-0.040293,-1.0019,0.017426,-0.057833,-0.0071534,0.75129,-16.243,-1.4127,-12.745,1.2605,21.553,0.83833,-19.643,-0.033507,-0.0088126,-0.019988,-1.0055,0.034955,-0.037525,-0.003266,2.1918,-15.329,-0.15136,-13.455,0.92214,19.906,0.56586,-19.22
32,-0.062614,-0.016348,-0.040125,-1.0016,0.028298,-0.045062,-0.0055731,1.8518,-16.025,-1.418,-13.13,1.0925,21.557,-0.019427,-21.495,-0.049342,0.0043744,-0.048106,-0.9914,0.021999,-0.051123,0.0055207,1.4944,-15.422,-0.53485,-13.38,0.58185,20.891,-0.76114,-21.058
32.1,-0.034274,-0.02262,-0.041138,-0.99781,0.023277,-0.04776,-0.0092787,0.35265,-13.153,-2.4016,-12.116,0.42959,21.755,0.94984,-21.828,-0.038269,-0.011509,-0.056511,-1.0116,0.018916,-0.048101,-0.0087341,0.48496,-15.503,-1.1451,-12.499,0.93167,22.012,0.73964,-20.667
32.2,-0.034578,-0.01881,-0.042904,-0.99798,0.028242,-0.044489,-0.0078825,0.55522,-12.601,-2.0506,-14.048,1.4775,21.922,-0.030648,-19.794,-0.02298,-0.016829,-0.044647,-1.0174,0.02377,-0.03684,-0.010632,0.8444,-15.74,-1.0144,-13.946,0.38112,21.9,1.1713,-19.861
32.3,-0.023034,-0.021575,-0.043156,-0.99915,0.017276,-0.034187,-0.004613,0.42461,-14.638,-0.059236,-12.303,0.57567,23.058,-0.96708,-20.389,-0.032448,-0.01203,-0.010592,-1.0028,0.018393,-0.03668,-0.0030123,0.50802,-13.583,-0.91017,-14,0.51701,22.726,0.41932,-21.588
32.4,-0.044197,-0.020788,-0.034963,-1.0078,0.026844,-0.034702,-0.0087461,-0.26698,-13.505,-0.76743,-12.315,2.5767,21.971,0.72296,-19.667,-0.038088,0.022286,-0.034159,-0.99341,0.019242,-0.049153,-0.012786,0.35352,-13.884,-2.8543,-11.565,1.2386,22.103,-0.038668,-19.681
32.5,-0.041693,-0.0036894,-0.037028,-0.98448,0.016429,-0.042613,-0.010065,0.25899,-13.573,-2.2981,-13.989,-0.088817,22.057,-0.46229,-19.15,-0.024693,-0.020296,-0.050585,-0.99121,0.01685,-0.039315,-0.0097147,1.0619,-13.636,-1.6961,-12.963,0.15765,22.854,-0.22554,-18.287
32.6,-0.036641,-0.01351,-0.032921,-1.0114,0.027844,-0.0458,-0.0054823,-0.053147,-13.691,-0.89447,-13.019,-0.81218,22.12,-1.0251,-19.628,-0.031441,-0.032726,-0.034125,-1.0044,0.024927,-0.035469,-0.0067306,0.67065,-11.728,-1.4351,-13.661,0.65554,23.296,-0.074487,-19.874
32.7,-0.032774,0.010029,-0.019547,-0.99389,0.012901,-0.036006,-0.0073908,-0.88031,-11.656,0.058977,-14.082,2.6686,23.077,0.94426,-20.482,-0.038734,-0.013397,-0.038202,-0.99799,0.019684,-0.04003,-0.013221,0.60803,-11.416,-1.1056,-14.238,1.5048,23.856,1.2841,-18.603
32.8,-0.037143,0.011581,-0.031061,-1.0044,0.015715,-0.03761,-0.0055727,1.4768,-13.355,0.21751,-14.991,1.4647,23.836,0.5695,-19.111,-0.017036,0.0047026,-0.039713,-0.99909,0.018149,-0.034661,-0.011368,-0.72739,-11.18,-1.3076,-15.968,-1.1642,25.923,0.896,-18.119
32.9,-0.043199,-0.0045313,-0.015191,-1.0077,0.017527,-0.040815,-0.0085886,2.4269,-11.659,-1.0135,-15.519,1.9413,23.568,0.99508,-19.631,-0.037473,0.019927,-0.041526,-0.9885,0.017714,-0.036203,-0.017662,1.7743,-11.363,-1.1852,-15.144,1.7393,24.088,1.4309,-17.273
33,-0.045698,0.0012961,-0.026589,-1.0117,0.010161,-0.040236,-0.014378,0.66189,-12.746,-3.056,-16.217,1.7573,24.767,1.4306,-18.925,-0.050864,0.015498,-0.039172,-1.0095,0.025573,-0.033418,-0.018601,-1.7821,-11.69,-2.374,-17.064,0.32616,24.774,-0.89044,-20.292
33.1,-0.061638,0.019972,-0.022301,-1.0072,0.014772,-0.030572,-0.023491,0.42484,-12.066,-2.1298,-17.188,1.2157,23.837,0.018926,-19.549,-0.039825,0.0058087,-0.051145,-1.0021,0.018714,-0.029454,-0.019331,1.8344,-12.021,1.0114,-17.654,-1.2658,23.901,1.671,-19.659
33.2,-0.059293,0.011809,-0.041691,-0.99854,0.0117,-0.033204,-0.020445,2.1144,-11.24,0.19694,-16.356,-0.30284,23.65,1.3705,-19.034,-0.034074,-0.015927,-0.013692,-0.99568,0.014617,-0.024608,-0.01586,0.91148,-11.855,-1.7187,-15.978,0.81363,24.207,-0.50301,-19.65
33.3,-0.046024,0.01499,-0.025566,-0.99008,0.0086175,-0.036465,-0.014754,0.0021083,-10.529,0.085909,-17.452,1.169,25.228,0.42237,-20.238,-0.058134,0.030685,-0.021176,-1.0201,0.013908,-0.032126,-0.017611,2.0247,-10.21,-1.7551,-17.457,-0.34451,25.633,0.85954,-20.261
33.4,-0.043113,0.0062114,-0.032907,-0.99993,0.01652,-0.03097,-0.014268,2.0913,-11.011,-2.7277,-16.692,0.79365,26.645,1.9568,-20.543,-0.046599,-0.0084563,-0.019129,-1.0032,0.0096715,-0.026388,-0.021378,2.2833,-10.792,-0.49872,-17.928,0.88175,27.15,0.40683,-19.312
33.5,-0.058283,-0.0025512,-0.033404,-0.998,0.0069824,-0.031302,-0.02385,-1.1261,-10.365,-0.06507,-19.834,0.31764,25.25,-0.86257,-20.232,-0.03829,0.004616,-0.037757,-0.9923,0.017211,-0.025926,-0.017725,0.3155,-12.885,-1.3356,-17.827,2.9146,24.067,-0.11621,-20.329
33.6,-0.047206,-0.021867,-0.043138,-1.0008,0.0067952,-0.029205,-0.013211,2.2548,-7.983,-1.2297,-17.882,0.74632,25.77,-2.1487,-18.728,-0.047465,0.018165,-0.026494,-0.99738,0.011739,-0.033019,-0.0065776,0.6238,-7.7196,-0.94015,-16.386,1.4919,24.634,0.93751,-21.935
33.7,-0.062917,0.0087212,-0.033832,-0.99171,0.0084568,-0.030588,-0.020677,0.86804,-10.547,-0.4867,-17.546,0.58838,27.118,-1.2944,-20.654,-0.057617,0.0025224,-0.015602,-0.98337,0.010571,-0.034644,-0.020585,1.9707,-8.4791,-1.5051,-17.079,0.74245,25.672,-2.5595,-19.013
33.8,-0.033941,0.0049323,-0.02654,-1.0037,0.0061019,-0.023252,-0.021433,0.82708,-10.179,-1.2903,-17.507,0.31569,25.459,1.166,-19.445,-0.050172,0.0055908,-0.041523,-1.0059,0.01228,-0.024812,-0.022928,0.56961,-10.148,-0.92807,-21.701,3.0172,25.38,-0.88634,-19.164
33.9,-0.059017,0.028352,-0.043574,-1.004,0.010801,-0.026003,-0.016231,0.26383,-10.006,-0.79601,-17.73,-0.27416,27.469,0.02895,-20.005,-0.034164,0.014067,-0.029369,-0.99417,0.00062795,-0.031392,-0.017814,-0.54533,-7.7258,-0.80072,-17.915,0.49563,27.983,0.25402,-19.776
34,-0.048751,0.017569,-0.022462,-1.0038,0.0063286,-0.027885,-0.018703,2.6105,-7.8725,-1.0498,-18.591,1.5236,26.667,0.032524,-21.51,-0.032418,0.019152,-0.041001,-0.98107,-0.0014058,-0.024962,-0.02453,1.3325,-8.1876,0.88423,-19.519,-0.0074115,24.283,1.1053,-19.672
34.1,-0.039109,0.022322,-0.031781,-1.0143,-0.0013222,-0.021668,-0.023351,0.36197,-8.0269,0.53952,-19.39,1.2436,26.713,-1.7613,-21.261,-0.065311,0.0032205,-0.030015,-1.0257,0.006957,-0.029713,-0.015808,-1.4734,-7.6754,-0.53116,-20.711,0.84155,27.648,-1.0175,-20.014
34.2,-0.034895,0.0017977,-0.039554,-0.9848,0.013737,-0.015207,-0.017037,0.3701,-6.5113,-0.73029,-22.181,1.0816,27.094,-1.4655,-19.019,-0.046234,0.0078553,-0.017703,-0.99654,0.0010718,-0.027195,-0.020752,1.8356,-10.04,-2.8316,-20.936,-0.96449,26.474,1.0569,-20.261
34.3,-0.045309,0.012508,-0.021179,-1.0013,-0.005471,-0.025094,-0.011379,0.90366,-7.1764,-0.8703,-20.928,0.28546,26.027,-1.9727,-18.397,-0.035249,0.0060967,-0.025,-1.0139,0.0030089,-0.02007,-0.023167,2.703,-9.396,-1.0915,-19.322,-1.2554,25.292,0.32345,-21.375
34.4,-0.049991,0.016691,-0.023284,-0.98445,-0.0033236,-0.017496,-0.024203,2.0686,-6.0086,-0.13497,-20.157,-0.56556,24.793,0.26466,-17.431,-0.052088,-0.0074474,-0.01358,-1.0105,0.0023359,-0.026011,-0.023255,0.21047,-7.2242,-1.4708,-19.898,-0.23775,26.564,-2.2404,-19.505
34.5,-0.064162,0.019474,-0.011251,-0.99784,0.0024445,-0.018034,-0.008211,1.328,-6.8027,-1.4725,-22.201,-0.64791,27.58,-0.25463,-22.048,-0.046402,0.017764,-0.028451,-0.99387,-0.0014869,-0.017173,-0.0096686,-0.094646,-7.8889,-0.75936,-21.321,1.4234,27.438,-0.72761,-20.431
34.6,-0.053013,0.028673,-0.012906,-1.0042,-0.011868,-0.027088,-0.028353,0.99069,-8.101,-1.0988,-22.125,0.17645,25.474,-0.78652,-18.637,-0.046965,0.029212,-0.025492,-1.0056,-0.00077786,-0.020778,-0.014974,-1.429,-5.9878,-2.2605,-21.443,-0.6385,26.142,-0.41238,-19.13
34.7,-0.044071,0.0076619,-0.024836,-1.0075,-0.0036771,-0.01368,-0.0094633,2.3443,-7.6603,0.045086,-23.08,-0.72249,24.914,0.9296,-19.772,-0.048211,0.016976,-0.0090754,-0.99178,0.0016746,-0.016443,-0.011478,-0.5567,-5.0343,-0.24871,-23.423,0.23053,24.064,2.6988,-21.035
34.8,-0.041873,0.037674,-0.029625,-0.98486,0.0028937,-0.012403,-0.016498,1.6185,-7.9233,-1.5645,-22.396,-0.71499,26.567,-0.039106,-20.469,-0.053493,0.017892,-0.02732,-1.01,-0.0007742,-0.014577,-0.014263,-0.46137,-5.5684,-1.1529,-23.871,-0.19233,25.655,-1.3508,-20.268
34.9,-0.049736,0.0013982,-0.013665,-1.0029,-0.0042917,-0.02027,-0.021728,-0.084784,-6.3496,-1.8921,-23.173,1.2791,25.965,-1.0172,-19.806,-0.036225,0.028935,-0.021259,-0.9731,-0.012921,-0.011643,-0.011532,0.63678,-6.156,-1.3131,-23.241,-0.68638,25.212,-1.2276,-21.924
35,-0.049326,0.023766,-0.021198,-0.99997,-0.0064281,-0.016868,-0.011559,1.7645,-6.8051,-0.55252,-23.108,-1.2615,26.849,-0.025255,-20.45,-0.044607,0.035867,-0.020739,-1.0156,-0.00022039,-0.017098,-0.016395,-0.48574,-4.2192,-1.8311,-23.809,0.16639,25.919,1.263,-18.562
35.1,-0.055815,0.014539,-0.0037878,-1.0062,-0.0073323,-0.010962,-0.018314,1.669,-4.9055,-0.92307,-24.51,0.97455,24.403,-1.8112,-19.887,-0.051719,0.017942,-0.0032581,-0.9997,-0.012651,-0.020643,-0.015762,0.88726,-5.3381,-2.8885,-23.085,0.5431,24.754,-0.46577,-20.831
35.2,-0.056619,0.016045,-0.021646,-1.0128,-0.01189,-0.006099,-0.016195,-1.0412,-6.9287,-0.20887,-25.414,-1.5379,25.805,0.096651,-19.945,-0.04781,0.022913,-0.016721,-1.0184,-0.0088299,-0.010862,-0.014038,1.5714,-4.1475,-0.4194,-23.795,0.058474,25.274,0.63962,-20.467
35.3,-0.058602,0.012525,-0.0092946,-0.98965,-0.011849,-0.0027617,-0.0083554,1.8511,-3.0705,-1.999,-23.822,-1.728,25.576,-2.1614,-21.718,-0.054576,0.018006,-0.025273,-1.0011,-0.017944,-0.0095479,-0.0058079,0.15382,-3.7632,-0.02064,-24.669,-1.1493,23.87,-0.53803,-21.426
35.4,-0.035092,0.024048,-0.01717,-0.98025,-0.0093843,-0.015741,-0.015598,0.50414,-4.0967,-0.92482,-25.788,-0.6184,26.678,0.56738,-20.563,-0.04465,0.032513,-0.02314,-0.9907,-0.0071169,-0.016505,-0.018223,2.4146,-4.2732,0.34651,-25.442,0.29971,23.32,0.15846,-20.581
35.5,-0.057445,0.036315,-0.0067958,-0.99714,-0.013512,-0.0126,-0.011735,2.2032,-2.8152,-1.8385,-25.523,0.018306,26.687,-0.9411,-19.957,-0.035559,0.034299,-0.0090116,-1.0065,-0.016249,-0.0059312,-0.021869,3.5311,-3.7629,-2.2293,-24.394,-0.31475,24.557,2.3454,-19.551
35.6,-0.048188,0.018551,0.0061566,-0.98544,-0.018805,-0.016093,-0.0017957,0.079244,-2.0611,-1.7274,-25.622,-3.1068,26.99,1.4638,-21.015,-0.046589,0.027217,-0.012246,-0.98271,-0.012342,-0.013227,-0.0129,1.9788,-4.2929,-1.7802,-26.193,-0.47882,25.582,-1.9514,-20.772
35.7,-0.046358,0.025466,-0.0029545,-0.99638,-0.022364,-0.016597,-0.019302,0.69433,-3.4361,-1.3127,-26.059,0.19208,24.228,-1.6674,-20.529,-0.04668,0.01164,-0.0062186,-0.98007,-0.02347,-0.0014799,-0.010974,1.0513,-3.0702,-0.55746,-27.103,-0.048929,24.466,0.45306,-19.712
35.8,-0.04437,0.020473,-0.00043701,-0.98846,-0.012882,-0.0099363,-0.01245,1.4515,-1.7269,-1.0765,-26.138,-0.47397,25.052,0.012928,-21.937,-0.041274,0.042308,-0.015668,-1.0029,-0.0089092,-0.010831,-0.0078685,1.8916,-2.0699,-0.5778,-25.787,-0.33803,24.466,-2.455,-22.125
35.9,-0.043749,0.042631,-0.015592,-0.99316,-0.0095603,-0.0027134,-0.011877,1.7571,-3.6687,-2.4927,-25.84,-1.31,24.909,-0.25236,-21.111,-0.036872,0.031069,0.0088646,-0.98924,-0.018788,-0.01452,-0.010206,-0.18874,-1.8176,-1.851,-27.894,0.9283,25.647,0.076,-20.667
36,-0.049907,0.034237,-0.020475,-1.005,-0.015473,0.004614,-0.0097973,1.6155,-1.3872,0.43684,-28.538,-1.4918,23.695,0.050122,-22.417,-0.034811,0.014311,0.0053563,-1.0017,-0.0065047,-0.0072454,-0.0068286,0.39642,-2.6268,-2.0873,-25.254,-0.53963,23.027,1.4991,-20.673
36.1,-0.051627,0.032072,-0.017827,-1.008,-0.013056,-0.0045822,-0.004014,2.3147,-3.0362,-0.38021,-28.72,0.033964,23.661,-0.74568,-20.565,-0.023769,0.025338,0.012995,-0.98235,-0.022331,0.0016702,-0.011782,2.4665,-0.27968,-1.4073,-28.27,-1.9708,23.663,-0.59706,-21.404
36.2,-0.040244,0.014984,-0.019539,-1.0105,-0.03293,-0.0033685,-0.017396,0.85011,-1.7554,-2.8515,-28.362,0.84686,23.14,-0.15719,-20.597,-0.03754,0.030412,-0.001579,-1.0057,-0.01779,0.0020051,-0.0087902,1.9346,-0.41883,-0.33148,-29.338,-1.1972,24.201,0.61033,-21.469
36.3,-0.027233,0.04963,-0.01716,-0.99985,-0.015387,0.00045294,-0.013199,1.634,-2.736,-1.707,-30.481,-0.5102,22.243,1.0548,-22.752,-0.036893,0.042359,-0.01886,-0.99494,-0.01567,-0.0025942,-0.005946,-0.17985,-2.1158,-1.3691,-29.385,-0.9142,22.972,0.54848,-22.764
36.4,-0.046008,0.023659,-0.022287,-0.99975,-0.014698,-0.0019222,-0.0047718,1.477,-1.7558,-1.3529,-29.443,-0.21225,20.954,-0.11087,-20.705,-0.032489,0.015122,-0.0075832,-0.99587,-0.030966,-0.0084745,-0.015991,0.66873,-1.4049,-0.96677,-26.76,-1.6438,22.522,0.6956,-20.204
36.5,-0.037332,0.033838,-0.010718,-0.99593,-0.01746,-0.0042682,-0.0075235,2.3939,0.32382,-1.7791,-30.801,-0.84059,22.194,-0.96364,-22.287,-0.02813,0.032827,-0.0099511,-1.0199,-0.0087447,-0.0059577,-0.0040965,0.86319,-0.6728,-0.80482,-31.287,-1.9832,24.164,0.077129,-19.883
36.6,-0.044768,0.041859,-0.0068717,-1.0032,-0.01565,0.0070052,-0.0094625,1.1386,-0.15321,-1.0926,-30.889,0.13055,22.45,0.57774,-20.003,-0.053264,0.029254,-0.0012658,-0.99931,-0.019114,-0.00029161,-0.012801,-0.77035,1.5754,-0.53191,-30.424,-0.20868,22.415,-0.45032,-18.931
36.7,-0.032008,0.023867,-0.0022315,-1.0012,-0.026135,0.0076929,-0.014036,0.85347,-1.714,-2.3983,-30.514,0.12416,23.053,2.4872,-19.984,-0.037954,0.033583,-0.026828,-0.99255,-0.023773,-0.005889,-0.004189,1.5413,0.44057,0.28404,-28.617,-1.2081,23.5,-0.026249,-20.627
36.8,-0.0514,0.02027,0.016213,-0.99495,-0.028864,-0.0019434,-0.0081094,0.61909,-0.34193,-1.9442,-31.025,1.0785,21.076,1.6177,-20.823,-0.043948,0.011376,0.00074177,-0.99764,-0.024911,0.0065317,-0.014151,1.3117,-0.87096,-1.9954,-31.971,-0.44902,22.515,-0.097364,-22.13
36.9,-0.029603,0.019752,0.0062351,-0.98947,-0.027714,0.0045801,-0.0046792,1.1288,2.8164,-0.62889,-29.279,-0.46393,22.826,-0.8727,-19.499,-0.039179,0.041783,0.0014972,-0.99735,-0.022743,0.0067155,-0.0040397,1.5956,0.48384,-0.55264,-31.212,-1.8922,22.286,0.81872,-20.694
37,-0.030454,0.033111,-0.0027127,-1.0125,-0.024645,0.015314,-0.0049932,0.28721,1.8416,-0.65539,-31.824,1.874,21.396,0.53177,-17.935,-0.015901,0.017803,0.00011675,-0.98779,-0.031037,0.0056826,-0.0035599,1.6566,1.5692,-1.8916,-32.479,-1.8215,19.752,0.24402,-17.813
37.1,-0.031435,0.045159,0.011739,-0.99716,-0.03501,0.015454,-0.0039986,-0.95797,0.84133,-1.8522,-31.591,0.012464,21.283,-0.28256,-20.137,-0.052191,0.028872,0.00056748,-1.0072,-0.021528,0.011131,-0.0052748,1.433,1.5948,-2.9392,-30.329,-1.6265,20.48,1.0569,-19.274
37.2,-0.036702,0.01757,-0.01273,-0.98672,-0.027273,0.0133,-0.013257,1.6394,-0.33178,-1.0122,-31.798,-0.45233,21.977,-0.50111,-20.579,-0.027684,0.02033,-0.0087475,-1.0057,-0.030602,0.018339,-0.0077833,-0.46714,2.2957,0.86103,-31.508,-1.4634,21.91,0.093224,-19.488
37.3,-0.025106,0.029294,0.018521,-0.9805,-0.024061,0.0045658,0.0023369,-1.087,1.2287,-1.0879,-32.342,-2.8201,19.985,0.2837,-17.659,-0.03074,0.027321,-0.022414,-0.99776,-0.019666,0.014625,-0.018835,-0.70018,2.256,-0.49534,-31.141,-1.1848,19.031,0.47297,-16.886
37.4,-0.0082791,0.02017,-0.025448,-0.98947,-0.032716,0.0073999,0.0014121,-1.366,1.1154,-2.1203,-33.171,-0.56644,19.176,1.019,-20.231,-0.024515,0.018105,-0.0070858,-0.99929,-0.038011,0.010448,-0.01291,0.5835,1.6796,-0.14281,-32.198,-0.92937,20.385,1.6236,-17.822
37.5,-0.025912,0.026968,-0.0016919,-1.0025,-0.021464,0.0089589,-0.0032054,0.60353,0.29547,-1.6101,-31.524,-1.6426,22.353,0.77508,-17.353,-0.034786,0.046415,0.0053473,-1.0032,-0.024017,0.01643,-0.00098135,1.0568,2.4999,-1.103,-32.838,-2.7431,20.138,3.4067,-17.373
37.6,-0.025883,0.022333,-0.011466,-1.0021,-0.021513,0.02001,-0.0032915,0.34097,1.819,0.33539,-31.654,-3.2683,20.027,0.20046,-16.252,-0.02987,-0.0056824,-0.009226,-1.0047,-0.025419,0.016716,-0.004019,0.5942,-0.14868,-2.8215,-33.749,-1.6308,17.139,1.707,-17.88
37.7,-0.014403,0.013255,0.0070372,-0.98772,-0.02336,0.01181,-0.0052262,-2.0442,0.24604,-0.45599,-33.436,-0.70114,19.548,-0.1948,-17.532,-0.033795,0.033042,-0.0024823,-0.99667,-0.030527,0.022211,0.0060588,-1.8418,2.5731,-1.6549,-34.94,-1.5748,16.688,3.4975,-18.552
37.8,-0.014542,0.010985,0.014303,-1.009,-0.017383,0.016742,-0.0024387,-0.33254,1.3008,-1.8755,-32.425,-3.6202,17.19,1.4782,-17.335,-0.0028139,0.029795,-0.0084647,-1.0037,-0.011607,0.015137,-0.0059876,0.22912,0.0079055,-1.1028,-33.938,-1.8987,19.353,2.7896,-18.701
37.9,-0.021338,0.026117,0.0026709,-1.0017,-0.02429,0.021809,-0.0068458,0.23328,-0.65246,0.0039794,-34.803,-2.6774,18.761,1.1448,-16.748,-0.027715,0.012161,-0.0024425,-0.98499,-0.020592,0.022389,-0.0023695,-1.1638,-0.84469,-0.49796,-34.3,-1.4377,18.78,0.87633,-17.128
38,-0.014289,0.007941,-0.0052937,-0.99525,-0.01019,0.011595,0.0029143,-0.30502,0.26168,-1.1984,-33.858,-1.2629,16.804,-1.8873,-17.079,0.00033538,0.022579,0.0037963,-1.0026,-0.020311,0.012643,-0.0022103,-0.659,0.953,-2.5756,-34.849,-1.2335,17.043,0.1705,-18.449
38.1,-0.0072078,0.01631,0.0097764,-0.98992,-0.013694,0.020373,-0.0018453,-0.55355,-1.0775,0.33929,-35.688,1.6947,17.764,-0.94249,-15.825,-0.016908,0.037386,-0.0089505,-1.0069,-0.019565,0.028923,-0.004895,0.94311,1.2012,0.59278,-35.206,-0.02546,17.229,-0.98072,-17.883
38.2,-0.020526,0.0086995,0.0095218,-0.99243,-0.019863,0.01722,-0.0036824,-1.6922,0.39133,0.52518,-33.646,-0.75693,17.181,-0.64456,-17.128,0.0047229,0.012224,-0.00482,-0.99818,-0.021572,0.016828,0.0033621,-0.2949,-0.64426,0.60335,-34.441,0.60735,17.746,0.11466,-17.791
38.3,-0.0265,0.026498,0.0072894,-0.97808,-0.023562,0.022606,-0.0050397,-1.8625,-0.94169,0.44551,-34.099,1.7226,16.964,-0.80236,-16.898,-0.0081802,0.018713,-0.0031215,-1.0065,-0.020466,0.017085,0.0011632,0.2914,-2.0015,0.25413,-35.358,1.0049,16.391,0.21861,-15.625
38.4,-0.020428,0.00666,0.016232,-1.0031,-0.012854,0.020635,-0.0026402,-1.6268,-1.6928,0.97978,-35.862,-1.545,18.009,-0.9311,-18.581,-0.021246,0.011551,5.7663e-05,-1.0041,-0.022448,0.025993,-0.00065627,0.33302,0.21062,0.034291,-34.143,1.6859,17.531,-2.6811,-17.017
38.5,-0.018269,-0.0063874,0.02018,-1.0009,-0.014086,0.021667,-0.0012813,-2.1274,-0.31541,2.3451,-35.717,1.5049,17.878,-0.61222,-17.607,-0.031284,0.021487,-0.015682,-0.99551,-0.023868,0.017204,0.013187,-0.78493,-0.39397,-0.17998,-32.901,-0.089094,17.003,-2.4722,-18.255
38.6,-0.011856,0.02068,-0.0019862,-1.0061,-0.01773,0.019161,-0.0037697,-2.1992,-0.62916,1.7057,-32.415,0.74791,17.51,-0.99873,-16.767,-0.027631,0.022284,0.00048285,-0.98809,-0.019222,0.01537,0.0087603,0.31037,-1.0989,-1.0977,-34.912,0.28999,17.799,-2.1005,-15.623
38.7,-0.012727,0.0081886,-0.0058208,-0.99872,-0.011482,0.019997,-0.0024838,-1.8406,-1.9469,-0.20942,-34.03,-0.41038,17.781,-2.2172,-18.638,-0.0055242,0.0054654,0.0035467,-1.0047,-0.013653,0.016941,0.006387,-0.78712,-0.081616,0.5157,-33.798,0.070535,17.734,-0.090843,-17.691
38.8,-0.022279,0.0053692,0.016597,-1.001,-0.016471,0.0059881,-0.0056544,-0.5865,-3.2842,0.1294,-33.334,0.85847,17.844,0.45954,-18.071,-0.0090824,0.016328,-0.017766,-0.99653,-0.016899,0.022216,-0.0084641,-1.5536,-0.96567,-0.20561,-34.652,-0.5867,18.552,-1.4107,-16.497
38.9,-0.0010286,-0.0055702,0.0056107,-1.0002,-0.016613,0.017874,-0.010515,-2.7536,-3.3239,0.79461,-32.696,0.79942,18.001,2.2505,-16.562,-0.017627,0.010589,-0.0014202,-1.0023,-0.015447,0.014697,-0.0015383,-1.5648,-1.4047,1.6662,-33.019,0.081772,18.977,0.66091,-19.431
39,-0.0096707,0.0020311,-0.010609,-1.0008,-0.022457,0.013438,0.001354,-0.98245,-4.3265,-0.25712,-31.246,-0.78158,17.629,0.64558,-17.745,0.0061352,0.0095775,-0.0032797,-1.0137,-0.0058532,0.01317,0.0031724,-0.46951,-2.2423,0.89963,-33.25,0.43453,18.404,0.72448,-16.689
39.1,-0.013626,0.01607,0.0057483,-1.0131,-0.011784,0.019121,-0.0025872,-0.69475,-1.3309,-0.60957,-33.855,-0.50378,18.793,-0.90564,-17.898,-0.010368,-0.00044799,-0.00084376,-1.0037,-0.018501,0.010927,-0.010704,-1.4153,-4.0486,0.99188,-31.792,-2.1903,17.62,0.90732,-18.56
39.2,-0.0055464,0.01726,-0.0012169,-1.01,-0.011267,0.0094521,-0.0035924,0.9702,-3.6979,-0.37236,-32.397,-0.11056,17.114,-0.55644,-17.898,-0.014595,0.0021607,-0.0026659,-0.99616,-0.0059492,0.014854,-0.010953,-1.9697,-3.1823,0.3536,-33.366,1.4472,18.925,-1.0218,-18.53
39.3,-0.0052976,0.0093923,0.0024936,-1.0043,-0.023503,0.021666,0.0051061,-0.26571,-4.3502,-0.96013,-33.308,-3.5091,20.657,1.5624,-18.139,-0.0092809,0.0038232,0.0082887,-0.99497,-0.0082624,0.012888,0.0058206,-1.2204,-1.6953,-0.84934,-32.783,-0.49665,16.824,0.68902,-17.448
39.4,-0.020809,0.015488,0.0038027,-0.98833,-0.0098536,-0.00090268,-0.0020282,1.4766,-2.4718,1.9519,-31.05,-0.64589,16.614,-0.84564,-17.788,-0.0087213,-0.0048871,-0.0056511,-0.99543,-0.016211,0.0098073,0.0064101,1.2264,-3.4025,-0.022296,-34.16,1.0739,18.325,0.76741,-17.808
39.5,-0.030072,0.011712,-0.012684,-1.0045,-0.014657,0.0063841,0.0040346,-0.066243,-4.6678,0.50194,-35.039,-0.024013,17.823,-0.36423,-18.843,-0.001806,0.010455,-0.0020985,-0.98561,-0.0080295,0.010211,0.00434,-1.1181,-1.952,1.8494,-34.626,-1.1483,18.959,-1.0487,-17.793
39.6,0.009074,0.011284,-0.019948,-0.98734,-0.013111,0.0051093,-0.0051149,-0.82628,-1.7735,1.4054,-32.047,-0.98907,19.096,-0.46547,-19.922,-0.0139,0.016843,0.0084381,-0.98827,-0.013744,0.0065201,-0.00065892,0.32584,-2.6862,1.1016,-30.996,0.81297,18.009,0.54506,-17.199
39.7,-0.01627,0.029552,-0.0023758,-0.99365,-0.010007,0.0034481,0.0052295,0.79658,-3.6353,1.5705,-31.385,1.3523,16.291,-0.54737,-17.594,-0.0051267,0.00092099,0.0044605,-1.0105,-0.0050583,0.0040444,0.0056233,-0.92965,-2.4031,1.5881,-33.382,2.1068,18.422,0.44189,-16.962
39.8,0.0031196,0.00168,-0.014243,-1.0106,-0.011948,0.0044858,-0.0043258,-0.66983,-4.2928,-0.84772,-33.329,0.26348,17.383,0.17613,-17.806,-0.016856,0.015598,0.00047387,-1.0107,-0.0035744,0.0028847,-0.00044576,-1.0055,-2.0444,1.9862,-32.167,-1.1007,17.864,1.0191,-17.73
39.9,0.0004096,-0.0030662,-0.0024774,-0.98175,-0.017565,0.010752,-0.010296,-0.69276,-3.5782,1.9468,-30.381,-0.47297,17.934,-0.30632,-18.353,-0.017026,0.020218,-0.0054158,-1.0021,-0.008168,0.00152,0.00017588,0.10226,-3.4128,1.6368,-30.912,1.8311,18.543,0.80763,-16.322
40,-0.0062321,0.025524,-0.017463,-0.98493,-0.008803,0.0061346,-0.0021805,-0.03582,-2.8254,0.74814,-32.576,-0.49993,18.613,-0.65656,-20.124,-0.0066557,0.0061174,-0.0016082,-1.0006,-0.016794,0.0034921,-0.0031457,0.30781,-3.6793,-0.63764,-32.564,-0.18686,19.05,1.051,-17.885
40.1,-0.015786,0.0052097,0.0089137,-0.97741,-0.00016807,0.0073213,-0.00096409,-1.5191,-3.4677,-1.6452,-30.414,2.6095,19.127,0.58636,-16.424,0.00076011,0.01552,0.0050179,-0.99966,-0.010094,0.0083925,0.0021951,0.345,-4.8916,-0.13878,-29.774,0.12696,17.947,-0.83365,-17.479
40.2,-0.032875,-0.0057402,-0.00064732,-0.99686,0.0021904,0.010318,0.0038775,-1.4339,-2.6225,-2.104,-30.347,0.50783,18.73,-0.13638,-17.917,-0.017197,0.018828,0.010107,-0.9939,-0.0029717,0.0042673,-0.0047863,-0.31112,-6.1611,-0.01748,-32.675,0.56204,18.218,0.57846,-16.541
40.3,0.0078841,0.0022203,-0.011878,-1.0017,-0.0071989,0.0061146,-0.0064382,-2.1746,-4.3516,0.23135,-32.05,1.3689,19.546,-3.3696,-17.559,-0.0030469,0.0044834,-0.00149,-0.99043,0.0008217,0.0019148,0.00489,-0.27925,-3.4809,0.46798,-32.52,0.020472,18.023,-0.2429,-19.575
40.4,-0.0090898,-0.019938,0.012257,-1.0039,-0.0043444,0.0036662,-4.2795e-05,-0.34721,-3.1322,0.017112,-31.745,0.53008,18.777,-3.8564,-16.232,-0.0047722,0.016047,0.0028231,-0.99696,-0.0069646,0.0048505,0.0045636,-0.24558,-4.2752,-1.5832,-30.666,-0.18331,18.545,1.1722,-18.289
40.5,0.0053571,0.00049327,0.00052502,-0.99322,-0.0079526,0.0034734,-0.006261,0.91479,-3.5107,0.47427,-32.306,-0.24746,17.191,-0.66081,-18.923,-0.0085835,0.0083177,0.015288,-1.0117,-0.010828,0.0072438,0.0079971,1.5438,-2.9981,1.8295,-30.859,-0.6832,18.873,-1.1103,-18.264
40.6,0.012204,0.015087,-0.015101,-1.0113,-0.0075584,0.0086151,0.0021666,0.71535,-3.3417,0.063133,-31.01,-0.79497,17.73,0.47142,-19.573,-0.0016784,0.0072508,-0.0067305,-1.012,-0.0090746,0.0013787,0.0021995,-0.33102,-4.5711,0.9038,-30.346,0.81038,17.426,-0.98168,-19.555
40.7,0.0074632,0.010618,-0.029746,-0.99488,-0.006672,-0.0046622,-0.011207,-0.52722,-4.9876,1.0886,-30.592,-1.3973,18.259,-0.012932,-19.354,0.0025763,0.014659,-0.0027734,-0.98219,-0.0044747,0.004342,0.0046282,-0.94479,-5.2643,0.93154,-30.505,0.86839,19.668,-0.26833,-17.196
40.8,0.0049513,-0.002886,-0.00096359,-1.0125,-0.0030063,0.003843,-0.0046591,-2.5544,-4.1507,-1.0842,-31.75,0.82319,17.144,0.77795,-18.126,0.006201,-0.010279,-0.0030579,-1.0053,-0.0028366,0.011728,0.0096618,-1.9205,-4.3552,0.4933,-30.715,-0.47937,18.444,1.6042,-17.982
40.9,4.4694e-05,0.0050825,-0.013365,-1.0089,-0.002471,0.0051485,0.00077306,0.93515,-3.5918,1.948,-31.087,-0.6895,18.573,0.45198,-20.083,0.0010683,-0.0090885,-0.010215,-0.99055,-0.0018057,0.011204,0.00046117,0.48404,-4.9313,1.1347,-31.584,-0.52646,19.888,-0.93777,-18.531
41,0.0086421,0.0030721,0.011713,-1.0013,-0.0037715,0.0057777,-0.0018028,-0.062409,-2.2016,-0.61608,-29.663,-0.67974,17.505,-0.50901,-18.083,-0.015819,0.013921,-0.00078676,-0.99779,-0.00966,0.0006384,-0.0031312,0.049656,-4.2703,0.13968,-30.358,-0.36361,17.777,0.18222,-18.718
41.1,-0.019209,-0.0030361,0.0057888,-0.99204,0.0022834,-0.0032856,-0.0062362,-2.1855,-5.3383,1.2713,-30.236,-0.74779,18.848,0.62508,-18.31,-0.0029219,-0.00087977,-0.0058154,-1.0119,-0.0084672,0.0057455,-0.0038215,0.16568,-3.7671,0.98001,-29.341,-1.1042,17.178,0.88691,-18.21
41.2,-0.0084781,0.017536,0.023031,-1.0217,-0.0080263,0.0019648,-0.0017063,-1.6049,-5.1552,-1.4913,-30.065,1.6025,19.354,0.72293,-17.88,-0.0078365,0.0088425,-0.0053603,-1.0004,-0.0064131,0.0035957,-0.0072597,1.0006,-4.5568,-0.87915,-30.848,-0.086929,19.333,0.75934,-18.314
41.3,-0.0019173,0.0024647,-0.011125,-0.98359,-0.0014195,0.0099746,0.00081864,0.87596,-3.7656,-0.25056,-31.554,-0.285,18.995,0.16425,-17.73,0.0049818,0.0034322,0.002408,-0.98743,-0.00044304,0.0071664,-0.00023334,1.1104,-2.6978,0.089876,-30.138,0.88533,18.612,2.6493,-18.192
41.4,0.010297,-0.015762,-0.0036368,-1.0096,-0.00032107,0.0083131,-0.0051366,0.70497,-5.4862,0.17867,-31.537,-1.1836,19.61,0.22402,-18.946,-0.0065997,0.024316,0.010342,-1.0209,0.0057903,0.011484,-0.0039358,0.33166,-4.2702,0.31553,-32.669,0.27222,18.101,1.3478,-16.852
41.5,-0.0052565,0.019212,-0.0013574,-0.99652,-0.0069109,0.012728,0.0013719,2.2513,-6.0949,-0.34279,-31.666,0.1671,16.014,-1.9549,-17.429,0.00039635,-0.0086495,-0.01938,-0.99655,0.0019505,0.011367,-0.0028816,-0.24598,-2.3641,0.20599,-32.018,-0.8892,19.511,-1.3522,-17.46
41.6,0.0055799,0.00066276,0.00099098,-1.0022,-0.0046851,0.0087032,0.0015807,0.1772,-5.5776,1.5484,-30.267,-0.73737,15.816,0.53401,-19.059,0.011239,0.018156,0.01346,-0.99225,-0.00094747,0.011961,-0.0025241,-0.29784,-3.7438,0.96494,-30.736,0.78452,16.664,0.12902,-19.205
41.7,0.0073625,0.0049069,0.0035441,-1.0011,-0.0031101,0.006011,-0.00059725,-1.2364,-5.2409,-1.9389,-32.018,0.037849,16.191,-0.39039,-19.721,0.016143,0.0053647,0.0051374,-1.0113,0.0013936,0.0050338,0.0045643,0.95351,-5.2794,-1.6508,-30.989,3.1442,17.976,2.2297,-17.995
41.8,0.013041,0.015139,0.0019297,-0.99116,0.0031354,-0.00072664,-0.0076141,-2.4438,-4.0308,-2.5711,-30.423,0.25325,18.807,0.75095,-17.013,0.018928,-0.013325,0.00099931,-1.0116,-0.0050167,0.014668,-0.006846,-1.5035,-5.0271,-2.2178,-31.038,2.1381,17.768,-0.043362,-16.586
41.9,0.0015236,-0.0090224,-0.018467,-0.99932,0.0026381,0.0034084,0.00239,-1.4494,-7.1844,-0.20523,-31.327,-0.45695,20.074,-0.64248,-15.515,-0.015476,-0.0053565,0.0082106,-1.0026,-0.008705,0.0023218,-0.0034353,0.21753,-4.9661,0.49629,-30.309,-0.71278,17.725,0.45163,-16.778
42,-0.0039682,0.0086396,0.005438,-0.99507,0.0026359,0.0037554,-0.0034935,0.32768,-4.7311,-0.043222,-30.191,-1.9215,18.967,-0.96953,-19.337,-0.0078138,0.0049108,0.00513,-0.98496,-0.0010431,-0.00016394,-0.0057995,-1.9816,-5.5565,-0.87608,-29.968,-3.7098,16.942,-1.3706,-18.446
42.1,-0.021776,0.009968,-0.0010072,-1.0007,0.0014031,0.0087178,-0.00029547,1.3557,-3.607,0.089387,-29.945,-0.20367,17.699,-0.074359,-16.815,-0.0047097,0.01962,0.023519,-1.0179,0.0050975,0.0046591,-0.0055787,0.20354,-5.6238,0.1212,-30.785,-0.93543,17.485,-1.0932,-17.862
42.2,0.0096291,-0.013086,-0.0020711,-1.0034,7.818e-06,0.011358,-0.0054796,-0.36462,-4.138,0.63118,-29.615,1.5139,15.972,1.655,-19.214,0.014126,0.016218,-0.0035928,-1.007,-0.0034194,-0.0010922,-0.00024589,-0.79924,-5.9254,-0.71951,-31.495,1.4891,16.842,0.64576,-17.723
42.3,-0.0011364,0.016823,-0.00713,-0.99123,4.8585e-05,0.0060073,0.00032223,-0.56128,-3.3232,-0.30052,-29.584,0.94722,16.409,3.0957,-17.12,-0.012654,0.00394,-0.0092373,-1.0077,0.0005158,0.0039119,-0.0044565,-0.58323,-5.185,-0.64808,-32.044,0.19318,19.756,1.2183,-16.826
42.4,-0.011009,0.011328,0.016063,-0.98697,-0.005214,-0.002536,0.0013538,1.9397,-5.5862,0.52199,-31.913,-0.93064,18.085,1.9614,-16.925,0.0084479,0.0078594,0.0050624,-0.99708,8.0352e-05,0.0027387,-0.0072046,0.075276,-3.9766,0.13653,-30.423,-0.069813,19.561,-0.28851,-18.508
42.5,0.0012896,0.005595,0.0013687,-0.98886,-0.0040095,-0.0020231,0.0059226,1.544,-4.84,-0.6215,-29.709,0.04191,17.106,1.0626,-18.281,0.0037854,0.0026851,-0.0012586,-0.99961,-0.0041975,0.010257,0.0039179,-0.99896,-4.7024,-1.1597,-27.645,-0.44858,17.951,-1.6531,-17.093
42.6,-0.011283,-0.0011882,-0.013503,-0.99425,-0.010696,0.00074325,0.0058218,0.67177,-5.9076,-0.1005,-30.394,0.18699,17.794,0.44299,-17.528,-0.0083331,0.0077539,-0.00053273,-0.99371,0.0029659,-0.010865,0.00086946,-0.88657,-5.4592,0.87731,-30.394,0.22369,19.161,0.5699,-18.35
42.7,-0.0011482,-0.0049625,0.0077334,-1.008,-0.0023042,-0.0041058,0.0024789,-1.0825,-4.1052,-1.028,-30.25,-0.56143,17.332,-0.068551,-16.856,-0.0041873,-0.0022871,0.0002011,-0.99938,0.0010219,-0.0017488,0.0059071,0.76775,-4.4367,-1.3974,-30.953,0.89924,17.959,0.1173,-19.133
42.8,-0.0036807,-0.0077584,-0.0053008,-0.99551,-0.0034152,0.0020375,-0.00084303,0.60281,-4.6228,0.59001,-30.248,0.27525,17.482,-0.96882,-17.693,0.014027,-0.00064221,0.01431,-1.016,-0.0036457,0.0062469,-0.0010222,-0.53538,-2.9677,-2.5241,-31.283,0.60428,18.513,2.7946,-17.689
42.9,0.0071728,0.0055667,0.0025108,-1.0043,-0.0041496,0.0034312,-0.0078315,0.72531,-5.3114,0.73119,-32.445,-0.75711,19.169,-1.3142,-18.224,-0.014617,0.021865,0.0045578,-0.99762,0.0070729,0.0021978,-0.0094426,-0.49084,-5.0569,0.35266,-30.491,0.99039,17.934,0.58409,-14.473
43,-0.0095033,0.0081807,-0.0046021,-0.99494,-0.0037796,0.0042462,0.0064948,-0.6781,-4.3928,1.6349,-31.199,-1.8567,17.375,-0.50585,-16.819,0.0059625,0.00053217,-0.0023882,-0.99416,-0.0030202,0.016624,-0.0060765,-0.56885,-4.5843,1.5378,-30.93,-1.4789,17.724,-0.78574,-15.852
43.1,-0.0026671,-9.2999e-05,0.008851,-0.99533,-0.0012404,0.0059238,-0.0032794,0.19729,-4.3829,2.0736,-30.649,0.49241,17.55,0.69159,-15.51,0.0035865,0.0099871,-0.0091262,-0.99792,-0.012732,0.0057197,0.0022666,-1.1362,-5.2441,-0.32345,-30.946,-0.75175,17.356,-0.2581,-17.448
43.2,0.018627,0.009993,-0.0031045,-0.99439,-0.0042429,0.005371,0.00082972,-1.0255,-4.3558,-0.98581,-29.655,1.554,19.219,0.83339,-16.217,0.013996,0.011627,-0.010976,-0.99315,0.0007059,0.0057971,0.0026231,0.39989,-3.9084,0.4204,-30.185,0.24252,15.993,1.1746,-17.81
43.3,-0.015236,0.0075881,0.022747,-0.99568,-6.2861e-05,-0.0048324,-0.0014121,-0.28935,-4.923,-1.836,-29.767,2.2925,17.362,-0.40898,-17.386,-0.0074797,0.0065072,0.0156,-0.99945,0.0074767,0.007033,-0.0016739,-2.2083,-4.2252,-1.3391,-30.51,-0.74438,16.898,1.6409,-17.005
43.4,-0.0036916,-0.0005231,0.014077,-1.0083,-0.0059668,-0.0047513,0.0041784,-0.008002,-3.4425,1.7306,-31.039,0.88104,17.67,0.40408,-16.213,-0.0047458,-0.0040966,0.0011009,-0.99699,-0.0018969,-0.0035542,-0.011273,-0.33698,-5.571,0.2297,-29.82,2.3921,18.161,0.18227,-16.731
43.5,-0.0015295,0.0097748,0.008935,-0.99494,0.0029746,-0.0054303,0.0038603,0.0020567,-4.5978,0.042685,-31.061,-1.0393,16.242,0.99674,-18.253,-0.022399,0.0066249,-0.012496,-1.0187,-0.0051005,-0.002197,-0.00345,-0.10103,-3.8658,0.96294,-28.682,0.015694,16.239,-2.914,-15.866
43.6,-0.00076836,0.003093,0.0059776,-1.0091,-0.0098568,-0.00017917,0.0062433,2.3307,-5.2536,0.47648,-30.064,0.98974,14.841,0.4041,-16.252,0.0011182,-0.0059984,-0.0048388,-1.0021,-0.0036042,-0.0068624,0.0057279,0.73661,-2.6303,0.16176,-29.959,1.2815,19.575,-0.19126,-19.886
43.7,-0.0083375,-0.011232,0.022769,-0.9982,0.0008634,-0.0069866,-0.0035726,-0.50345,-3.8441,0.62228,-31.491,1.533,17.918,-0.7461,-17.24,0.0044124,0.010077,0.011318,-0.9917,-0.0090909,0.0014485,-0.0056688,0.14575,-4.3695,-0.77756,-30.177,-1.1018,16.845,-0.53265,-17.449
43.8,0.0086142,0.010663,-0.013883,-0.99476,-0.0048458,-0.0020464,0.002046,-0.57843,-3.4083,-1.4065,-30.114,-0.94916,17.9,0.21203,-18.569,-0.019541,-0.015888,0.012809,-0.98859,-0.0046295,-0.0066306,0.0058982,-2.9624,-6.1976,0.2772,-31.775,1.6213,18.113,0.66631,-16.545
43.9,0.010044,0.016703,0.011036,-0.99061,0.0049703,0.0028128,-0.00367,-1.4053,-5.7593,1.2479,-31.087,1.675,16.744,0.9052,-15.764,-0.0093987,-0.010499,-0.0098405,-0.99622,-0.0068468,0.008562,-0.0044035,1.2836,-3.9455,-0.31191,-29.629,0.30529,19.046,0.64128,-16.541
44,0.011413,0.01994,0.0023892,-1.0016,-0.005503,0.013083,-2.6679e-06,0.96405,-4.314,0.41234,-31.927,0.027025,19.502,-0.99181,-15.968,-0.010373,-0.0085467,-0.00801,-0.97883,-0.006542,0.0019785,-0.0024401,-0.46818,-2.6245,-0.31825,-32.499,-1.1758,18.947,0.79183,-16.82
44.1,0.0062453,-0.0081218,-0.0080677,-0.99537,0.0052678,-0.010833,0.003784,0.88996,-4.478,1.4521,-31.949,-1.9754,17.279,-2.2858,-18.093,0.0057889,0.006941,-0.014268,-0.99956,9.4288e-05,-0.0045053,0.0012278,0.19838,-2.208,0.87897,-30.002,-3.1277,17.521,-1.0029,-16.169
44.2,5.3812e-05,-0.016088,0.014452,-0.99626,-8.342e-05,-0.0073198,-0.0063814,0.51589,-5.6297,2.4453,-30.625,1.2149,16.041,1.3758,-17.085,0.0020453,-0.0093361,0.013099,-1.001,-0.0021818,0.001805,-0.0035425,-0.6021,-4.6812,0.67946,-29.492,1.2377,18.481,0.29869,-17.304
44.3,-0.0099607,0.010461,0.01793,-1.0035,0.00044309,0.0026021,0.0061491,-0.050473,-5.8416,1.2722,-30.894,1.3627,18.429,-1.907,-17.461,0.019712,0.013417,0.0025901,-1.0161,0.004674,0.0055583,0.0025474,-2.1253,-4.5123,2.211,-29.994,-0.13398,17.821,1.1537,-15.565
44.4,-0.013523,-0.010822,0.0055285,-0.99042,-0.0065021,0.0086111,0.0010166,-2.5438,-3.2572,-0.57608,-30.563,0.54218,19.6,0.73083,-16.898,-0.0042992,0.011183,-0.016754,-1.0027,-0.00071123,0.0049304,-0.012245,-1.1143,-4.2587,-0.72977,-31.922,-0.81369,18.286,1.3026,-17.957
44.5,0.0068418,-0.0099616,0.0010236,-1.0035,0.0057484,0.0086958,0.013554,1.7515,-4.8959,1.3831,-30.585,-1.8561,15.051,1.5481,-16.47,-0.0025808,-0.0018389,0.013705,-1.0002,-0.0079516,-0.0025447,-0.003821,0.77583,-2.947,-0.33634,-31.663,0.99437,19.034,-1.5767,-16.686
44.6,0.005744,-0.00028881,-0.01277,-1.0096,0.0075043,0.0010385,-1.7206e-05,1.3229,-6.0455,0.58766,-29.136,-0.96705,16.228,-2.9922,-17.75,-0.012588,0.011111,-0.0030066,-1.0192,-0.00017784,0.0038528,-0.0020935,1.5791,-5.1682,0.53824,-31.437,0.11158,18.762,-1.0777,-17.444
44.7,-0.0012647,0.0090478,0.011783,-1.0103,0.0002871,-0.006964,-0.00075798,-0.11262,-4.1149,0.12344,-30.731,0.77335,16.764,0.28925,-16.27,0.010571,0.0076787,0.012799,-0.98575,-0.0070455,0.00533,-0.0012225,0.57716,-3.5956,0.029598,-30.236,0.16809,16.456,-0.032969,-16.765
44.8,-0.015344,0.0019275,0.013872,-1.0271,-0.0086321,-0.0028536,0.0055075,-0.89111,-4.517,0.52062,-29.496,-1.15,16.01,-1.4065,-15.616,0.012978,-0.00434,0.0014853,-0.99999,0.0055678,0.0099435,-0.0074018,-2.233,-3.7428,0.33766,-32.423,-0.35511,17.036,2.2836,-18.137
44.9,-0.012298,-0.0075232,0.027772,-1.002,0.0025361,-0.0027095,-0.007218,0.070026,-5.0867,-1.134,-30.772,0.95798,17.479,0.68428,-16.984,0.0014149,-0.0020584,0.018745,-0.99415,-0.00067339,-0.00059555,-0.00071014,-0.24344,-5.8641,1.0813,-30.401,-0.040838,17.441,1.9878,-17.02
45,0.01545,0.0095798,0.0048167,-1.0085,0.0058589,0.0073935,0.003531,1.3082,-4.9678,0.18197,-31.255,1.8457,18.151,1.421,-16.502,0.0096364,0.012046,0.00087473,-0.99943,0.0070022,0.017023,0.003474,1.6528,-3.9498,0.92969,-31.159,0.33357,16.126,-1.0314,-16.072
45.1,-0.014989,-0.011235,-0.0073163,-0.97893,-0.00088122,0.00026338,0.0034587,0.33153,-4.811,1.1284,-30.454,-0.78762,16.584,-2.2935,-18.275,-0.0017445,0.0025307,0.024175,-1.0023,-0.0089739,0.0058897,0.010257,0.08419,-4.4352,0.39454,-28.71,-0.98429,19.03,-0.11562,-18.1
45.2,-0.010975,-0.01131,-0.008751,-0.98684,-0.011161,0.0016943,0.0024971,-0.30516,-6.3024,0.7316,-31.012,-1.5562,18.361,0.1681,-17.14,-0.018083,0.01603,0.0011366,-1.0186,-0.00091442,-0.0032816,0.0009045,0.15121,-6.7043,-0.0080021,-29.443,-0.49279,18.345,0.21678,-18.686
45.3,0.012563,0.013992,-0.0077612,-1.0026,-0.0008129,0.0017817,0.0022662,-0.54416,-4.8836,0.95438,-29.615,0.7681,19.721,0.27797,-16.464,-0.0078892,-0.0035539,0.0017989,-0.99616,0.0052835,0.0021092,-0.0041659,-0.78633,-5.6237,0.016428,-30.701,1.7956,18.512,-0.34831,-17.088
45.4,0.010841,0.005228,-0.0071592,-1.0068,0.0041519,0.0031793,-0.002413,0.78298,-5.3332,-1.283,-31.392,-0.37771,19.521,-1.1322,-16.565,-0.011429,0.021074,-0.0058063,-1.0082,0.0073452,-0.0043945,0.0017258,-0.22967,-5.9555,-0.35544,-31.445,-0.66097,18.359,-0.082917,-16.389
45.5,0.0007206,0.016516,0.0095458,-1.0211,-0.0033943,-0.0028787,-0.0053637,-0.42642,-5.9162,-1.2649,-31.915,-0.95599,17.631,0.27345,-18.172,-0.017579,0.0018657,-0.0037753,-0.98715,-0.0062199,0.00057998,0.0040691,1.0022,-5.7409,-0.95885,-29.966,-2.53,17.499,-1.3681,-17.773
45.6,0.008293,0.006119,0.010069,-0.99158,0.00088638,-0.00059515,-0.00056124,-0.069113,-4.5502,0.039095,-28.732,1.2077,17.181,0.16477,-17.969,-0.0099838,-0.01006,0.010751,-0.99798,-0.003753,-0.0044892,-0.0033913,-1.0746,-4.6047,0.90475,-31.51,-0.42595,16.298,0.58992,-17.485
45.7,0.0098604,0.0050908,0.0090176,-1.0033,0.012353,-0.0020445,0.0033729,0.78568,-4.4622,0.73389,-29.323,0.52332,17.336,-1.0561,-18.145,-0.02171,0.0059339,-0.032821,-0.99146,-0.0057981,0.0050366,0.00061774,-0.52365,-2.7453,-0.9959,-32.103,0.49073,18.168,0.02307,-17.454
45.8,0.00045719,0.0041754,0.02368,-0.98568,-0.0010826,0.0017723,-0.0052976,-0.16164,-4.0578,2.0093,-28.815,0.26014,18.585,1.1385,-15.634,-0.012203,-0.014116,-0.007185,-1.0123,-0.0042725,-0.00034959,0.007217,0.69896,-4.7615,1.6229,-31.979,0.85071,17.761,-0.58356,-18.176
45.9,-0.00024902,0.016354,0.010845,-0.99937,0.0071244,-0.0059969,0.0043712,2.4029,-4.1637,0.84223,-31.937,-1.9126,16.194,-1.8462,-16.993,0.0052582,-0.0029893,-0.0044494,-1.0163,-0.0055413,0.0042355,0.00012227,1.7925,-4.4988,2.5138,-29.328,0.1862,17.058,-1.1854,-17.081
46,-0.023756,-0.0034846,0.001288,-0.99614,-0.0047488,-0.0054799,0.0059633,2.4058,-4.6347,-1.0317,-32.09,-0.16965,17.536,0.44305,-17.242,-0.0091238,-0.010996,0.0019166,-1.0012,-0.0014483,-0.0011981,0.0060323,0.87297,-4.0459,-0.6405,-30.743,-1.3427,17.11,-1.0771,-16.637
46.1,0.0027014,-0.020628,-0.00081963,-1.0046,-0.0060234,-0.0033415,0.0032552,0.047232,-3.4227,-1.2259,-30.028,0.38474,17.633,-0.6442,-17.04,-0.0027499,-0.0023031,0.0093559,-0.9995,-0.0037819,0.00014713,-0.0004448,-0.7433,-3.5723,0.25594,-32.282,-0.6066,17.755,-0.29579,-15.724
46.2,-0.0018125,-0.0018839,-0.019835,-1.0204,0.0047565,0.00086144,0.0034807,0.75731,-3.8423,-1.7444,-31.582,-0.1543,18.484,0.22315,-14.961,-0.0048372,-0.0059954,0.00048128,-0.99922,-0.0041079,-0.0016181,0.0032262,-0.51576,-4.2637,-1.058,-30.9,-0.58734,18.791,-1.3075,-16.881
46.3,0.01102,0.017298,0.01437,-1.0015,0.0096468,0.0041927,0.00042063,0.23304,-4.7001,-1.2087,-31.547,1.5826,18.564,0.5796,-16.882,-0.016127,0.017778,-0.0026719,-0.98229,0.00068377,0.0030441,0.0026068,1.8115,-4.509,1.3852,-30.276,2.8713,17.922,-0.30938,-17.976
46.4,-0.029591,0.0028643,0.0030766,-1.0061,-0.0036262,0.011894,0.0034702,0.30232,-3.5024,0.18396,-32.657,0.59215,17.402,-0.43893,-15.74,0.00082303,0.002271,-0.014866,-1.0012,-0.0021634,-0.0035002,-0.0011075,-0.86199,-3.0228,0.33083,-30.961,0.16081,17.201,1.1859,-13.876
46.5,0.010347,0.0060142,0.011235,-0.99764,0.0042678,-0.0077939,-0.0059117,1.1148,-3.7821,-0.40717,-28.743,-0.77653,16.965,-0.62797,-17.513,0.0072777,0.0037044,-0.0044192,-0.99322,0.0090733,-0.0021496,0.0071999,-0.18144,-4.5784,0.66498,-30.571,-0.85682,17.782,-0.29127,-18.138
46.6,0.0043551,-0.005021,-0.0025503,-1.0041,-0.0063973,0.001709,0.0005619,2.8258,-3.8128,-0.34525,-30.254,-0.67391,17.725,1.2746,-16.62,-0.00031476,0.012914,-0.010604,-0.997,0.0047974,-0.0014749,0.0054277,-2.3969,-4.1898,0.23013,-32.268,1.8715,16.569,2.0576,-17.504
46.7,-0.0041762,0.00041172,-0.00072523,-1.0098,0.00086455,0.005275,0.0019501,-1.6487,-4.4263,0.03645,-31.514,1.467,16.483,2.1563,-17.35,-0.0026327,-0.0036911,-0.0014306,-1.0038,0.00097752,-0.0068635,0.0050539,1.1271,-4.8102,-1.0316,-31.927,0.67497,16.339,-1.2354,-15.402
46.8,-0.0088177,-0.013673,0.006634,-0.99893,-0.0024319,0.0081072,-0.0051882,-1.2087,-3.3733,0.18076,-32.224,1.9546,16.571,0.56541,-15.477,-0.012577,0.014161,0.011878,-0.99461,0.0019108,0.010209,-0.0017467,-1.9243,-5.4438,-0.015625,-30.874,-0.63468,18.814,-0.63589,-16.608
46.9,-0.00052819,0.0047,-0.012966,-1.0019,0.0054798,-0.00067596,0.00037799,-1.0886,-4.1823,1.2559,-32.561,0.11076,18.432,-0.42708,-14.699,0.012448,0.011991,0.0065175,-1.012,0.00099969,-0.0019361,-0.0027856,0.016295,-4.0794,1.4252,-31.921,1.0031,17.329,-0.089044,-14.045
47,0.0034054,-0.0016545,0.00015921,-1.0006,0.0059326,-0.0016615,0.0034065,-1.1695,-4.6222,-0.67109,-31.333,-1.3522,17.625,-0.9415,-16.45,-0.010572,-0.0071227,0.0083361,-1.0023,-0.00041846,-0.002179,-0.00041374,0.1521,-3.6291,1.4519,-32.32,-2.5189,14.65,0.38082,-15.495
47.1,-0.0062707,0.0046671,-0.0036319,-0.99869,0.00545,-0.0067067,0.0023447,0.10019,-3.5193,0.6763,-30.177,-0.40896,15.514,-1.711,-17.536,0.01258,0.012772,-0.01462,-1.0139,-0.0020958,0.0077808,0.00918,-0.05361,-2.4424,-0.028764,-30.901,-1.0602,17.872,-2.0726,-17.26
47.2,0.0019228,-0.002059,0.0074451,-0.99769,-0.0069419,-0.010636,-0.0022133,-1.7727,-4.5367,-0.87337,-31.094,-0.080971,16.669,3.2892,-16.19,-0.0053398,0.0065351,0.0030598,-0.99514,-0.0028167,-0.0026326,-0.0028458,0.85259,-3.9539,-0.08164,-30.049,0.3958,16.012,1.3789,-17.892
47.3,-0.023243,-0.0012379,-0.0032886,-1.0085,0.0071715,-0.0019092,0.0042957,-0.57881,-3.9783,-0.23981,-30.231,0.92517,16.674,-0.17418,-17.059,0.0028083,-0.0099228,-0.0039681,-0.98878,0.0066147,0.001087,0.0012225,-0.69656,-2.6159,-0.55167,-32.362,0.26065,17.595,2.0043,-16.471
47.4,0.011795,-0.0026008,-0.016849,-0.99358,-0.0056419,0.0019946,0.0022305,-0.21537,-4.2281,0.64982,-30.598,2.2242,17.649,0.62957,-17.631,-0.00082849,0.0066631,0.0087158,-1.0121,-0.0093212,0.01036,0.0025663,-0.076223,-6.1246,-2.0777,-30.09,1.458,19,1.0308,-16.48
47.5,-0.0030016,-0.010815,0.0010403,-1.0055,0.011703,-0.0015159,-0.0012626,1.2593,-4.6995,-0.41742,-31.639,-0.41936,18.274,-0.28783,-15.515,0.0005854,-0.016079,-0.0042083,-0.99386,-0.0016165,0.00096369,0.0096938,-0.68452,-5.3887,1.4284,-32.524,0.18666,16.99,-1.4529,-16.22
47.6,0.0065954,-0.0052068,-0.00061293,-0.99301,-0.0069782,-0.00024041,-0.00047691,1.9106,-4.0531,1.2278,-32.673,-0.84404,17.837,-1.0749,-16.375,0.006829,0.022529,0.014262,-0.99217,-0.0034209,0.00083493,0.0027954,0.83477,-4.0939,-0.033081,-31.555,0.40929,17.197,-1.776,-16.476
47.7,-0.00652,-0.0012512,0.00051619,-0.99686,0.0019908,-2.4574e-05,0.0045667,-0.26938,-3.6074,-0.1022,-32.637,-0.43132,15.914,-1.2812,-15.17,0.0075715,0.0012044,-0.0044652,-0.99485,-0.0043714,0.0054365,-0.0053712,-0.54649,-2.6129,1.0149,-33.364,1.5353,16.794,0.2557,-17.552
47.8,0.002303,0.0021839,0.0037767,-0.98759,-0.0012666,-0.0060328,-0.00082075,-0.43703,-3.6198,-1.2286,-32.698,-1.4935,17.721,0.72807,-17.21,-0.01987,-0.025893,-0.0027046,-1.0232,0.00019886,0.00084692,-0.0072735,-0.91528,-4.5652,0.53019,-33.508,1.9938,18.254,1.9854,-16.92
47.9,-0.0059405,-0.0024369,-0.0056652,-1.0084,-0.016549,-0.0013948,-0.00026032,-0.42303,-2.8936,-0.058296,-30.649,0.17796,17.662,0.28797,-19.582,0.0074241,-0.0017324,0.0068618,-0.9963,0.00011196,0.00072543,-0.0021154,0.27525,-2.8041,-1.0021,-31.421,-0.6523,18.119,-0.47128,-17.115
48,-0.0056902,-0.0029372,0.00086932,-1.0281,-0.0046207,-0.0067492,-0.0052442,-2.6806,-4.4087,-0.2529,-32.19,-2.309,18.335,0.055502,-19.333,0.0049283,-0.013702,-0.011337,-0.99921,0.0051157,-0.009405,-0.0010055,0.76229,-4.2566,0.41495,-31.055,-1.4493,19.068,-0.31766,-17.469
48.1,0.010522,0.0046311,-0.0083342,-0.99471,-0.003525,-0.004432,-0.00090342,0.66213,-6.0695,-0.45925,-32.485,1.2353,17.388,-1.6103,-17.743,-0.010746,0.0025803,0.004648,-1.0159,0.0073022,0.01048,-0.00013065,-0.71102,-3.7644,0.57534,-29.873,0.69273,17.495,0.37324,-15.27
48.2,-0.0070419,0.0025326,-0.0077981,-1.0244,0.0042137,0.0012653,0.0029689,-0.70102,-5.6233,-0.31602,-32.357,0.63356,18.518,0.87515,-17.635,-0.0043472,0.0089356,0.014228,-0.98713,0.0057523,-0.0078074,-0.011729,-1.6027,-3.0412,-0.98236,-32.83,1.4666,16.875,1.0491,-15.824
48.3,0.00066547,-0.0030644,0.0027773,-0.99597,-0.0030715,-0.00039213,0.00079695,0.52739,-4.2178,-1.4237,-32.612,-0.74937,18.143,0.0055889,-16.65,-0.0090886,0.0037333,0.0042291,-0.99908,-0.0045428,0.0049808,0.0033671,0.75875,-4.9488,0.14047,-31.31,0.070913,16.636,-1.3169,-17.523
48.4,-0.0026724,-0.0062074,0.0081098,-1.0002,0.0044369,-0.0098035,0.014834,2.016,-4.0011,1.9254,-30.199,0.45474,17.372,-0.32749,-17.724,-0.012803,-0.0022409,0.0089786,-1.0005,-0.0020208,0.0060619,0.0046768,0.12937,-4.8386,0.78914,-30.904,-0.39327,18.653,0.034918,-17.827
48.5,-0.0060555,-0.00029031,0.0023859,-1.004,0.00020948,-0.0052062,-0.0026135,-0.31099,-6.1008,-0.5933,-31.596,-0.30702,15.368,-0.031587,-15.886,0.0066637,-0.013799,0.0035117,-1.0056,0.00032979,-0.0037164,-0.0033516,0.41664,-4.5607,-0.95798,-34.189,-0.0028649,16.165,1.6528,-15.731
48.6,-0.00074178,-0.00908,0.01531,-1.0019,-0.0018021,0.0041189,-0.010434,-0.86118,-3.8451,0.0061282,-33.068,0.96685,16.334,2.5024,-16.508,0.0058545,0.00026632,-0.008995,-0.99748,0.0053693,-0.0032826,0.0022525,-0.13052,-3.3563,-0.45796,-31.788,0.11842,19.285,0.44907,-15.296
48.7,0.0060113,-0.0023897,0.0041053,-0.98975,0.0028921,0.0012696,0.0031208,-0.05731,-3.3249,0.1923,-31.402,0.71911,17.171,-0.79479,-17.782,-0.0074301,0.014141,-0.0081419,-0.99764,-0.0043062,0.0011351,0.0017478,1.6684,-4.2557,1.2316,-33.749,-0.95759,18.848,-1.1901,-15.198
48.8,-0.0068992,-0.015649,0.0009402,-1.0129,-0.0054538,-0.0052273,0.010858,1.2708,-5.52,-0.54412,-33.074,-0.45265,18.301,0.52724,-16.796,0.0067621,0.0038783,-0.010964,-1.0007,0.013068,-0.0081048,-0.0045062,1.6947,-4.7384,1.5,-32.485,2.1655,18.847,0.35891,-16.318
48.9,0.0027001,0.015538,0.013384,-1.0009,0.0061587,0.0039908,-0.0053294,-0.01415,-3.1346,1.0324,-33.625,-0.20616,16.001,-1.2313,-15.677,2.4207e-05,-0.0030665,-0.0086142,-1.0105,-0.0036887,0.0095099,0.0036476,0.8045,-2.4504,0.88843,-30.285,-1.1107,21.092,0.68012,-17.275
49,0.00027713,0.012655,-0.013013,-1.0069,-0.0012525,-0.00037856,-0.0029889,-0.47514,-4.8886,1.6106,-32.463,0.69829,17.244,-0.95765,-13.952,0.0049754,0.0016799,0.011127,-1.0102,0.0043177,-0.0052956,0.00071115,-2.0741,-3.346,-0.90067,-31.775,0.24312,17.322,-0.68386,-16.685
49.1,0.0063032,-0.010516,-0.00058698,-0.9998,0.0091108,-0.0057599,0.0090268,0.11853,-5.078,-2.7714,-31.021,1.4193,19.511,2.9248,-15.98,0.0072055,-0.0043757,0.020597,-0.99335,0.0035432,-0.0060819,-0.0060013,-0.66521,-6.2483,0.13164,-32.815,1.4989,19.673,0.75696,-17.329
49.2,0.00081949,-0.0016521,-0.033089,-1.0119,0.0052942,0.0013012,-0.00028462,1.2127,-4.9827,-0.69045,-31.336,1.4317,18.496,0.47544,-17.001,-0.0023335,-0.015131,-0.026636,-0.99893,0.0016624,-0.003224,-0.00084188,1.609,-3.315,0.99409,-31.303,0.84904,20.421,1.6009,-16.364
49.3,0.025566,0.003315,-0.0059263,-0.98493,0.0044032,-0.0029552,-0.0017143,0.93342,-5.1205,1.3309,-31.485,0.56979,17.986,0.20903,-17.126,0.016966,0.0068447,-0.0026695,-1.0086,0.00064565,0.0024668,-0.0027188,0.8689,-4.2347,-1.1677,-33.43,-1.5768,17.499,1.4535,-15.499
49.4,-0.018554,0.0013514,-0.0067286,-1.0063,0.0068676,-0.00014352,0.00087533,1.0698,-4.6721,1.9409,-33.09,-2.0392,16.935,-0.67273,-17.295,-0.0046696,0.01463,-0.010139,-0.98239,-0.0013158,0.0037634,-0.0018094,0.76753,-4.2888,0.85386,-32.727,-2.0227,16.469,-0.62469,-16.054
49.5,0.0032985,-0.0050054,-0.013782,-0.98901,-0.010412,0.00098905,0.010235,0.53606,-5.1827,1.9168,-31.471,-0.95333,18.329,1.2133,-15.643,0.0012557,-0.0085805,-0.0051351,-1.004,-0.007888,-0.0016459,0.0087439,-0.01656,-3.3607,-0.86664,-32.246,0.14345,16.653,1.0125,-17.158
49.6,-0.0050539,-0.0067599,0.022861,-1.0029,-0.0040168,-0.00021091,0.0016237,-1.4672,-3.4039,-0.089307,-32.223,0.10543,19.745,-0.94661,-17.129,0.0084347,-0.0098875,0.0054771,-1.0077,0.0041767,0.0024649,0.0026003,-2.155,-4.0063,0.029641,-33.36,-0.5283,19.041,1.8142,-18.186
49.7,0.0025898,0.017562,0.0033745,-0.9918,0.0042899,0.006804,-0.0056331,-1.4893,-5.067,-0.8407,-31.339,0.049812,19.3,0.059682,-17.056,0.009264,0.0088253,0.0049736,-0.99821,0.01526,0.0044198,-0.0010639,-1.4022,-5.0841,-1.8033,-31.562,1.0944,17.39,-0.54759,-15.029
49.8,0.0022335,-0.0082633,0.0083554,-1.0068,-0.0035844,0.0065131,-0.00051418,0.69846,-1.7811,2.8376,-30.323,0.91649,18.995,0.23012,-17.236,-0.01309,0.0056463,-0.0021426,-1.0046,0.0052288,-0.006887,0.0046757,0.20377,-4.4842,-0.60672,-31.982,-1.1526,17.961,0.30864,-14.266
49.9,0.0058344,0.0041392,0.0040773,-0.99462,0.00165,-0.0023678,0.0016482,0.31404,-2.6472,0.15166,-33.011,0.75761,17.235,-0.8369,-16.201,-0.015607,0.014131,-0.0010955,-1.0109,0.0036683,0.0022398,0.0022447,0.6427,-3.4771,0.44915,-31.444,-1.3959,16.627,0.42492,-15.184
50,-0.023646,-0.007285,0.01565,-0.9889,0.0069406,0.0012863,-0.00058429,0.78319,-5.8748,-0.59716,-32.087,3.2094,18.634,-0.9086,-16.99,0.00048499,-0.012433,-0.0097284,-0.99314,0.00076461,0.0040952,0.0021498,-1.0073,-5.3866,1.6114,-31.757,0.25209,18.293,1.1285,-16.169
50.1,-0.00085183,0.00085201,-0.0010458,-1.0075,-0.00054783,-0.0036864,-0.0071488,-1.9564,-3.8066,-0.23218,-33.002,0.21803,18.426,0.81524,-17.458,-0.0079015,0.0052999,0.014647,-0.99372,0.0025857,0.00025614,0.0069523,0.62163,-3.5763,-1.4298,-31.097,0.22686,17.062,1.195,-14.629
50.2,0.0060802,-0.02253,0.0063925,-1.0029,0.01045,0.00017793,0.0075595,1.7997,-4.2301,0.10552,-32.062,2.139,17.601,0.58931,-16.216,0.0047376,-0.011904,-0.0010725,-1.0276,0.012995,0.0038232,-0.0050754,1.1432,-2.1707,-1.2511,-32.227,-0.40463,20.684,-0.95695,-17.212
50.3,-0.0052244,0.006811,0.0039458,-1.0052,0.0089486,0.0011796,-0.0037098,0.98966,-4.6207,-0.80895,-31.524,0.34386,19.344,-0.83364,-16.551,0.0091028,0.0048709,-0.01151,-1,0.0075665,0.0042007,-4.2121e-05,2.1701,-3.347,0.53552,-32.208,-0.25594,18.233,-1.2506,-17.626
50.4,-0.006161,0.0039101,0.011801,-0.99033,0.0074161,-0.004655,-0.0018718,-1.7453,-3.2281,-1.0711,-32.128,-0.31064,19.163,-0.23837,-15.779,-0.0064901,-0.0022624,-0.015535,-1.013,-0.00013032,0.0020707,0.0026054,-0.64238,-4.7824,1.1713,-32.184,-2.3613,18.069,-1.866,-16.341
50.5,0.011071,-0.0013355,0.0080105,-1.0064,-0.0024662,0.003002,0.0053806,-0.1163,-2.0082,-1.9358,-32.626,-0.87519,19.148,0.62754,-16.716,0.013423,-0.001327,-0.015234,-1.0059,-0.00071471,0.00076469,-0.0054295,-1.2916,-1.5753,2.5409,-35.181,0.47566,16.916,-1.2509,-15.033
50.6,-0.010049,0.0012972,0.010916,-0.99256,0.0029764,-4.8631e-05,0.010974,-1.4803,-2.1789,-1.1765,-32.495,1.0178,17.233,1.9966,-15.767,0.0084345,-0.0015586,0.0075537,-0.99245,0.0013131,0.00019714,0.0072285,1.3921,-5.4396,-1.0136,-33.079,2.3436,17.038,0.90276,-18.321
50.7,0.0049381,0.023791,-0.02252,-1.0143,-0.0042997,0.00028219,-0.00028932,-1.2814,-4.9798,-1.0468,-33.895,-0.5881,19.428,0.48081,-15.998,0.017561,-0.00084806,-0.010952,-0.99831,-0.0020641,-0.008702,0.00023464,-0.64387,-3.8809,-1.7001,-33.026,-0.68801,17.382,0.48866,-18.235
50.8,0.014763,0.008546,0.0037096,-1.0143,-0.0065075,-0.00067324,-0.007467,-0.29788,-5.8158,-1.0421,-33.884,-0.47591,18.089,-0.39895,-16.846,-0.0087636,-0.0092386,0.0043797,-1.0144,0.0018178,0.0017026,0.0010685,1.418,-5.7926,0.36613,-32.979,-2.2401,16.899,0.46841,-16.596
50.9,-0.00076869,-0.0036912,0.0018024,-1.0069,-0.0099729,-0.0024177,-0.0066584,-0.95779,-3.3145,0.37918,-31.945,-1.9425,18.866,-1.7094,-15.45,-0.0013239,-0.0089273,-0.017235,-1.0008,-0.0015375,0.001447,0.0035026,1.1911,-5.5085,-0.22052,-32.55,0.11598,17.612,-1.8327,-16.681
51,-0.0051266,-0.0054806,-0.0014415,-1.0031,-0.0018165,0.0057877,-0.0049093,-0.33356,-5.1654,-0.053111,-33.678,0.30171,15.736,-0.50927,-18.561,-0.0070878,-0.011361,0.0052848,-1.0139,-0.0023321,-0.00055606,-0.0018285,1.0234,-5.1396,1.6399,-33.588,-0.32587,17.87,-1.9954,-18.816
51.1,-0.0038417,-0.011315,0.021265,-0.99409,-0.0036372,0.0062386,-0.0067119,-1.4191,-4.8988,0.66964,-33.308,-0.41654,17.706,-0.17875,-18.178,0.0098508,0.010833,0.002626,-0.98526,-0.0061717,0.0030598,0.0036478,0.065204,-3.184,0.12393,-34.438,1.1699,18.692,-0.75453,-18.042
51.2,0.0071156,-0.0085174,-0.00077993,-0.99615,0.0031243,-0.00061993,0.001416,0.52926,-5.5715,-1.1595,-32.664,-0.038189,17.824,0.81169,-16.124,-0.0011934,0.0070113,-0.0076087,-1.0023,0.0058856,-0.0037512,-0.0054475,-2.3424,-4.2753,-1.0836,-30.821,2.0795,17.666,0.55452,-16.33
51.3,0.012824,0.0018809,0.0064964,-1.0108,0.0073152,-0.0001941,0.0032949,-1.6068,-3.2393,-0.60221,-33.683,0.93009,18.951,1.116,-15.521,-0.0057429,-0.00071435,0.0010594,-0.98809,-0.00025389,-0.0034286,-0.0028727,0.11038,-4.9692,-1.5686,-32.863,-0.156,17.894,2.1846,-17.665
51.4,0.002176,0.011465,-0.02915,-1.0104,0.001555,0.00019952,-0.0013477,0.34851,-5.6239,1.716,-32.664,1.1473,16.934,-1.0637,-16.175,0.0062227,0.0090313,-0.0037917,-1.0143,0.0042785,0.0044718,-0.0030801,-0.17341,-4.1999,-1.8008,-32.597,-0.60635,17.104,-1.831,-16.725
51.5,-0.002369,-0.025441,-0.0039621,-1.0113,0.0071178,-0.0016102,-0.0026506,1.7825,-4.0914,0.78932,-32.766,-1.0632,19.218,0.74487,-18.042,0.0081896,0.0049228,-0.012998,-1.0087,-0.0040415,0.01216,-0.007439,0.1159,-5.1309,0.40748,-31.752,0.029447,18.152,-0.059552,-15.939
51.6,-0.0071461,0.0029956,0.006179,-0.97419,-0.0073682,-0.0047751,0.0015862,-0.32766,-3.9055,0.57965,-33.545,-0.97435,17.475,-0.29879,-15.556,0.011833,0.014226,0.0040365,-0.99682,0.00037208,-0.0073942,-7.4835e-05,0.255,-3.9047,-0.55434,-33.5,-0.031301,17.662,1.3449,-18.687
51.7,0.0024146,0.009022,-0.013838,-1.0092,0.009837,-0.012571,0.0020986,1.1387,-3.0874,-1.7475,-31.701,1.0833,18.809,2.8956,-16.555,0.018529,0.00014719,0.0031576,-1.0149,-0.007625,-0.00011107,0.0016572,-1.2462,-3.795,-0.88946,-33.476,-1.6471,18.257,0.30157,-17.602
51.8,0.0099634,0.017842,-0.0018503,-1.0031,-0.00079542,-0.0045135,0.0019295,-0.37979,-4.2377,-0.3693,-32.106,-0.8724,20.272,0.43461,-19.116,0.0017447,-0.0077423,-0.019625,-0.99244,0.0059902,0.0051672,-0.0085502,-2.0394,-4.3746,-0.95575,-33.718,0.23587,19.858,0.66096,-16.306
51.9,0.012741,-0.0041288,0.017003,-1.0053,0.00049568,0.0044935,-0.014869,0.244,-4.8872,-2.0088,-33.991,-0.071648,17.045,1.4864,-17.369,0.0078247,-0.0085098,-0.0012412,-0.98145,0.00028999,-0.0021169,-0.0017838,-0.85999,-4.4432,0.68219,-31.871,2.0741,20.662,1.6912,-17.272
52,0.012069,0.010465,-0.0072114,-1.0045,0.0010237,0.0076827,-0.0015333,-0.020141,-3.4251,0.2518,-34.551,-0.82908,19.176,0.89857,-16.854,0.021204,0.0066956,0.004002,-0.99062,-0.0025566,0.0023467,-0.0052908,0.18338,-3.3951,-0.40421,-34.162,0.98493,18.736,-0.51833,-19.156
52.1,0.01181,0.01857,0.014783,-1.0107,-0.00072288,-0.012029,-0.0060302,0.45482,-3.7946,0.22778,-34.145,-1.2835,19.63,-1.135,-15.978,0.0087022,-0.012477,0.021987,-1.0245,0.0011575,0.0030777,0.0074247,0.44764,-1.7615,-0.17378,-34.387,0.35881,19.9,-0.055107,-17.326
52.2,0.016682,-0.016608,-0.00096159,-0.99001,-0.0028134,0.0052994,0.0082934,-0.44602,-4.6816,0.23755,-33.97,0.41915,18.844,-0.1962,-16.829,-0.0058536,0.0030205,-0.0050871,-0.99745,-0.0022581,0.010198,-0.0078156,-0.031065,-3.7214,-0.30258,-32.374,0.54427,17.351,-0.2358,-15.113
52.3,0.022033,0.011114,-0.015959,-1.0079,-0.0016971,-0.0097646,-0.0055435,-0.54176,-3.3163,-0.31278,-33.566,0.090873,18.227,0.33411,-16.186,-0.010659,-0.0053715,0.010363,-1.0008,-0.00097029,0.0057075,-0.0046561,-1.5069,-3.9683,-0.35965,-31.06,0.20992,19.676,1.4919,-15.656
52.4,0.0068465,-0.00041981,-0.0022945,-1.0046,0.0036765,0.003033,-0.011202,-0.40771,-3.723,-0.58877,-33.495,1.191,17.83,-0.003381,-17.104,0.0082106,0.0051936,0.0081096,-0.99902,-0.0021572,-0.0014687,-0.00084036,-0.22784,-5.2565,-0.52495,-33.87,0.23457,19.266,-0.37084,-15.261
52.5,0.010226,-0.0081583,0.0071798,-1.0085,0.004331,0.0062116,-0.0061068,2.4863,-2.7268,-0.66521,-33.739,0.64501,18.231,-0.73454,-16.219,-0.0065496,-0.008622,0.0032975,-0.99947,-0.0047858,-0.0056806,0.0020498,1.3315,-3.4195,-1.7418,-33.703,0.66067,17.121,0.16061,-16.245
52.6,0.012357,-0.018467,-0.0036685,-0.98739,-0.0099437,0.0030666,0.0043455,-0.45125,-3.0346,1.3643,-34.921,-0.077667,18.759,0.0094022,-16.516,0.0039877,-0.014042,-0.005398,-1.0086,0.016999,-0.001838,0.0044312,-1.2532,-2.7077,-0.21509,-33.142,-2.6602,19.082,-1.1743,-18.087
52.7,0.010395,-0.00017395,0.0014327,-1.0042,-0.0091117,-0.010674,0.0013875,-0.72917,-1.3774,-0.94441,-31.722,-0.84264,16.965,-0.99711,-19.357,-0.0095095,-0.0028159,0.0048541,-1.0021,-0.00024501,0.010149,0.00017476,-0.60399,-2.9088,0.015317,-35.047,0.57979,17.39,-0.26158,-17.039
52.8,-0.0049609,0.020148,-0.012705,-1.0022,-0.0036953,0.0020795,0.0067178,-1.2918,-3.6988,-1.544,-33.236,0.21474,16.491,0.82977,-17.07,-0.017297,0.0097956,0.0022405,-0.98968,0.00064788,0.00086754,0.0084619,-0.61547,-5.1133,-1.6003,-34.286,0.19396,18.25,0.15622,-17.552
52.9,0.010983,-0.0027321,0.0054088,-1.0077,0.0039147,0.0087485,0.0035676,0.021645,-4.2917,-0.86408,-35.254,0.053559,16.928,1.6079,-16.114,-0.0013926,0.0019891,-0.017248,-1.0023,0.0012613,-0.0053504,-0.00099039,-0.58117,-4.4907,-0.22577,-34.423,0.93286,18.278,1.3802,-16.995
53,0.010632,0.0086009,0.012374,-0.97979,0.0049554,-0.0081749,-0.0031915,-1.512,-4.7773,0.11358,-33.443,0.457,17.546,-1.6833,-15.982,0.0022701,-0.0024125,0.0044707,-1.0105,0.0057895,0.00015784,0.0014406,-2.1639,-5.0924,-0.0020812,-33.858,0.098319,17.292,-0.34178,-17.332
53.1,0.00094787,0.011694,0.00024947,-1.0051,-0.0049386,-0.00336,-0.002642,-0.039532,-5.89,0.43057,-31.912,0.067769,18.976,-1.2243,-17.649,0.0025121,0.0015967,-0.0066052,-1.003,0.0020636,0.0035017,-0.0026733,-0.42674,-4.8793,1.2921,-34.368,-2.9604,19.723,-0.69837,-17.276
53.2,-0.010647,0.0036688,0.011701,-0.9862,-0.0035873,0.0037548,0.0066293,0.70071,-2.6794,-1.7426,-32.431,1.3316,17.421,1.4354,-15.906,-0.015386,-0.01048,-0.014983,-0.9891,0.0047989,0.0058001,-0.00089218,-0.86513,-2.8504,-2.168,-33.374,-0.38498,19.138,-1.9044,-17.328
53.3,-0.0077476,-0.00085543,0.00058036,-0.98798,0.0044231,-0.0022601,-0.0023312,0.36655,-1.9187,0.15441,-33.091,0.22029,19.083,-0.97051,-16.697,0.007243,0.007071,0.0018849,-1.0043,0.0042607,-0.0031922,-0.0024965,0.64802,-1.9621,-0.9092,-33.219,2.1108,19.443,1.2254,-16.787
53.4,-0.0012271,0.021079,-0.0013631,-0.99313,-0.0066856,-0.0051042,0.0026585,-0.3754,-4.7704,-0.099629,-31.922,0.71189,19.23,2.3398,-17.521,0.0027328,0.013276,-0.0032934,-1.0141,0.0056411,-0.0031307,0.00057538,1.3859,-4.0171,-0.51715,-33.957,1.2465,18.9,1.0485,-15.586
53.5,0.0050362,-0.0035885,0.0052458,-1.0166,0.0011245,0.0027521,-0.012209,0.7449,-3.6618,0.25772,-32.691,1.7561,19.242,-0.59489,-16.092,0.0032539,-0.0099295,0.0075555,-1.0065,0.002493,-0.001064,0.0046976,-1.7276,-4.0914,0.64394,-32.417,-1.2805,18.307,-0.11914,-15.79
53.6,0.007684,0.0030541,0.010678,-0.99524,0.0045093,-0.0038645,0.0040341,2.3296,-2.8626,0.037882,-33.037,-1.1799,15.468,-0.99606,-17.239,0.00018088,-0.0093904,-0.009675,-0.99458,0.00039372,-0.00096657,-0.00038892,-0.71676,-3.108,0.80978,-33.658,-2.0032,18.275,-1.2535,-16.725
53.7,0.013463,-0.0029227,-0.0059517,-1.0008,0.0088258,-0.0026779,-0.013917,-0.70826,-2.8706,1.2093,-34.779,-0.41301,17.943,-1.5466,-18.06,-0.0030647,-0.0099332,-0.0013265,-0.99907,-0.011273,0.0031376,-0.0083774,-1.414,-2.9395,1.0483,-32.479,-1.4319,17.871,-1.8518,-14.546
53.8,-0.0039206,0.009736,0.0039771,-1.0051,0.0053207,0.011208,0.0078061,-0.36433,-4.0361,-1.4128,-32.764,1.6042,16.786,0.9923,-16.118,0.010685,0.0063845,-0.012728,-0.99275,0.0022655,0.00090636,-0.010075,0.27109,-1.8111,-1.904,-33.687,1.1156,18.097,0.88463,-15.79
53.9,0.0067156,0.012625,-0.0040395,-1.0008,0.0057793,0.0051933,0.0031421,-0.11477,-4.5156,-0.094385,-33.026,-1.27,18.504,1.5295,-15.65,0.012156,-0.016158,-0.0045196,-1.0143,0.00046152,-0.0027875,-0.004481,0.44425,-2.8256,-1.1837,-33.107,1.6005,17.385,1.2613,-16.464
54,0.0056644,0.022565,0.0026071,-0.99144,0.0096948,0.0036611,-0.0051637,1.4407,-1.8654,-0.6132,-33.137,-0.63848,19.206,-0.63036,-17.082,-0.0031672,0.011736,0.010542,-1.0002,0.0037977,-0.0056988,-0.0036215,-0.87684,-3.5188,0.18489,-32.903,0.063931,16.829,2.4739,-17.272
54.1,0.0044318,-0.0088668,-0.01801,-0.99227,0.0012189,0.0050365,0.0070183,0.8574,-3.1145,0.68637,-33.594,-0.37758,18.213,-0.33725,-16.627,-0.0010915,0.0097339,-0.0088748,-0.99403,0.0072266,0.00027433,0.0012942,0.96873,-4.5284,0.26885,-33.42,0.36408,19.694,1.3227,-16.541
54.2,-5.081e-05,-0.0028874,0.00099702,-0.97361,-0.0087065,-0.0059062,0.0044672,-0.55235,-3.4031,-0.72539,-33.197,-1.0438,18.584,-0.46548,-16.044,-0.017459,0.0066232,-0.019138,-1.002,0.0013808,-0.0041762,0.0056711,-0.4381,-2.9461,-2.9861,-32.463,1.9645,19.237,1.6808,-19.034
54.3,-0.014138,0.0044023,-0.013046,-1.0002,-0.00085178,0.00095687,0.0032099,-1.3861,-2.6708,-0.21143,-34.74,1.3008,19.008,1.8961,-16.753,-0.0015505,-0.0064392,0.018035,-1.0069,0.0039368,-0.015122,-0.0034909,-1.6974,-4.6343,-1.372,-32.512,-0.70007,17.733,-0.37873,-16.3
54.4,-0.01709,0.0078302,0.016956,-1.002,-0.00044511,-0.00054952,0.0034409,0.15939,-3.3884,0.95856,-32.97,0.62332,17.051,2.5161,-15.473,0.0049498,-0.0028797,0.0021208,-1.0069,0.0053022,-0.0097229,0.0032154,2.4755,-5.8178,-0.33368,-32.434,0.31712,19.459,1.4411,-16.111
54.5,0.0017629,-0.0038773,0.0073156,-1.0019,-0.0018714,-0.0030597,-0.0049092,0.34918,-4.1665,-1.3777,-34.888,-0.82049,17.901,-0.50171,-16.424,0.0019878,0.0071371,-0.014612,-0.99474,-0.0018202,0.002278,-0.0075683,0.96535,-4.5428,1.0345,-34.512,-2.3294,17.997,2.5901,-14.644
54.6,-0.0082284,0.00094778,0.00034342,-0.99272,-0.0007188,0.00014386,-0.0063979,0.9934,-3.1472,2.307,-33.713,0.28963,18.928,-1.4641,-17.686,0.00012729,0.003046,-0.0091438,-1.0075,-0.0034147,-0.0016281,0.0023607,-0.79696,-3.8708,0.17287,-32.794,1.4003,18.555,-1.7609,-15.339
54.7,0.0065405,0.0013152,-0.0098832,-1.006,-0.0016679,-0.0043015,-0.00059753,-0.38792,-4.0473,-0.85386,-35.903,1.5691,17.148,-0.69261,-15.438,-0.010034,-0.016769,-0.004309,-1.0143,-0.0004166,-0.0034492,-0.0046111,-0.48076,-4.012,-0.53254,-33.092,0.79833,19.137,0.59749,-17.079
54.8,0.0085391,-0.01206,-0.010346,-1.0194,-0.0051865,0.010348,0.0040245,-1.3307,-4.0936,-1.6067,-33.917,0.39494,19.645,-0.012363,-17.459,-0.023155,-0.0014192,-0.0087191,-1.0017,-0.0045069,0.0013088,0.0016353,-0.57657,-3.9076,-2.4161,-34.187,0.47693,19.586,-0.40364,-15.119
54.9,0.016145,0.001629,-0.0046982,-0.99101,0.0034253,-0.001372,0.0026402,-1.6908,-2.6927,0.15414,-34.443,-0.41903,18.393,1.3422,-16.04,0.0102,-0.0084845,0.0024791,-0.99742,-0.0059618,0.0013307,-0.0001091,-1.5479,-2.8417,-1.6899,-33.839,0.102,18.17,-0.78968,-15.518
55,0.00085949,0.018348,0.018005,-1.0042,-0.0043608,-0.003149,0.010154,-1.4571,-3.0983,-0.24717,-35.015,0.43252,17.934,-2.4729,-18.248,-0.0082445,-0.0082901,-0.009903,-1.0072,0.0080936,-0.00029684,-0.010825,-1.212,-4.1827,1.7264,-34.752,0.50805,17.316,-1.1367,-15.371
55.1,-0.0078965,-0.0097292,-0.0039667,-0.99038,0.0011893,-0.0030813,0.0026088,-0.30747,-4.2428,1.0318,-34.32,-1.3483,16.07,-0.7277,-16.525,0.0050163,0.0088849,0.0019582,-0.99287,0.0060388,-0.00075951,-0.006354,0.78161,-4.2185,0.10248,-33.518,-0.020287,18.008,-3.2232,-17.192
55.2,0.00065441,-0.025932,-0.0021247,-1.0048,0.0074918,-0.0097241,0.0015613,3.9054,-2.8336,-0.47033,-34.167,-0.90219,17.591,0.48533,-14.975,-0.016473,0.0031194,0.0013774,-1.001,-0.00098711,-0.00034001,0.00095587,0.15508,-5.0094,-1.8843,-32.103,-0.31322,17.717,-0.72451,-16.899
55.3,0.0089133,0.0033813,-0.00039251,-0.99638,0.0014754,-0.0027554,8.7119e-05,0.018155,-3.0741,-1.089,-34.072,-0.025788,18.509,-0.39499,-15.244,-0.016457,0.00052905,-0.0084345,-1.007,0.0029323,-0.0023525,-0.0021431,-0.15395,-3.8033,-0.42285,-32.676,0.038718,18.138,1.0223,-16.347
55.4,0.0084575,0.0031729,-0.0086098,-1.0003,0.0066367,-0.0090879,-0.003472,1.191,-3.0192,-1.6217,-32.557,1.5026,18.174,1.1656,-18.3,0.0061033,0.006147,0.0025495,-1.0026,0.0047608,0.0027552,-0.0034982,-1.2158,-2.9691,-0.83635,-30.834,2.0161,19.202,1.5691,-17.668
55.5,0.013957,0.0054118,-0.0017861,-1.0016,0.010442,0.0097462,-0.013499,-1.3698,-3.6584,-2.144,-33.545,1.879,19.333,0.46381,-16.267,-0.0086031,0.0014644,-0.0086845,-0.99211,0.0013654,-0.0018539,0.0019962,-2.8683,-5.3938,-1.2754,-34.84,0.018475,19.67,0.5841,-18.039
55.6,0.018425,0.0040656,0.0037186,-0.99442,0.0063053,0.010074,0.0063211,1.1337,-3.8413,0.1997,-34.681,-1.8879,18.225,-0.55678,-16.966,-0.003231,-0.015476,-0.011159,-0.98013,0.004623,0.0010467,-0.00019574,0.49892,-2.1714,-0.86938,-34.784,-2.1796,18.925,-0.27073,-14.49
55.7,-0.014513,0.01582,-0.0038783,-0.98469,0.0058629,-0.0076867,0.0056647,1.3247,-4.7122,2.3355,-34.64,-1.0678,20.342,-0.81618,-16.991,-0.0033163,0.010257,-0.016069,-1.0085,0.0091977,-0.00044481,0.00096104,2.3452,-2.6426,0.25865,-35.942,0.1139,18.592,-0.43212,-16.113
55.8,0.013742,-0.0044788,-0.0024117,-0.9876,-0.0052508,0.0076666,0.0025646,0.20633,-4.8046,1.1131,-34.794,0.83096,18.259,-1.4434,-14.612,-0.012203,-0.012966,-0.01047,-0.99044,0.0036088,-0.0064899,0.0037172,0.14926,-4.6186,0.86804,-35.978,2.3839,19.609,-1.6943,-16.439
55.9,0.010609,0.018766,-0.00027942,-0.98476,0.0023361,-0.0032716,-0.00108,-0.18131,-4.2096,-0.71733,-34.725,0.47268,18.649,-1.128,-16.985,0.0014579,-0.011395,0.0067094,-0.99783,-0.0028989,0.00073799,0.0016879,-0.68758,-4.0921,-2.1218,-31.858,1.1325,19.195,-2.0097,-17.988
56,0.0060014,-0.0071012,0.005051,-0.99236,0.0035634,-0.0054319,0.00035171,0.11961,-4.946,-1.3747,-32.545,0.57615,18.046,0.91736,-15.171,0.0026703,0.015254,0.00070172,-1.001,0.0037179,0.0013176,0.0037679,-2.1485,-5.0252,-1.1861,-34.728,0.52989,19.301,-0.78676,-16.77
56.1,-0.015303,0.00046477,-0.0022293,-0.99187,-0.0006692,0.0033543,-0.0025363,-0.962,-4.4166,-1.2839,-35.613,0.097829,17.903,0.93488,-14.572,-0.0024352,-0.012823,0.001702,-0.99796,0.0011339,-0.0033636,-0.0046744,-3.3783,-3.6946,-0.48001,-34.835,-0.90779,20.472,-0.64462,-14.243
56.2,0.0026557,0.010125,-0.0054675,-1.0103,-0.002971,-0.0057479,-0.0010434,-0.59671,-6.0876,-0.65792,-33.97,-2.0012,18.8,-1.868,-16,0.0030879,0.012322,-0.020186,-1.0166,0.00089626,-0.0023619,0.0015828,-0.55477,-3.9295,-0.54285,-33.743,-2.1225,18.949,0.60845,-16.463
56.3,-0.023313,-0.018975,0.016579,-0.9856,0.0062899,0.0030062,-0.0057875,1.2767,-3.1945,0.74509,-35.661,-2.3108,16.913,-1.2305,-18.127,-0.0032605,-0.019171,0.016474,-1.0069,0.004627,-0.0016219,-0.00051422,0.095006,-1.9492,0.28222,-34.291,-1.6574,18.012,-0.84373,-18.1
56.4,-0.0096722,0.011546,-0.00551,-0.99486,0.0048962,-0.004204,0.0042503,0.60509,-2.3329,1.5303,-37.139,1.5767,18.327,0.13212,-15.436,-0.011474,-0.0099609,-0.0054102,-0.97657,-0.0057196,-0.0029548,-0.003808,2.0775,-5.8156,0.55875,-33.921,-0.52327,17.414,0.40459,-17.192
56.5,0.0056727,-0.0058086,-0.0092748,-0.98857,-0.0033041,-0.0056118,0.0014263,0.52036,-3.5564,0.62515,-33.205,1.7633,19.522,-0.51712,-17.087,-0.011468,0.0009965,-0.013555,-0.99862,-0.0045615,-4.8995e-05,0.0079746,-0.1497,-2.3579,-0.23401,-37.474,-0.95933,17.987,0.14644,-17.209
56.6,-0.012637,-0.0012249,0.0023147,-1.0085,0.0019758,-0.0015697,-0.0038477,-0.44594,-3.0651,1.0895,-35.174,1.1593,19.084,-0.24952,-16.007,0.026093,0.011864,-0.0032373,-1.0087,-0.00080159,-0.00021013,0.0030743,0.17218,-5.2934,-1.9884,-34.272,0.68985,19.516,0.33907,-19.01
56.7,0.0075708,-0.0066677,-0.0132,-0.99303,0.0032596,-0.0025924,-0.001756,0.20338,-3.53,0.15256,-35.319,0.79478,19.044,-0.42325,-16.938,0.00396,-0.0034438,0.0068096,-1.016,-0.0033089,0.0029055,-0.0055957,-0.85222,-5.3741,-0.19662,-36.153,2.8705,18.088,-0.25481,-16.461
56.8,-0.0063639,-0.0016891,0.0014791,-1.0016,-0.0019016,-0.0015,0.00076288,0.38268,-3.957,-0.20057,-36.19,-1.4438,20.372,-0.12318,-15.598,-0.0086484,-0.00019064,-0.0050339,-1.0002,0.0043449,0.0020235,-0.0087523,-0.19634,-2.1863,1.7532,-35.944,-0.42754,19.273,-2.1251,-16.188
56.9,-0.0058212,0.023399,0.023093,-1.0058,0.0045682,-0.0051079,0.0021294,2.1132,-3.5807,1.053,-36.035,-0.5436,18.962,-0.44679,-15.897,0.019092,-0.005516,0.0043871,-1.0017,0.00043849,0.006641,0.00081758,1.1134,-3.5726,2.1051,-36.63,-0.22048,18.159,-2.006,-16.457
57,0.012986,0.013052,0.014718,-1.0006,0.0023101,-0.0038831,-0.000237,0.95883,-3.4698,0.50807,-35.827,-0.013295,17.244,1.354,-16.776,-0.021089,-0.0079652,-0.014953,-1.0157,-0.0046069,0.0017861,0.0087956,-1.4494,-2.8126,0.27204,-36.158,-1.4241,19.586,-1.6971,-16.553
57.1,-0.0016319,-0.0078358,-0.00047468,-1.0022,0.0014055,0.00089567,0.001891,0.87617,-1.9734,-1.0418,-35.961,-1.4801,19.939,-0.56066,-17.468,-0.017185,-0.014555,-0.0015395,-0.98233,-0.011228,0.004927,-0.0021314,-0.40569,-4.573,-0.013629,-34.967,0.79933,17.226,1.0391,-16.05
57.2,-0.00057036,-0.0022652,-0.0036973,-0.97993,0.003244,0.0085439,0.00036859,-0.82708,-1.7397,0.56427,-34.64,0.039575,18.641,0.0064174,-15.875,-0.0012834,0.0039629,-0.0082653,-1.0122,0.0041389,-0.0021168,0.00031704,-1.2294,-4.8761,1.2821,-34.119,0.2123,21.395,1.2956,-17.742
57.3,0.0031127,0.010385,0.0071975,-1.002,-0.00086877,-0.008553,0.0093475,1.0942,-4.4463,1.8753,-34.763,0.8204,19.178,-1.2685,-15.534,-0.0054409,-0.0085986,0.0032817,-0.99952,0.010668,0.0044297,-0.0021907,0.92771,-5.2344,-1.3368,-35.718,0.22219,19.295,0.35467,-16.867
57.4,-0.0009533,-0.013802,-0.011537,-0.98616,0.00098452,0.0054722,0.0019325,0.49719,-2.5485,1.6213,-35.668,-0.0071711,19.226,-1.6388,-16.405,0.0085786,-0.0020299,-0.0011754,-1.0102,0.0070091,0.0029141,0.0043342,0.34523,-5.5899,2.8671,-37.123,0.15928,18.094,-1.6321,-15.995
57.5,0.0057345,-0.0055474,0.0049108,-1.0079,-0.003479,-0.00067024,0.0045154,0.80115,-3.8518,-1.0553,-35.273,0.98552,18.503,1.2119,-15.779,0.0052301,-0.0058801,0.0014631,-1.0032,-0.0028477,-0.0012493,0.0023244,2.0239,-4.5495,-2.2955,-35.328,-0.85374,17.485,-0.9163,-16.564
57.6,-7.5216e-06,-0.0017856,0.011473,-0.99137,0.0032491,4.1666e-05,0.0056802,-0.34493,-3.5307,-0.85306,-35.449,1.0133,15.825,-0.81,-15.57,0.00095183,0.0084037,-0.0014149,-0.9815,-0.0039621,0.0009926,-0.0034242,-0.86289,-2.2115,-1.0785,-35.311,1.5927,18.44,-0.83419,-16.357
57.7,-0.0055955,-0.0028727,-0.0022267,-1.0052,-0.0011719,0.0049851,0.00049209,-0.14505,-5.5781,2.5506,-35.603,2.5405,20.008,0.47797,-17.514,0.0022154,-0.0058115,-0.0021094,-0.98923,-0.0026452,0.0020428,0.0021178,-0.37048,-0.28604,0.70465,-35.97,0.61814,17.057,-0.154,-17.245
57.8,-0.004559,0.017205,-0.00067414,-1.0111,-0.0089171,-0.00023097,-0.0021901,-0.43466,-3.7003,0.67444,-36.839,1.3016,18.728,0.021527,-16.484,0.00067183,0.0073708,0.00049474,-0.9984,0.016833,0.0019091,0.0026206,-0.49912,-4.0297,-1.3874,-36.338,-1.1669,17.812,-0.48879,-16.357
57.9,-0.0038717,-0.016801,-0.0064672,-0.97643,-0.0019606,-0.0011701,-0.0045859,-0.71356,-3.5742,1.4668,-34.737,-0.065331,20.203,-1.1986,-16.089,0.0062156,-0.015443,-0.0078289,-0.98763,0.0052529,0.0012584,-0.003154,-1.4772,-3.4472,-0.30384,-34.401,-0.61578,18.944,-1.0212,-17.672
58,0.0040387,0.0051539,-0.0022485,-1.012,0.00064126,-0.0094011,0.0021056,1.7379,-1.6364,-0.91561,-35.51,0.70801,19.986,-0.82732,-17.199,-0.012879,0.0080096,-0.0070746,-1.0094,0.0012372,-0.0023544,-0.0067271,-0.69362,-3.1159,-0.16623,-33.822,-1.5501,19.76,-0.68891,-17.25
58.1,-0.0036968,-0.0093119,0.017279,-0.9978,-0.00044214,0.0049262,0.010667,-0.26221,-3.0679,0.091843,-34.363,-0.78714,19.703,-0.44614,-19.01,-0.0025833,-0.0089985,0.013059,-0.9982,-0.0068467,-0.0039908,0.0080256,-0.54023,-3.7658,-1.7185,-33.997,-0.32492,18.62,1.9156,-16.986
58.2,-0.0046428,0.0018802,-0.011757,-0.99865,0.0028301,0.0060381,-0.0028252,-0.69167,-4.3862,-0.92165,-34.702,2.2509,17.333,0.63388,-16.228,0.011956,0.018187,-0.0021141,-0.98925,0.005693,-0.00351,-0.00119,-1.6628,-4.8914,-1.0169,-36.03,-1.0998,17.282,-0.1804,-17.963
58.3,-0.010489,-0.013551,0.0047076,-1.0121,-0.0024058,0.0014487,-0.004726,1.4096,-3.7865,0.79823,-37.103,1.0937,17.631,0.55344,-15.782,0.0091611,0.0045242,0.010516,-0.98883,0.0066183,-0.004015,0.0012956,0.62688,-4.5663,-0.93837,-34.163,0.82365,18.652,0.63388,-18.533
58.4,-0.0055524,0.00036163,0.012837,-1.0063,-0.0021011,0.0067254,0.00098296,0.62085,-3.9708,-0.17202,-34.153,-0.45225,19.845,-1.8318,-16.649,0.0079655,0.0029596,-0.012515,-1.0049,-0.00596,-7.1142e-05,0.0070391,-0.12396,-3.0068,-1.6308,-37.719,-0.51665,17.602,-0.79226,-14.954
58.5,0.012023,0.015232,0.028827,-0.98978,-0.0016355,0.0032722,-0.00024674,-1.0608,-3.199,-0.52357,-35.14,0.57277,18.271,-1.6657,-16.904,-0.0081418,-0.0020721,0.010553,-1.014,-0.011348,0.0032527,0.00083092,1.0905,-1.6149,-0.56557,-33.506,-1.0266,18.442,-0.94989,-16.22
58.6,0.0064098,-0.00072719,-0.0066626,-1.0026,0.010627,0.0034732,-0.0012953,-0.099176,-4.7674,0.82366,-35.74,1.3532,19.758,-0.3072,-16.608,-0.0027946,-0.0060392,-0.0047948,-1.0193,0.004269,-0.0075583,0.005089,-1.0215,-3.8618,-1.2795,-34.877,0.10057,18.915,0.68231,-14.926
58.7,-0.012851,0.0087207,0.0035173,-0.99182,0.0013053,-0.0016799,0.0054716,-1.9818,-5.2314,-1.2588,-36.847,0.0098804,17.859,1.1393,-18.989,0.021361,0.026117,0.0073741,-1.0024,0.0017883,0.0076084,-0.00048061,-0.11075,-2.1196,-1.2287,-38.176,1.7669,20.634,1.9901,-16.426
58.8,-0.0048808,-0.01512,-0.011262,-0.99687,-0.0024892,0.0052996,0.0029715,1.3506,-2.508,-2.0695,-36.325,-0.313,18.989,-0.19239,-16.137,0.01599,0.0083636,0.0047748,-0.99198,-0.0020154,0.0086004,0.00389,1.6076,-1.9136,0.068474,-35.77,2.0581,18.76,-1.1255,-16.122
58.9,-0.00079613,0.0083193,0.0081979,-0.98716,0.0014663,0.0047438,-0.003339,0.66559,-1.8762,-0.41947,-37.53,0.5775,18.774,-1.6905,-15.615,0.00038788,0.0051098,-0.0015325,-1.008,-0.00018641,-0.0017892,-0.00050345,0.92019,-2.5937,0.050852,-35.339,-1.6965,20.822,1.3544,-16.58
59,0.0017853,0.0014904,0.017599,-0.99433,0.00078475,-0.0029324,0.0041103,-1.1285,-2.5829,-1.1437,-36.42,-2.3227,18.296,-0.23693,-15.782,-0.018983,-0.0072376,0.0095523,-1.0027,-0.0024697,-0.00028155,-0.0022044,1.3274,-3.0178,1.852,-35.509,-1.4258,20.199,-0.69394,-16.761
59.1,0.002344,-0.007181,-0.0068842,-1.0075,-0.0060787,-0.0070752,0.00069058,1.1773,-2.6791,0.27355,-33.725,-0.14993,20.785,0.16326,-16.362,-0.019566,0.021134,-0.0082084,-1.0064,0.0048185,-0.0024254,0.0044773,-0.54643,-4.1019,-0.81329,-37.218,1.2358,18.815,0.47536,-17.852
59.2,0.0012161,0.01086,-0.0078811,-1.0091,0.0027245,-0.002415,0.0075766,-1.4584,-4.0945,-0.71181,-34.785,1.4537,20.015,1.319,-16.185,0.015187,0.014653,-0.0093216,-0.99401,-0.0045052,0.0030697,0.003967,-0.078825,-2.6239,0.034964,-36.354,-0.16416,18.398,0.21981,-17.406
59.3,-0.0098479,0.008035,0.0076012,-1.009,0.0019555,0.00057655,-0.0023055,-0.37968,-3.2327,-0.027542,-35.621,1.7476,19.077,0.54472,-14.6,0.00098372,0.010895,0.0075827,-0.99453,0.00083885,0.0018512,-0.0032018,-1.7614,-4.5752,-1.1269,-35.016,0.31272,18.521,0.81874,-16.335
59.4,-0.0039217,-0.0067633,-0.0045266,-0.99426,0.00082023,0.0040449,-0.0082252,-0.36196,-2.9746,-0.040766,-35.714,1.1974,20.292,1.1605,-13.897,-0.0091027,-0.0011383,-0.01045,-0.99735,-0.0058246,-0.00050045,0.0045915,1.1973,-4.7109,0.91588,-37.334,-0.3837,21.798,-0.38118,-14.967
59.5,0.0063747,-0.0019816,0.012816,-0.99248,0.0044274,0.00073553,0.0028527,0.35569,-3.0501,0.51387,-35.166,0.35876,20.025,-2.0847,-15.887,-0.0068776,-0.013919,-0.0072124,-0.99243,0.006067,-0.0001479,0.0056345,1.544,-3.0129,0.55234,-34.084,-0.66285,18.078,-2.0674,-15.128
59.6,-0.0044607,-0.01264,-0.00071242,-1.0157,-0.010409,-0.0064269,-0.0082429,1.2785,-3.8759,-1.9189,-36.077,-0.66143,17.599,-1.2433,-16.239,-0.00057954,0.0047821,-0.00069363,-0.99063,0.0040943,0.00030834,0.0006463,0.64716,-1.8806,2.0354,-35.719,-0.10993,17.88,-1.1655,-16.011
59.7,0.017091,-0.002351,-0.0081318,-1.0223,-0.004424,-0.0087852,-0.0077262,-1.984,-3.3542,-1.0965,-36.022,0.65321,18.042,-1.1338,-16.196,0.02106,0.010436,-0.00055109,-1.0019,0.0051921,-0.0080379,0.0002194,0.92067,-2.3092,0.47697,-35.384,0.53127,18.537,-0.43674,-16.807
59.8,-0.014331,0.0078864,-0.010818,-0.99268,0.00086338,-0.0033339,-0.003301,0.80705,-4.7331,-1.8037,-36.565,-0.34026,19.04,1.2386,-16.478,-0.021083,-0.0010726,-0.0035489,-0.9923,-0.0031117,-0.0083212,0.00053452,-2.6087,-3.7695,0.72746,-35.328,1.2675,17.31,0.85601,-18.079
59.9,0.011739,-0.013052,-0.013448,-0.99749,0.0070563,-0.0034043,0.010086,-1.6906,-4.722,-1.2902,-35.056,0.41424,19.368,0.80431,-18.711,0.0052041,-0.0082157,0.0070093,-0.99644,0.0045844,0.010515,-0.00057319,1.0358,-3.165,-1.7449,-36.51,1.0055,20.498,0.97274,-19.053
60,-0.0040874,0.0052418,-0.0013919,-0.98683,-0.0066094,-0.0060842,-0.0034814,2.1264,-5.9328,-0.85186,-34.835,0.36846,17.712,-0.54436,-16.885,0.0064938,0.0090903,-0.013076,-1.0214,0.0097204,-0.0033839,-0.0034543,1.161,-5.3628,-0.90069,-35.726,-1.618,19.075,-0.47192,-16.546
