time,q1_healthy,q2_healthy,q3_healthy,q4_healthy,omega1_healthy,omega2_healthy,omega3_healthy,wheel1_i_healthy,wheel1_w_healthy,wheel2_i_healthy,wheel2_w_healthy,wheel3_i_healthy,wheel3_w_healthy,wheel4_i_healthy,wheel4_w_healthy,q1_faulty,q2_faulty,q3_faulty,q4_faulty,omega1_faulty,omega2_faulty,omega3_faulty,wheel1_i_faulty,wheel1_w_faulty,wheel2_i_faulty,wheel2_w_faulty,wheel3_i_faulty,wheel3_w_faulty,wheel4_i_faulty,wheel4_w_faulty,
0,0,0,0,0,0,0,0,0,0,0,0,0,0,0,0,0,0,0,0,0,0,0,0,0,0,0,0,0,0,0
0.1,-0.72626,-0.0089213,0.13521,-0.6837,-0.007735,-0.0026382,-0.0035007,-1.2072,0.13552,0.0035695,0.24898,-0.066739,0.054235,-2.4483,0.65094,-0.70244,0.027234,0.10799,-0.69272,-0.0048773,-0.0022049,0.011671,0.57906,2.0944,0.30222,-0.12747,-1.062,-0.97852,-1.3897,1.4713
0.2,-0.69079,0.015175,0.099749,-0.69321,-0.0071355,-6.9233e-05,0.0092147,0.19591,-0.44536,0.82281,1.7787,-1.6631,-0.76559,0.27455,-0.52397,-0.71096,0.0046421,0.12589,-0.68993,-0.007032,-0.001234,0.0025587,1.3859,2.6666,-1.0904,-0.70426,0.70562,-0.24932,-1.5568,0.72317
0.3,-0.71049,-0.0034691,0.13046,-0.69945,0.0055384,0.00013093,0.0010741,0.80117,0.017201,-0.64063,0.34363,-1.5623,-2.4769,-1.3753,1.292,-0.69573,0.00083476,0.10563,-0.69159,-0.009756,-0.0015573,-0.0030918,-0.93853,-0.47805,-0.7319,-1.0338,-1.2784,-1.1861,-1.9571,-2.404
0.4,-0.71188,0.017587,0.11502,-0.70032,-0.015323,0.00019599,0.010202,-0.8308,-0.39395,0.9128,1.4848,-0.9512,-0.1999,-0.83623,-3.016,-0.71602,-0.0015715,0.13556,-0.67964,0.0081187,-0.0016093,0.0074763,0.56461,1.2663,1.0466,-0.061304,-1.5709,-0.58961,-1.137,0.47597
0.5,-0.69924,0.00016904,0.11016,-0.70152,-0.0056475,-0.0029118,0.0056178,-0.00040664,1.1161,-0.25983,-0.58999,-2.4775,-1.6617,-1.0843,-2.1707,-0.7063,-0.0016668,0.11921,-0.69447,-0.0057686,-0.0032078,-0.0012018,1.2609,2.5088,1.1654,0.65358,-0.094191,-3.2528,-0.82739,-3.1263
0.6,-0.6983,0.021682,0.13164,-0.70223,-0.01314,0.0050385,0.0017283,-0.25247,0.39449,-0.24527,0.19685,-2.1446,-1.2884,-3.0872,-0.32112,-0.7201,0.015573,0.14086,-0.68662,-0.0013841,-0.0011333,-0.00028694,1.9038,3.2746,2.141,-1.6867,0.13155,-0.0070971,0.41242,-2.354
0.7,-0.69558,0.0046288,0.11559,-0.68927,-0.017389,-0.0052255,0.00015517,0.83352,0.69514,-1.2601,-2.3958,0.38497,-1.0574,-0.035431,-0.9427,-0.70319,0.0058848,0.12116,-0.69083,-0.0085695,-0.0067324,0.0077775,-0.10623,3.7628,-1.1555,0.87889,-2.0045,-2.7834,-2.5256,-3.0412
0.8,-0.70418,0.0075155,0.12657,-0.68518,-0.0041221,-0.0013904,0.016403,1.3562,3.2238,-0.12303,-1.85,-0.34677,-2.2936,-2.9606,-1.4463,-0.69863,0.0012079,0.12312,-0.68953,-0.017188,-0.0022387,0.014322,1.3018,0.54746,-0.53978,0.63772,-1.0924,-0.36003,-1.4844,-1.1766
0.9,-0.69261,0.00010461,0.12926,-0.69984,-0.016638,0.00027474,0.012774,1.0261,2.7083,-0.30479,0.16764,-0.82315,-1.12,-2.0103,-1.9463,-0.69209,0.012938,0.12855,-0.7128,-0.0070691,-0.012969,0.0098836,0.38544,1.0727,-2.1238,1.9956,-1.6138,-2.0615,-0.1836,-1.9196
1,-0.70239,0.01038,0.10114,-0.70136,-0.011803,-0.0039609,0.0040237,-0.54526,1.2591,-0.45918,0.12685,1.7712,-2.8326,-1.7816,-1.7812,-0.70594,-0.018727,0.11357,-0.69569,-0.016287,-0.0058757,0.018432,-0.54005,2.3437,-0.29576,0.54029,-1.4813,-3.8097,-1.8049,-3.8195
1.1,-0.70603,0.0059306,0.11593,-0.69182,-0.017672,-0.0031905,0.017254,0.26685,3.8364,-0.47551,-0.8166,-1.492,-1.6055,-0.96162,-3.2509,-0.6919,0.018629,0.12685,-0.72029,-0.018424,-0.015488,0.013983,1.4316,3.0107,-0.43601,-0.90792,-1.1102,-1.6252,-1.0127,-3.2518
1.2,-0.72027,-0.011391,0.12305,-0.69874,-0.02131,-0.012898,0.015591,0.76724,3.4945,-1.5484,-1.0699,-3.0114,-3.2803,1.2687,-4.3468,-0.69949,0.020426,0.12106,-0.70694,-0.017942,-0.0036364,0.023658,0.34538,2.8769,-1.334,1.0186,-0.16191,-2.9878,-0.81556,-3.1473
1.3,-0.68678,0.0027672,0.11273,-0.7036,-0.019007,-0.0038689,0.020987,-0.24888,3.2295,-0.14364,-0.8247,-1.4707,-4.2248,-1.7428,-5.0039,-0.70291,0.015736,0.10902,-0.71092,-0.0186,-0.0028996,0.017822,0.98648,4.6149,0.71336,-0.34735,-0.0082226,-3.2342,-0.28373,-4.3085
1.4,-0.7039,0.0095734,0.15367,-0.70369,-0.01706,-0.0072007,0.014531,0.90345,4.4654,0.54543,0.12577,-0.038071,-4.717,-1.4195,-5.631,-0.68756,0.0022447,0.10826,-0.71227,-0.010086,-0.015654,0.023372,1.8197,2.8478,0.48946,-1.7112,-0.14739,-4.3855,-0.73097,-5.1194
1.5,-0.69625,0.013199,0.12573,-0.68879,-0.0215,-0.0055905,0.025743,-0.39483,3.5444,-1.4031,-0.92628,-0.016228,-4.7033,-1.1407,-4.1694,-0.72235,0.0038359,0.11784,-0.69151,-0.025072,-0.0045862,0.027264,-0.085996,5.4053,0.086588,0.60271,-0.58259,-5.1055,-2.209,-3.8971
1.6,-0.71524,0.0073729,0.13111,-0.72122,-0.019335,0.0023767,0.025556,1.4347,5.2541,-1.3971,-1.8406,-1.641,-4.5414,-0.076192,-6.4673,-0.69989,-0.0054348,0.1312,-0.7205,-0.025059,-0.014366,0.015908,2.404,4.2119,-1.4388,-1.0544,-1.7057,-6.2428,-0.93775,-3.5211
1.7,-0.70695,-0.013606,0.10148,-0.70038,-0.022643,-0.0079499,0.023746,0.54767,3.9133,0.27332,-0.41302,-0.49057,-5.6825,-1.2147,-4.9788,-0.70804,0.0079119,0.12108,-0.70626,-0.019508,-0.0093961,0.018933,1.8403,3.9575,-1.1144,-2.0685,-2.0288,-8.1866,-2.2681,-5.0203
1.8,-0.71238,0.013184,0.11473,-0.70224,-0.02998,-0.0073098,0.019626,0.82833,5.0008,-1.6955,-2.1072,-0.12812,-7.3105,-2.0506,-6.3369,-0.6982,0.0096602,0.11672,-0.73025,-0.026094,0.0037493,0.022301,1.29,5.8921,-0.48826,-0.5965,-0.082992,-5.0221,-3.2676,-7.5773
1.9,-0.7079,0.012676,0.12812,-0.70503,-0.019496,-0.018248,0.029228,1.9945,3.7616,0.81251,-1.8882,-0.94795,-8.9367,-0.76407,-8.0582,-0.69788,0.0026407,0.10818,-0.71366,-0.02674,-0.012409,0.038247,2.2002,5.8956,0.31587,-2.3434,-0.96018,-5.6783,-1.3848,-8.0728
2,-0.71447,-0.00047669,0.098967,-0.70623,-0.028074,-0.0096169,0.033744,1.5269,4.7597,0.14956,-1.4759,-1.8682,-7.3071,0.45555,-6.2468,-0.69495,0.021902,0.13321,-0.69891,-0.029706,-0.0007248,0.032073,0.5504,4.7673,-0.60208,0.91056,-1.3352,-6.6589,-1.6337,-6.8189
2.1,-0.69758,0.010815,0.12766,-0.7051,-0.035257,-0.011245,0.034144,-1.0834,3.4371,0.067608,-0.69528,-0.1479,-8.5045,-3.0417,-6.037,-0.68874,0.0067656,0.11507,-0.70712,-0.034486,-0.017639,0.022993,0.66178,5.1329,-0.13293,-0.058505,-0.63923,-8.5263,-0.98834,-8.6081
2.2,-0.68141,0.0086227,0.11075,-0.70754,-0.034957,-0.008247,0.034321,1.8732,5.8238,-0.64769,-1.0295,-0.46554,-7.5346,-2.2261,-7.3784,-0.69161,0.015098,0.11103,-0.71144,-0.036154,-0.014967,0.037622,2.1169,4.1873,0.23621,-2.318,-1.1933,-6.5341,-1.1706,-7.7398
2.3,-0.69974,0.0064248,0.11024,-0.70495,-0.03046,-0.012541,0.032926,0.060409,6.8298,0.10791,-3.2941,-0.8158,-8.8412,-2.3516,-8.3353,-0.69935,0.02074,0.13287,-0.7182,-0.032515,-0.011162,0.039047,-0.13872,5.9472,0.40584,0.30206,-0.88186,-7.7259,-2.814,-8.0155
2.4,-0.69715,0.0059898,0.099013,-0.71155,-0.033035,-0.0030019,0.022455,0.1375,5.4741,-0.68949,-2.2125,-2.4826,-7.5245,-2.2929,-7.9538,-0.69277,0.013521,0.11641,-0.73161,-0.025776,-0.013667,0.041142,1.9091,6.2985,1.6039,-0.80656,-1.077,-7.6893,-0.35995,-9.8589
2.5,-0.68701,0.013023,0.12728,-0.72996,-0.048033,-0.016989,0.038258,0.681,6.9492,0.36542,-2.2198,-1.136,-6.9843,-1.4226,-7.9516,-0.68712,0.011646,0.11069,-0.72902,-0.034739,-0.013042,0.02478,1.272,5.4494,1.3313,-2.6982,-2.3562,-8.8471,-2.3409,-8.6742
2.6,-0.68273,0.012805,0.12425,-0.73032,-0.035972,-0.0081254,0.033334,-0.57313,5.9272,-0.77167,-1.6827,-0.46327,-8.5133,-1.5942,-9.6808,-0.68635,0.030257,0.1155,-0.70942,-0.031412,-0.0058883,0.043164,0.99082,7.3429,-0.13114,-2.1567,-1.9072,-8.646,-0.88306,-7.829
2.7,-0.69932,0.02725,0.10072,-0.7143,-0.040515,-0.020992,0.044626,-0.32773,7.2098,-0.37022,-0.8793,-2.094,-11.537,0.070217,-9.164,-0.70409,0.0069378,0.10972,-0.71456,-0.041557,-0.011636,0.035173,1.3264,8.3861,-0.044286,0.02172,-1.0446,-10.706,-0.047098,-10.938
2.8,-0.6903,0.01948,0.1085,-0.73352,-0.042474,-0.004254,0.041972,1.4828,7.0522,-1.3326,-3.3279,-0.71045,-9.7898,-1.7334,-10.094,-0.69287,0.013447,0.098658,-0.71677,-0.03758,-0.020707,0.039001,-0.040925,8.7361,0.11771,-1.0918,-0.12498,-10.176,-1.0638,-8.2601
2.9,-0.69302,0.018884,0.10934,-0.72046,-0.048908,-0.0074825,0.051862,-0.36895,7.3956,-1.1154,0.77441,-1.9296,-9.3432,-1.6713,-8.7128,-0.69,0.025822,0.12078,-0.73718,-0.046785,-0.017932,0.040587,-0.019828,8.0173,-0.92345,-2.4664,-1.17,-10.409,0.031114,-10.255
3,-0.661,0.012678,0.12898,-0.70993,-0.047884,-0.0052729,0.043642,1.3506,8.0373,-1.2021,-3.4623,-2.0935,-10.687,-1.9246,-10.965,-0.66491,0.032954,0.1164,-0.71447,-0.045326,-0.0094017,0.043564,-0.50458,5.6997,-1.1109,-2.6174,-0.44841,-11.739,-1.5139,-11.403
3.1,-0.68271,0.038067,0.099489,-0.72863,-0.041791,-0.014199,0.042572,0.92429,7.8789,0.78287,-1.8612,0.15229,-10.329,-1.1695,-9.2035,-0.65951,0.022731,0.090071,-0.73248,-0.052907,-0.014987,0.043741,-0.71483,10.278,-2.0786,-2.591,-0.45562,-10.016,-1.5612,-10.981
3.2,-0.68244,0.024154,0.089995,-0.73919,-0.047236,-0.015569,0.051041,0.29516,8.6544,-0.23444,-0.80799,-0.53161,-9.8598,0.023709,-11.601,-0.65961,0.0046768,0.10495,-0.71249,-0.049874,-0.011864,0.047296,1.077,9.0543,-0.60692,-0.85195,-1.5353,-10.72,-0.36605,-13.443
3.3,-0.68559,0.039818,0.092661,-0.73375,-0.04554,-0.019934,0.055944,1.8272,10.244,-0.30958,-1.1606,0.14487,-11.572,-1.2676,-13.405,-0.67045,0.038331,0.1087,-0.73023,-0.052917,-0.02246,0.049551,0.27599,9.6493,0.59894,-2.6418,-1.7905,-11.269,-1.5976,-12.64
3.4,-0.6658,0.037923,0.10964,-0.73391,-0.050019,-0.012816,0.047974,0.8886,10.39,-0.40858,-3.7268,-2.4637,-11.573,-0.24126,-11.899,-0.68727,0.022549,0.097307,-0.72844,-0.046525,-0.012587,0.050847,0.66877,8.632,-1.3622,-2.8872,-0.20954,-12.833,-2.1814,-13.895
3.5,-0.68152,0.030684,0.10566,-0.7384,-0.050704,-0.013927,0.05082,-0.40811,9.2501,-0.93098,-3.3023,-1.0035,-10.853,0.91971,-12.506,-0.682,0.04562,0.09402,-0.75424,-0.051825,-0.015206,0.054509,1.3731,8.9587,-0.28036,-2.6606,0.92738,-11.542,-1.3253,-12.179
3.6,-0.66291,0.038005,0.10869,-0.73622,-0.0571,-0.016317,0.058905,-0.50434,8.8115,-0.78762,-4.0155,-0.90007,-12.464,-1.9045,-13.826,-0.66693,0.030674,0.1055,-0.7436,-0.06121,-0.021202,0.055878,-0.28525,9.5794,-0.027625,-2.644,1.4067,-10.165,-1.7624,-13.866
3.7,-0.6753,0.046097,0.090637,-0.74214,-0.059456,-0.0058123,0.048076,1.87,9.3938,-0.47148,-2.4401,1.1589,-10.306,-1.1273,-12.313,-0.67295,0.052447,0.098252,-0.72767,-0.057579,-0.014446,0.053574,0.19735,7.7264,-0.67931,-3.3983,-1.0104,-10.976,-2.2413,-11.586
3.8,-0.65447,0.034869,0.082547,-0.75166,-0.058645,-0.016045,0.058237,1.8815,10.224,-0.2887,-2.0894,-1.5646,-12.647,-2.8098,-14.203,-0.65768,0.035758,0.090647,-0.73642,-0.052825,-0.0064684,0.049098,1.4431,9.8067,-0.34335,-3.5554,-0.32416,-10.704,-1.4724,-14.265
3.9,-0.68193,0.051257,0.079221,-0.75685,-0.065365,-0.01574,0.059174,0.66301,12.584,-2.2054,-4.0746,-1.0244,-11.04,-1.6912,-13.468,-0.6576,0.050294,0.090713,-0.75682,-0.065444,-0.012485,0.052452,2.8372,10.949,-0.88704,-2.6476,-0.14295,-12.696,1.1351,-15.243
4,-0.65676,0.041199,0.099201,-0.74187,-0.065418,-0.0048101,0.055378,0.3636,11.049,-0.51093,-4.5093,-0.78393,-12.16,-0.30267,-16.063,-0.6704,0.041489,0.1096,-0.72654,-0.057962,-0.014691,0.057253,0.35442,9.82,-1.1162,-3.4152,-0.5751,-11.668,-1.3434,-14.427
4.1,-0.64874,0.040498,0.086684,-0.74116,-0.060355,-0.013312,0.053339,1.5628,10.057,-1.5225,-5.3077,-0.58787,-14.321,-2.0719,-13.575,-0.66514,0.055065,0.095269,-0.76276,-0.059363,-0.018637,0.065267,-0.49546,11.118,-0.52866,-2.8382,-2.1985,-11.835,-0.15198,-13.796
4.2,-0.6556,0.037243,0.10173,-0.74056,-0.059692,-0.013499,0.054713,0.94637,10.528,-0.40904,-3.8549,-1.6359,-12.057,-0.28182,-15.481,-0.66009,0.051432,0.067734,-0.73784,-0.065471,-0.018124,0.055504,-0.19643,9.3902,-2.4065,-5.432,0.93688,-12.109,0.01147,-14.398
4.3,-0.64926,0.061678,0.10409,-0.73949,-0.060665,-0.0039334,0.065588,1.6901,10.667,-1.5495,-5.7472,-2.8524,-13.583,-1.3022,-13.899,-0.65577,0.05673,0.10136,-0.75367,-0.071272,-0.016929,0.069688,-0.38511,9.9945,-1.584,-5.3113,-1.2375,-13.413,-1.4469,-13.896
4.4,-0.65987,0.064852,0.10375,-0.74272,-0.052179,-0.021785,0.065632,-1.7422,9.8197,-0.85284,-6.306,-0.29284,-11.013,-1.1398,-16.257,-0.65826,0.048639,0.09613,-0.7357,-0.064274,-0.012521,0.06669,0.027833,12.751,-2.3148,-7.003,0.33951,-14.047,-0.056698,-14.659
4.5,-0.64767,0.050749,0.081998,-0.73712,-0.06377,-0.0069315,0.068114,1.623,12.271,-0.28886,-5.9969,-0.82134,-14.178,-0.4435,-16.877,-0.65835,0.058765,0.099056,-0.75384,-0.063801,-0.013299,0.064023,0.73751,11.229,0.1178,-9.966,-0.39232,-14.097,-0.78015,-17.408
4.6,-0.6585,0.066359,0.067329,-0.75549,-0.067265,-0.0074063,0.060141,0.78816,10.197,-0.85072,-5.2234,0.41865,-11.107,-0.64101,-16.435,-0.63688,0.04279,0.066001,-0.73675,-0.076896,-0.019863,0.064518,1.9524,12.297,-1.7266,-6.1907,-0.091771,-13.191,-1.4889,-15.003
4.7,-0.64198,0.043989,0.085676,-0.75992,-0.066894,-0.0061165,0.066324,2.0564,12.628,-0.31613,-6.8771,-0.21284,-13.597,0.17635,-19.119,-0.65059,0.07985,0.081304,-0.76749,-0.069804,-0.0075921,0.064043,1.4982,13.924,0.16973,-7.1263,-1.0413,-12.79,-0.074557,-17.504
4.8,-0.63708,0.075397,0.062321,-0.75404,-0.067366,-0.012364,0.069555,2.0505,10.486,-1.1328,-7.7352,0.58288,-13.795,-1.365,-15.969,-0.64327,0.077695,0.090604,-0.76578,-0.077007,-0.0095909,0.071718,0.51755,12.553,-2.0831,-7.0909,-0.53657,-13.79,-1.5085,-17.597
4.9,-0.64749,0.061078,0.075157,-0.78557,-0.071549,-0.012333,0.062645,0.079905,12.69,-2.2994,-7.782,-0.3914,-13.461,-2.6999,-17.328,-0.64718,0.064514,0.089823,-0.7645,-0.070993,-0.015979,0.066618,2.7582,11.871,-2.0887,-5.4774,0.77001,-14.736,-1.8002,-18.742
5,-0.6423,0.062392,0.085386,-0.74825,-0.053066,-0.01925,0.079082,1.2903,13.587,-0.66323,-7.252,1.4977,-13.964,-1.9938,-18.785,-0.62515,0.060588,0.084032,-0.77525,-0.067207,-0.0067388,0.066977,0.038864,13.353,0.17187,-6.6122,-1.1585,-14.064,-0.35399,-17.904
5.1,-0.65149,0.076101,0.074291,-0.76581,-0.072858,-0.020879,0.077775,0.58907,14.518,-0.63884,-7.9479,2.1551,-13.38,-1.6876,-18.484,-0.63506,0.054463,0.068363,-0.75451,-0.079768,-0.0090105,0.061778,-0.18903,14.748,-1.3129,-6.1373,0.94491,-12.55,-0.62706,-18.784
5.2,-0.65296,0.083691,0.071771,-0.78114,-0.069618,-0.016392,0.071236,-0.28331,14.419,-2.4171,-9.6453,-0.85781,-12.431,-2.1914,-20.81,-0.62936,0.081565,0.087282,-0.76401,-0.074844,-0.011405,0.077425,1.7519,14.379,-0.47183,-7.4338,-1.0299,-14.477,0.87481,-18.554
5.3,-0.63347,0.086687,0.071469,-0.77245,-0.075851,-0.01043,0.07262,0.66839,14.427,-0.17934,-8.4604,-0.91709,-15.038,-1.4601,-18.282,-0.61272,0.070775,0.066394,-0.75984,-0.079829,-0.019491,0.066894,-1.7599,15.143,-0.99572,-9.3973,-1.8479,-12.549,-0.87612,-18.308
5.4,-0.63422,0.081458,0.05513,-0.78309,-0.078742,-0.014849,0.071991,2.9258,13.299,-0.39228,-8.1762,1.1449,-15.596,-2.7858,-20.809,-0.61974,0.075537,0.071277,-0.76639,-0.077964,-0.014422,0.065161,1.2939,14.563,0.015067,-8.8793,0.32683,-14.979,-1.2868,-19.856
5.5,-0.6135,0.06284,0.080426,-0.77646,-0.08129,-0.011571,0.067376,0.27473,14.67,-0.55034,-9.0387,1.3343,-15.063,-0.090647,-20.884,-0.60757,0.065369,0.079279,-0.76827,-0.083293,-0.015374,0.068946,1.3298,13.056,-2.1931,-7.6268,1.3543,-12.604,-1.7361,-20.333
5.6,-0.61915,0.084737,0.061298,-0.77998,-0.083298,-0.016811,0.07413,0.57668,13.054,-0.33612,-6.1056,-0.19789,-13.783,-2.3644,-19.765,-0.64139,0.083578,0.061546,-0.77283,-0.086322,-0.0097564,0.073281,0.73204,16.226,0.31507,-10.239,0.14778,-15.336,-2.0437,-20.846
5.7,-0.59083,0.10022,0.05673,-0.77551,-0.081883,-0.022177,0.071095,1.2278,16.503,0.21316,-9.051,0.61183,-13.593,0.28373,-21.111,-0.59831,0.094128,0.061047,-0.77341,-0.084613,-0.018138,0.072531,0.77811,15.316,-1.2589,-12.176,1.6294,-15.394,-1.0057,-20.715
5.8,-0.60554,0.094236,0.086219,-0.78385,-0.088801,-0.0025774,0.065186,-1.0334,15.634,-0.57709,-10.578,0.76981,-13.831,-1.452,-22.767,-0.59735,0.083825,0.077989,-0.79419,-0.084157,-0.0083805,0.072203,1.2904,16.069,0.54598,-11.363,0.72495,-13.95,-0.9764,-20.988
5.9,-0.62196,0.090025,0.061426,-0.79486,-0.083997,-0.010038,0.079824,0.30058,14.146,-2.2047,-11.388,0.62395,-14.268,-1.0127,-22.521,-0.60928,0.093475,0.07378,-0.79082,-0.086025,-0.012497,0.077659,0.66808,15.091,0.24505,-9.8426,0.92154,-14.28,-1.5053,-21.274
6,-0.61482,0.087264,0.065219,-0.78644,-0.093513,-0.002106,0.070404,0.96793,16.547,0.37498,-9.9881,0.8685,-13.454,-0.23223,-21.012,-0.58487,0.095497,0.06542,-0.80069,-0.08956,-0.0034794,0.079849,-0.31327,14.585,-3.6122,-11.228,1.0192,-12.785,-1.2187,-21.881
6.1,-0.6033,0.096086,0.055458,-0.80672,-0.095076,-0.014264,0.07617,0.068758,16.951,-2.2604,-13.562,1.0728,-14.784,-3.3568,-22.072,-0.59929,0.10658,0.064203,-0.80219,-0.0912,-0.0090425,0.076518,2.0287,17.314,-2.521,-12.224,0.77593,-15.235,-0.55563,-22.217
6.2,-0.59376,0.10045,0.054444,-0.80488,-0.090786,-0.013023,0.073338,0.31575,17.212,-1.7206,-10.324,0.45935,-15.076,-1.1662,-21.868,-0.61403,0.080008,0.06117,-0.78778,-0.10191,-0.0070921,0.079383,-0.72165,16.455,-0.73279,-11.433,-1.0945,-13.484,-1.0268,-22.941
6.3,-0.59475,0.10417,0.075216,-0.80935,-0.092033,-0.014025,0.08567,1.4929,15.068,1.0623,-12.254,0.26569,-13.469,-2.3752,-23.89,-0.58582,0.11304,0.050658,-0.80235,-0.088523,-0.012929,0.081431,-0.60795,16.721,-3.3409,-11.441,-0.55479,-15.092,-1.3715,-23.136
6.4,-0.60027,0.077213,0.052425,-0.80813,-0.090843,-0.010936,0.080644,1.1626,16.499,-2.6634,-13.781,2.9924,-13.272,-3.6644,-23.629,-0.56802,0.11537,0.046865,-0.8083,-0.089112,-0.0086044,0.072196,0.20968,17.612,-1.1076,-13.099,1.3952,-13.599,-2.5974,-22.311
6.5,-0.58867,0.10475,0.038311,-0.80495,-0.091876,-0.011057,0.078054,0.89756,16.784,-1.4048,-13.77,2.2805,-13.674,-1.3901,-22.97,-0.59125,0.099101,0.057882,-0.80144,-0.092944,-0.0088768,0.068759,0.14478,17.161,-1.2244,-13.453,0.32405,-15.698,-0.43771,-25.144
6.6,-0.57753,0.13632,0.046559,-0.81892,-0.09092,-0.0061843,0.083865,1.2875,16.489,0.040017,-13.209,0.25629,-13.335,0.38878,-25.826,-0.57131,0.1118,0.036738,-0.82124,-0.085726,-0.013743,0.07468,0.3604,14.071,0.044842,-14.143,-0.19836,-14.699,-0.091534,-24.294
6.7,-0.57033,0.090161,0.05014,-0.82662,-0.099187,-0.00096021,0.072566,-0.12142,15.534,-0.77603,-14.273,-0.92566,-14.464,-0.6524,-25.723,-0.56853,0.11938,0.0245,-0.81063,-0.089901,-0.0089016,0.07068,0.86595,16.731,-0.91474,-13.356,1.2799,-12.77,-1.3006,-25.525
6.8,-0.55902,0.11497,0.045894,-0.81411,-0.10334,-0.0071349,0.071758,1.9636,16.111,-3.8102,-13.004,1.0169,-12.212,-1.2961,-23.398,-0.56239,0.13144,0.039022,-0.79993,-0.097074,-0.0049108,0.090947,2.6982,17.087,-1.0503,-13.539,-0.33757,-12.886,-1.9391,-23.821
6.9,-0.56197,0.10632,0.040392,-0.80486,-0.096608,-0.0057035,0.080147,3.1902,17.918,-2.6325,-12.234,1.5025,-12.003,-1.2453,-26.839,-0.57686,0.12686,0.040284,-0.80369,-0.10076,-0.01296,0.078131,1.0551,19.287,-0.95461,-15.051,1.0529,-11.061,-2.2126,-26.802
7,-0.55459,0.12932,0.0089615,-0.83477,-0.1076,-0.0038533,0.08013,0.23972,18.045,-2.2845,-16.073,0.079107,-12.41,-1.3012,-25.694,-0.55027,0.12345,0.046297,-0.81485,-0.097895,-0.0077993,0.084615,2.026,17.882,0.59844,-16.334,1.4431,-12.673,-1.2994,-25.484
7.1,-0.54027,0.10852,0.0064416,-0.81874,-0.10238,-0.0088758,0.08178,-0.065752,17.44,-0.41335,-15.053,0.52316,-13.2,-0.73822,-25.307,-0.56035,0.088277,0.020481,-0.81568,-0.10173,-0.005861,0.077954,0.57079,19.306,-1.293,-13.204,1.0344,-12.98,-1.43,-25.384
7.2,-0.54291,0.11863,0.039343,-0.8347,-0.1055,-0.0023637,0.086184,-0.2432,17.986,-1.1828,-15.346,3.1785,-13.429,-1.0236,-27.126,-0.55281,0.11772,0.021831,-0.82807,-0.10364,-0.010755,0.081622,-0.49075,19.091,-2.233,-17.705,0.63143,-13.61,-0.64941,-27.581
7.3,-0.54024,0.12547,0.035755,-0.81177,-0.10811,-0.0094814,0.082399,0.063479,18.804,-2.5222,-17.97,1.029,-10.836,1.5084,-27.382,-0.53657,0.12603,0.031223,-0.84883,-0.10535,-0.0007082,0.069125,-0.64042,18.859,-1.6838,-17.598,0.10074,-14.085,-1.4563,-26.584
7.4,-0.53585,0.1343,0.025849,-0.84988,-0.1041,-0.00047195,0.082248,2.6688,20.633,-3.4699,-17.384,2.2702,-10.353,-0.15848,-27.801,-0.53515,0.12977,0.029404,-0.82456,-0.11904,-0.0050112,0.077914,0.97563,18.604,-1.9142,-16.072,-1.9063,-12.029,-1.6871,-27.35
7.5,-0.52287,0.12808,0.027091,-0.82915,-0.10625,-0.011597,0.09506,0.71332,18.827,-2.4035,-15.421,-0.013748,-10.57,-0.60863,-25.99,-0.54935,0.12693,0.040515,-0.82511,-0.10178,0.002276,0.075937,1.2821,17.397,1.442,-15.398,1.4928,-11.847,-1.0176,-29.205
7.6,-0.53684,0.14328,-0.010217,-0.83774,-0.11143,-0.0072255,0.081596,1.1733,20.933,-0.51375,-16.26,-0.42484,-12.185,-4.0934,-26.618,-0.52495,0.1311,0.016207,-0.84951,-0.11579,-0.0092286,0.084744,-0.12068,19.63,-2.2446,-16.159,0.35607,-12.971,-1.584,-28.691
7.7,-0.51346,0.11629,0.011483,-0.85126,-0.11661,0.0024212,0.065621,-2.1871,19.528,-0.17654,-16.696,-1.3907,-11.887,0.35057,-28.066,-0.50058,0.14101,0.010676,-0.82697,-0.11513,-0.0056596,0.084054,2.1873,19.626,-0.97245,-16.678,1.4524,-9.9687,-2.5429,-29.625
7.8,-0.51505,0.1348,-0.0012805,-0.85646,-0.11115,-0.0017227,0.074341,1.7797,20.416,-0.89604,-18.01,0.2536,-11.948,-0.27467,-27.937,-0.5148,0.13224,0.01339,-0.83506,-0.1134,-0.011291,0.079894,1.5081,21.819,-0.46404,-18.322,1.018,-11.497,-1.5947,-30.194
7.9,-0.51718,0.13538,-0.010353,-0.84979,-0.11975,-0.0056006,0.067012,1.6796,21.138,0.071448,-18.433,1.9488,-11.744,-0.83902,-29.738,-0.51162,0.14136,0.016906,-0.85996,-0.1147,-0.011238,0.079181,0.49577,19.991,-1.48,-17.65,0.28652,-11.963,-2.3317,-29.187
8,-0.50685,0.13673,-0.0049669,-0.85037,-0.11737,-0.0029217,0.091484,1.4758,21.528,-2.4302,-18.805,0.85803,-9.0649,-1.0035,-29.666,-0.51024,0.14453,0.012673,-0.83823,-0.12052,-0.0010886,0.093431,0.56615,21.738,-2.8708,-17.495,2.3173,-11.119,-0.25636,-31.63
8.1,-0.49567,0.13698,0.011381,-0.84702,-0.11323,-0.00050978,0.075838,-0.22197,18.753,-2.1434,-19.782,0.65853,-9.3811,-1.0756,-30.777,-0.51136,0.1287,-0.0020647,-0.85111,-0.11516,-0.0059992,0.089489,0.17477,18.507,-2.5949,-19.013,1.3608,-9.12,-0.88648,-27.388
8.2,-0.50143,0.14996,0.0073392,-0.86278,-0.11643,-0.0024977,0.076959,-0.4072,22.871,-1.5534,-20.535,0.78508,-7.1569,-2.2976,-29.84,-0.49657,0.14945,-0.0045245,-0.86124,-0.1155,-0.0028956,0.07725,1.9201,20.313,-0.81238,-19.279,3.0137,-8.6339,-0.67647,-31.027
8.3,-0.49848,0.15318,-0.00027356,-0.86804,-0.11684,0.0028394,0.075606,1.3231,22.519,-1.3142,-18.689,0.6839,-10.086,1.9378,-30.203,-0.49361,0.13675,-0.0023548,-0.85729,-0.1159,-0.01415,0.068321,0.56615,22.307,-2.6859,-18.172,3.0331,-9.3594,-1.9176,-30.763
8.4,-0.47756,0.13193,-0.0061758,-0.86658,-0.11997,0.0014424,0.076205,-0.38246,19.898,-1.5421,-18.615,0.5453,-7.6238,-1.1907,-30.781,-0.49615,0.13728,-0.016184,-0.85793,-0.13084,-0.0052173,0.078367,1.7474,21.587,-1.2744,-19.459,0.66804,-7.0535,-0.25631,-32.72
8.5,-0.47694,0.15697,-0.0090636,-0.8629,-0.1226,-0.010701,0.076172,0.46705,22.742,-0.27753,-19.212,1.5115,-7.6677,-1.0092,-31.487,-0.48545,0.14584,0.009201,-0.86874,-0.11002,-0.0045328,0.07238,1.7706,21.606,-0.60779,-18.502,0.52276,-9.6441,-0.64591,-32.946
8.6,-0.47781,0.1625,-0.015587,-0.86063,-0.12571,-0.0043282,0.077502,0.89105,22.444,-1.0284,-22.61,-0.79313,-8.5403,-0.57373,-32.568,-0.47938,0.15597,0.017624,-0.85572,-0.11742,-0.011266,0.07282,0.7239,21.967,-0.32902,-19.114,-0.66357,-6.8952,-0.9481,-31.549
8.7,-0.47437,0.16856,-0.013033,-0.86961,-0.12473,-0.0025046,0.086095,1.0579,20.606,-2.3697,-22.645,0.03068,-7.4416,-1.5026,-32.281,-0.45634,0.1394,-0.020946,-0.86217,-0.11841,-0.0032421,0.078295,1.6562,22.307,0.67919,-21.226,0.21379,-8.4399,-0.88983,-30.271
8.8,-0.44193,0.15718,-0.031215,-0.88872,-0.12597,-0.0036303,0.072879,0.63969,22.434,-2.4613,-23.607,0.72352,-6.2736,-2.0295,-32.306,-0.45782,0.15938,-0.016383,-0.8879,-0.12786,-0.0041925,0.080541,1.8107,22.213,-1.222,-21.466,1.5502,-8.0721,-1.6108,-35.31
8.9,-0.45143,0.17294,-0.014934,-0.88293,-0.12169,0.0036628,0.080984,0.4871,22.037,-0.91435,-23.89,-0.86512,-7.0306,-0.58679,-32.585,-0.47087,0.17608,-0.020821,-0.87683,-0.1264,0.0064279,0.076434,0.39088,22.824,-0.59711,-21.137,2.7391,-6.044,-0.47241,-33.366
9,-0.44613,0.15465,-0.035247,-0.87253,-0.1303,0.0061838,0.079541,0.66679,23.105,0.34717,-22.118,1.2909,-7.0788,-1.3139,-33.236,-0.44927,0.15566,-0.041596,-0.88175,-0.13021,0.0044142,0.073268,0.77673,21.577,-2.5527,-22.642,2.869,-7.8191,-0.4264,-32.379
9.1,-0.45989,0.14929,-0.012823,-0.89802,-0.1316,5.3509e-05,0.069623,1.1612,21.564,-0.36913,-23.623,0.09511,-6.6683,-1.0809,-31.707,-0.44162,0.17885,-0.010348,-0.88196,-0.13066,0.0010882,0.080133,-1.0968,23.348,-1.9405,-22.012,1.6982,-5.4128,-0.32539,-33.378
9.2,-0.44035,0.16555,-0.014339,-0.8999,-0.12929,-0.0030125,0.082146,0.87589,23.001,-0.488,-24.455,-0.16313,-7.7123,-0.81441,-33.456,-0.41427,0.16506,-0.022695,-0.88601,-0.12843,0.0040003,0.087077,0.79764,21.405,-1.1359,-24.112,1.3174,-5.3036,-0.73093,-33.378
9.3,-0.43908,0.16524,-0.034626,-0.8848,-0.12888,-0.001376,0.079096,-0.40407,23.366,-0.83672,-21.992,0.53605,-4.5032,-0.32689,-32.894,-0.44686,0.17286,-0.028292,-0.89439,-0.13321,0.0026636,0.069057,2.0558,23.775,-1.3487,-21.442,-0.88669,-5.3608,-0.57565,-34.726
9.4,-0.41433,0.17251,-0.02124,-0.88288,-0.13728,0.0045466,0.071789,0.16739,24.266,-0.2804,-22.331,-0.13435,-6.5685,-1.01,-33.842,-0.40881,0.16803,-0.010161,-0.88201,-0.13306,0.0015775,0.075454,0.44399,23.165,0.21902,-24.428,1.8271,-5.592,-0.076815,-34.529
9.5,-0.41162,0.16631,-0.029196,-0.90397,-0.12701,-0.0022148,0.076476,-0.90499,25.243,-0.9494,-24.247,1.1757,-5.1781,-0.67726,-33.927,-0.40645,0.1559,-0.022343,-0.9003,-0.12749,0.012052,0.076877,-0.24909,25.263,-0.06605,-23.572,1.5139,-4.2392,0.99573,-33.44
9.6,-0.40822,0.16495,-0.019884,-0.89128,-0.13948,-0.0074503,0.063906,0.96101,23.463,0.49603,-23.753,1.4222,-6.0923,0.48799,-34.144,-0.39743,0.17432,-0.037622,-0.9042,-0.13387,0.0060119,0.065731,1.7928,24.157,0.59415,-25.353,1.7067,-5.4961,0.35812,-33.765
9.7,-0.40256,0.19008,-0.018004,-0.90772,-0.13767,0.0011239,0.079235,0.88731,24.22,-0.069352,-23.525,-0.27251,-4.6047,1.0506,-32.545,-0.4139,0.17289,-0.023775,-0.89074,-0.12386,0.0062209,0.075187,1.3213,25.035,-0.81712,-26.636,-0.42732,-5.2423,0.94604,-32.904
9.8,-0.38273,0.16916,-0.042265,-0.89521,-0.14242,0.007565,0.075669,0.77482,23.949,-2.5316,-27.48,1.7396,-3.126,-0.0025845,-32.306,-0.40126,0.18235,-0.027079,-0.91559,-0.13704,-0.0034399,0.074952,1.8848,24.57,0.68167,-26.211,0.21169,-5.0649,-0.61703,-33.583
9.9,-0.39265,0.16366,-0.030297,-0.91009,-0.13152,0.00088912,0.060082,0.15478,26.34,-4.1555,-26.788,-0.40096,-4.3147,-2.0782,-33.491,-0.37441,0.17476,-0.025313,-0.90712,-0.13278,0.0029298,0.074959,0.35888,25.062,-3.0995,-25.323,-0.78335,-5.4048,0.95701,-33.595
10,-0.3867,0.18469,-0.031759,-0.9168,-0.13204,0.004635,0.074531,1.5857,26.04,-1.6081,-25.201,1.5368,-5.0969,1.2369,-33.258,-0.38577,0.19488,-0.027167,-0.91739,-0.13771,0.0082248,0.074968,1.9647,24.891,-2.2535,-24.454,0.93192,-2.6215,-0.53505,-32.466
10.1,-0.38237,0.18319,-0.046305,-0.92962,-0.13492,0.0084136,0.062641,0.29388,26.556,-2.6244,-26.802,0.51026,-3.7878,0.17498,-31.303,-0.37106,0.18235,-0.060194,-0.91464,-0.13845,0.0078767,0.063939,-0.4792,24.759,-0.77086,-28.615,-0.73778,-1.8739,2.0867,-33.891
10.2,-0.3885,0.16166,-0.04143,-0.91712,-0.13137,0.0073922,0.067848,1.3834,24.824,-1.0283,-27.155,1.717,-2.4307,0.82141,-32.817,-0.3746,0.19062,-0.05007,-0.9155,-0.1446,0.0035963,0.063479,0.87019,24.418,-2.061,-27.094,1.076,-3.5887,1.1014,-33.027
10.3,-0.37421,0.18642,-0.037701,-0.90779,-0.14157,0.02421,0.06279,-1.6888,25.446,-0.84805,-26.628,-0.22459,-2.844,0.13048,-32.99,-0.35,0.18195,-0.034828,-0.91659,-0.14277,0.0084605,0.062851,0.31907,26.372,-1.9279,-28.108,0.086637,-2.4756,0.98657,-31.877
10.4,-0.3335,0.18709,-0.041627,-0.92218,-0.13757,0.010832,0.062914,1.8342,27.066,-0.26818,-28.279,2.2514,-1.0517,-0.11072,-31.835,-0.33477,0.18474,-0.051383,-0.92788,-0.13855,0.0069926,0.054562,2.4785,25.95,-0.60595,-26.814,1.1818,-2.4558,0.46657,-31.946
10.5,-0.35053,0.17737,-0.058111,-0.90768,-0.13597,0.010949,0.058498,2.4315,26.321,-1.0627,-28.18,1.4308,-3.0486,0.90871,-31.933,-0.34118,0.18537,-0.041001,-0.90925,-0.13789,0.005215,0.06324,1.8901,26.661,-2.4113,-30.871,0.32053,-2.9611,-0.64352,-31.061
10.6,-0.34878,0.19379,-0.049057,-0.91665,-0.14655,0.015993,0.060125,1.2312,27.648,0.81892,-29.63,-0.036714,-0.34883,-1.1625,-29.5,-0.34947,0.19333,-0.037149,-0.90224,-0.1352,0.024367,0.05726,1.2564,27.235,0.011642,-28.273,1.2939,-2.5081,-0.96211,-32.415
10.7,-0.32625,0.18432,-0.062373,-0.91331,-0.13894,0.022831,0.059001,1.259,26.573,-1.8026,-28.722,-1.0121,0.61534,0.84421,-31.722,-0.35775,0.17695,-0.052419,-0.91798,-0.13669,0.018481,0.06543,0.25297,27.585,-0.73865,-29.508,1.7956,-1.9941,0.62915,-29.213
10.8,-0.32029,0.18912,-0.049593,-0.94762,-0.13777,0.018906,0.065344,-0.10557,25.589,-2.0733,-29.482,-0.42047,-2.2628,1.247,-30.384,-0.32278,0.18917,-0.064822,-0.92386,-0.13882,0.018811,0.056235,1.0804,28.003,-1.8711,-30.561,0.90309,-2.1824,0.92397,-32.307
10.9,-0.32655,0.1851,-0.065442,-0.93799,-0.14078,0.01355,0.056163,0.22636,28.333,-0.37863,-30.648,1.4027,-2.3858,2.1634,-31.396,-0.31745,0.18463,-0.057249,-0.93314,-0.13901,0.018433,0.055908,0.11446,25.93,0.0099854,-28.853,1.7557,-1.3408,-0.14252,-29.829
11,-0.30785,0.19043,-0.062294,-0.92498,-0.14096,0.018633,0.04168,0.83009,27.465,-0.69185,-29.432,1.3999,1.1605,-0.74117,-31.708,-0.32099,0.18497,-0.065201,-0.94216,-0.14364,0.014232,0.048634,2.9741,27.854,0.49714,-30.481,1.0832,0.073052,1.0646,-29.478
11.1,-0.29671,0.19716,-0.058785,-0.93617,-0.14155,0.013834,0.057079,1.1035,28.5,1.007,-31.14,0.35944,-0.69065,0.85122,-29.366,-0.31542,0.19363,-0.06325,-0.9441,-0.14831,0.021804,0.061437,1.4292,29.522,-1.7201,-30.607,-1.5554,0.27615,0.96735,-29.522
11.2,-0.29882,0.17956,-0.061841,-0.93957,-0.13824,0.021501,0.054569,1.7478,27.285,-1.1688,-31.607,0.24223,0.045959,0.78166,-28.884,-0.29347,0.20293,-0.070218,-0.93173,-0.14057,0.016965,0.045799,0.64137,28.485,-0.43409,-28.903,-0.63011,-1.4687,0.61348,-29.439
11.3,-0.28473,0.17847,-0.058768,-0.92947,-0.13603,0.022306,0.054189,-1.3374,27.79,-1.6765,-30.048,0.96584,-0.3678,1.3902,-29.809,-0.29089,0.18151,-0.046841,-0.92737,-0.1489,0.014878,0.054988,-0.90362,28.167,-1.8972,-31.155,-0.21496,0.19123,1.7503,-28.49
11.4,-0.28242,0.19587,-0.074605,-0.94242,-0.14371,0.025726,0.047488,2.237,29.232,-1.8141,-31.844,1.7177,-0.50881,1.8866,-28.946,-0.2877,0.20993,-0.072624,-0.95126,-0.14284,0.031209,0.045445,1.5701,29.461,0.27354,-31.84,-0.30708,-0.18697,1.6602,-29.845
11.5,-0.27316,0.20252,-0.056118,-0.93423,-0.14687,0.02127,0.051953,2.0522,26.855,-1.3672,-32.005,1.3472,0.18394,0.66058,-26.662,-0.28078,0.19076,-0.081979,-0.95225,-0.1478,0.016391,0.050729,1.9663,29.695,-0.75716,-31.382,0.61667,2.5979,1.0584,-27.954
11.6,-0.2651,0.20043,-0.074538,-0.94359,-0.13996,0.031316,0.044566,-1.4106,29.023,-1.5149,-32.809,0.31545,1.0874,0.39979,-29.413,-0.27204,0.18013,-0.060356,-0.94756,-0.14345,0.033935,0.047741,1.3979,29.577,-1.3939,-33.001,-0.33154,0.80524,-0.37398,-28.57
11.7,-0.26984,0.16066,-0.077324,-0.94753,-0.15068,0.027505,0.044261,-0.045447,28.929,-1.3326,-33.152,1.515,1.5468,-0.44093,-27.73,-0.25028,0.18552,-0.058352,-0.94682,-0.14579,0.030939,0.041465,2.6847,28.875,-0.65357,-32.039,-0.33823,1.6319,0.94139,-31.506
11.8,-0.25827,0.19536,-0.067604,-0.93419,-0.14098,0.031426,0.042879,1.3365,28.62,-0.76833,-35.591,2.3833,1.9302,-0.72687,-25.617,-0.2726,0.18213,-0.060959,-0.93851,-0.13637,0.026528,0.042923,0.078231,30.058,-1.2062,-32.366,0.37733,1.6224,1.1932,-29.35
11.9,-0.23798,0.17486,-0.069553,-0.93583,-0.14239,0.036482,0.041932,0.29204,29.039,-1.0519,-33.811,-0.15836,2.9637,1.2887,-28.183,-0.23495,0.1793,-0.072623,-0.95379,-0.13634,0.033464,0.03935,1.4161,28.097,-0.42271,-35.302,0.32704,2.5113,-0.0070264,-27.207
12,-0.2315,0.17815,-0.075888,-0.97017,-0.14193,0.035275,0.042143,2.1404,29.234,-1.2048,-34.882,0.5508,2.1196,0.5787,-29.207,-0.25424,0.20264,-0.067995,-0.93568,-0.14208,0.035514,0.041536,0.32101,29.885,-1.8386,-35.963,-0.79454,3.2632,1.1316,-26.701
12.1,-0.21388,0.19403,-0.06177,-0.96304,-0.1431,0.030678,0.044974,1.4824,29.666,-0.49929,-35.095,0.75605,3.507,-0.49187,-25.813,-0.23996,0.18503,-0.080007,-0.96054,-0.13877,0.036688,0.046226,1.7587,29.55,0.67204,-34.525,1.0389,3.2749,0.43943,-25.279
12.2,-0.2272,0.15653,-0.084702,-0.93976,-0.14035,0.024257,0.037259,-0.68854,26.402,-1.4247,-36.373,-0.12015,3.0664,0.1619,-25.837,-0.21723,0.18496,-0.079196,-0.96048,-0.14802,0.035594,0.044897,0.48626,29.067,-0.30912,-34.779,0.18645,1.6658,-0.10813,-26.25
12.3,-0.21399,0.17694,-0.083631,-0.94609,-0.1363,0.031845,0.050163,1.3431,31.695,-1.7008,-36.025,1.3574,3.123,1.3235,-25.167,-0.22549,0.19332,-0.064139,-0.96066,-0.13955,0.036507,0.032884,1.7063,30.078,-2.7511,-37.357,1.0048,3.5373,1.4274,-25.36
12.4,-0.21437,0.17741,-0.081264,-0.97481,-0.14026,0.043476,0.034054,0.63243,31.434,-3.4686,-35.356,-0.70504,3.2797,-0.59246,-26.107,-0.22496,0.17662,-0.080267,-0.97024,-0.14736,0.03321,0.031983,1.246,30.273,-0.67005,-36.446,-0.6604,3.8437,0.5948,-24.742
12.5,-0.2125,0.17202,-0.064725,-0.9698,-0.14869,0.038146,0.025346,2.2552,30.567,-2.173,-35.089,0.61504,4.0388,-1.0143,-25.99,-0.19715,0.17345,-0.078803,-0.9544,-0.13839,0.03832,0.038028,0.06138,30.735,-0.67595,-37.501,0.77906,6.0481,2.9759,-26.092
12.6,-0.19312,0.18872,-0.086399,-0.95605,-0.14889,0.045519,0.042243,-0.32454,32.765,-1.1738,-36.231,1.5848,4.7732,0.54319,-24.856,-0.20874,0.16716,-0.073066,-0.95212,-0.14469,0.043627,0.047991,0.82486,31.91,-2.1991,-39.24,3.3949,3.5456,-0.47233,-25.599
12.7,-0.19606,0.19363,-0.071084,-0.96135,-0.14468,0.039434,0.025573,-0.029633,29.286,0.66386,-38.118,0.86329,4.1178,-0.28528,-25.724,-0.20175,0.17016,-0.07041,-0.95119,-0.14009,0.045481,0.028111,1.8372,31.963,-1.5715,-37.108,1.7399,3.1409,0.25623,-24.969
12.8,-0.18776,0.18429,-0.080536,-0.98728,-0.14299,0.040066,0.02653,0.51792,31.118,-1.9382,-36.658,0.65726,4.5824,0.6827,-23.253,-0.17928,0.16948,-0.076232,-0.95844,-0.1444,0.046366,0.028457,0.49907,32.368,-0.32731,-38.405,0.64449,3.6679,2.4918,-23.66
12.9,-0.17279,0.16481,-0.088301,-0.94968,-0.1486,0.044824,0.034996,0.25229,30.278,-1.7481,-36.05,0.86868,5.6211,-0.25795,-22.695,-0.17638,0.18598,-0.077606,-0.96717,-0.15117,0.038622,0.039541,2.165,32.587,-0.91086,-39.087,1.833,3.9879,1.7466,-25.431
13,-0.156,0.19858,-0.076055,-0.97549,-0.15553,0.051446,0.027361,3.0193,32.495,-1.861,-38.346,1.5395,3.5391,0.4654,-23.798,-0.17094,0.17305,-0.077649,-0.96196,-0.14211,0.044073,0.034363,1.6334,32.24,-1.1627,-38.275,0.23928,4.4049,0.53861,-24.652
13.1,-0.13318,0.16621,-0.07756,-0.96589,-0.14883,0.047265,0.027652,-0.28607,34.03,-0.42797,-41.091,0.29861,4.3441,2.6719,-23.943,-0.16898,0.17282,-0.083594,-0.95152,-0.14546,0.046994,0.036278,2.0803,34.702,-1.6106,-39.358,0.13877,3.6567,0.35933,-24.712
13.2,-0.14697,0.17994,-0.084353,-0.97711,-0.14311,0.049168,0.034268,0.59768,32.537,-1.0496,-37.439,0.2902,4.902,1.7537,-24.271,-0.14479,0.16316,-0.084916,-0.97794,-0.15133,0.043789,0.025895,0.27138,34.452,-0.35024,-37.553,0.93254,7.1835,1.918,-23.521
13.3,-0.15372,0.16558,-0.10094,-0.9904,-0.14215,0.050707,0.014711,1.623,33.411,-0.16285,-39.958,2.468,5.7863,0.50586,-22.824,-0.12737,0.17105,-0.096587,-0.97373,-0.15105,0.054243,0.024073,-0.34368,32.159,-3.1209,-38.117,0.65165,5.0645,1.9265,-22.948
13.4,-0.11758,0.1706,-0.084042,-0.96449,-0.1417,0.051357,0.035663,0.32937,32.273,-1.1415,-37.942,0.17156,6.5592,1.6401,-24.629,-0.13125,0.16881,-0.094167,-0.96232,-0.14774,0.053941,0.028472,-1.3561,32.887,-0.65577,-39.724,1.4791,4.8371,-1.1308,-21.163
13.5,-0.13,0.17986,-0.067306,-0.9891,-0.14792,0.045146,0.033162,0.53843,31.75,-0.063451,-38.871,0.14323,6.8566,1.9215,-22.44,-0.13555,0.16082,-0.08108,-0.98517,-0.13268,0.058021,0.020861,-0.48291,31.494,-0.67822,-39.129,0.80941,6.9415,1.6731,-21.674
13.6,-0.11814,0.18305,-0.090032,-0.98677,-0.14759,0.059626,0.034569,-0.61076,31.953,-0.89463,-39.873,-0.29379,5.9991,1.7906,-22.72,-0.1228,0.17262,-0.081296,-0.97208,-0.14541,0.06165,0.019964,0.28207,33.25,-0.7247,-40.696,1.1947,8.5713,1.2168,-22.093
13.7,-0.11667,0.16759,-0.089671,-0.96245,-0.13887,0.062029,0.02222,-0.17206,32.779,-0.40231,-40.603,3.0095,6.8674,0.72313,-23.672,-0.11301,0.16764,-0.081492,-0.96474,-0.13706,0.055281,0.031702,-0.80382,31.469,-1.0413,-40.142,1.6666,6.0902,0.31894,-21.76
13.8,-0.10802,0.14735,-0.09119,-0.98406,-0.13268,0.067459,0.025499,-1.3525,32.808,-3.3175,-40.938,-1.4691,6.5427,1.8545,-21.996,-0.12013,0.16875,-0.085839,-0.97712,-0.13323,0.054684,0.021823,0.17587,31.256,-1.5742,-42.259,0.822,6.2502,0.69928,-20.347
13.9,-0.10041,0.16272,-0.082006,-0.99085,-0.13403,0.065805,0.01786,-1.8694,30.965,-1.691,-43.171,0.40992,7.2544,-0.13842,-20.881,-0.090963,0.16372,-0.066504,-0.98084,-0.13557,0.064004,0.023832,-0.027559,31.931,-1.2898,-40.874,1.7046,9.9231,1.4115,-20.109
14,-0.099416,0.14761,-0.081771,-0.98721,-0.13317,0.053509,0.0056559,-2.7247,29.989,-0.76624,-42.696,1.4234,6.8505,1.3291,-21.164,-0.10241,0.13706,-0.069124,-0.96703,-0.13248,0.062523,0.018483,-0.45758,30.538,-1.9758,-41.768,1.6938,6.1786,2.3985,-20.889
14.1,-0.10283,0.15503,-0.071827,-0.97407,-0.13455,0.062759,0.011825,0.26094,29.848,-1.7325,-42.77,1.4048,8.5319,0.4351,-20.26,-0.08498,0.14645,-0.071046,-0.99348,-0.13451,0.061857,0.0052267,-1.4964,29.58,-0.95538,-42.214,-0.22757,9.9773,1.5991,-20.373
14.2,-0.085548,0.15066,-0.086927,-0.99569,-0.12652,0.062551,0.019179,0.077577,30.119,-0.13317,-41.57,0.70165,8.8468,0.83156,-21.485,-0.086653,0.16159,-0.098801,-0.96554,-0.12894,0.055706,0.016652,-0.86357,28.277,-1.321,-42.273,-1.438,8.4579,0.018952,-21.476
14.3,-0.061327,0.14382,-0.088673,-0.99468,-0.12267,0.06456,0.014275,-0.64057,28.68,-1.4982,-41.276,1.5251,8.4705,0.99676,-21.086,-0.067906,0.14789,-0.079948,-0.99167,-0.12552,0.062069,0.018357,-1.4067,27.73,-0.82719,-44.042,2.4866,8.5662,1.3803,-19.252
14.4,-0.057695,0.16064,-0.073615,-0.98502,-0.12094,0.068183,0.011347,-1.732,27.902,-1.9734,-41.765,1.409,9.5482,0.19985,-20.041,-0.078207,0.15113,-0.078102,-0.98113,-0.13241,0.07735,0.017524,-1.019,26.806,-0.8869,-45.169,1.6144,8.0844,1.5223,-18.225
14.5,-0.074271,0.15967,-0.089305,-0.97363,-0.12402,0.067052,0.010461,0.94898,26.552,0.083523,-46.183,-1.1859,8.0937,2.4704,-19.246,-0.062343,0.15431,-0.077698,-0.97976,-0.11837,0.063928,0.010745,-2.3369,29.515,-1.8751,-43.651,-0.33737,8.2687,0.84649,-19.77
14.6,-0.054575,0.15596,-0.085034,-0.98118,-0.12524,0.067088,0.010392,1.8457,27.714,-0.36092,-47.146,1.8751,11.423,0.53368,-18.863,-0.057695,0.13412,-0.080676,-0.99087,-0.12824,0.07405,0.0042547,-0.33364,27.678,-1.3392,-45.419,1.5562,10.635,0.3415,-19.084
14.7,-0.038039,0.15506,-0.081172,-0.98556,-0.12148,0.069714,0.0069134,-2.322,26.005,-1.8853,-45.743,2.4537,9.2924,1.2537,-19.26,-0.045889,0.12758,-0.083744,-1.0072,-0.12698,0.076211,0.013196,-2.2961,27.761,-1.5418,-44.922,0.82912,8.4875,-0.48165,-19.042
14.8,-0.051481,0.12581,-0.081916,-0.99428,-0.12095,0.085355,0.01272,-2.0386,25.75,-0.087001,-44.933,1.7756,10.882,2.2755,-17.532,-0.046818,0.15025,-0.066502,-0.99046,-0.11077,0.070698,0.0073245,-2.1402,26.473,-2.1458,-46.348,1.4576,9.1719,1.9098,-17.724
14.9,-0.051486,0.12456,-0.077527,-0.98564,-0.1146,0.070237,0.0099484,-2.7285,25.158,-1.884,-45.679,1.6654,9.7091,1.3603,-16.219,-0.028042,0.14415,-0.083234,-0.97615,-0.11441,0.07658,0.013167,-0.77887,26.044,0.4509,-46.055,-0.87425,9.4886,0.18317,-17.783
15,-0.030768,0.13315,-0.090975,-0.98346,-0.11789,0.069592,0.00086631,-0.22802,24.521,-1.7117,-44.683,1.2317,10.57,2.0515,-19.29,-0.030604,0.14537,-0.075706,-0.98862,-0.11183,0.074258,0.014642,-0.75717,26.982,-1.1037,-47.288,-0.86874,10.549,0.64944,-17.99
15.1,-0.014591,0.13762,-0.08274,-0.98276,-0.11105,0.075604,-0.0048619,-0.46084,25.434,-0.84339,-45.346,1.0712,9.5586,1.1136,-18.378,-0.009318,0.13976,-0.090495,-0.97384,-0.11429,0.0843,0.0041717,-0.61323,25.874,-0.61459,-47.037,0.49106,10.015,2.3646,-18.59
15.2,-0.0037779,0.14448,-0.079132,-0.99465,-0.10533,0.079747,0.0054822,-2.4539,23.801,0.1562,-47.146,1.0728,10.179,0.19996,-16.149,-0.012909,0.11846,-0.093641,-1.0038,-0.10624,0.082891,-0.0035812,-1.1898,24.979,0.17051,-45.874,1.6468,9.8118,-0.91048,-17.545
15.3,-0.018529,0.12178,-0.070269,-0.98275,-0.10323,0.082502,0.0099516,-2.7831,25.085,-1.9697,-47.242,-0.33555,11.712,-0.7122,-15.507,-0.011007,0.11717,-0.085514,-0.98736,-0.11175,0.079858,0.0022663,-0.9732,24.96,-0.33348,-49.025,0.44083,11.679,0.87456,-15.159
15.4,-0.0032475,0.11775,-0.075997,-0.99801,-0.10302,0.080136,0.012269,-2.1517,24.78,-1.7962,-47.612,1.6636,11.253,-0.1617,-18.153,-0.020562,0.12031,-0.081831,-0.98689,-0.10752,0.08122,0.000246,-0.62881,24.474,-1.0286,-47.612,1.251,13.083,0.77422,-16.375
15.5,0.011726,0.10717,-0.076721,-0.99378,-0.10213,0.083598,0.00019924,-1.3808,24.703,-1.1854,-48.371,0.49497,12.863,2.2763,-14.713,0.011241,0.11765,-0.081402,-0.99437,-0.099541,0.087962,-0.0030062,-0.76195,22.561,-1.2752,-47.612,1.9014,11.202,-0.047768,-14.712
15.6,0.017379,0.10417,-0.070938,-0.98238,-0.10612,0.074449,-0.0026277,-1.7677,23.427,0.02026,-49.689,-1.9598,10.71,0.88737,-15.433,0.0045088,0.12799,-0.078777,-0.99215,-0.10165,0.082491,-0.0059655,0.13854,22.595,0.32999,-47.053,0.63323,12.185,0.31322,-14.184
15.7,0.017877,0.1075,-0.092546,-1.0052,-0.10162,0.083695,-0.0026151,-2.0833,21.804,-2.0232,-47.705,1.9,11.172,0.25406,-14.071,0.0058988,0.10807,-0.074536,-0.99868,-0.10344,0.09707,0.0057776,0.99611,22.045,-1.508,-49.794,-0.69747,13.083,2.9057,-15.104
15.8,0.0083195,0.10738,-0.074295,-0.95777,-0.097456,0.085792,-0.00064055,-0.49594,21.964,0.23271,-48.138,1.372,12.649,0.39078,-15.94,0.017005,0.0948,-0.06741,-1.0042,-0.10133,0.080027,0.00093333,-0.88186,22.298,-1.8508,-49.342,1.6044,11.704,1.0232,-14.949
15.9,0.017638,0.1048,-0.079968,-0.99397,-0.077332,0.078315,-0.0017269,-1.8781,20.649,-1.0143,-51.274,2.2002,13.973,-0.073558,-13.781,0.018391,0.095115,-0.068597,-0.98965,-0.1023,0.099436,-0.0085639,-1.5552,21.012,-1.5261,-49.484,0.074313,11.249,-0.61415,-15.703
16,0.031627,0.087763,-0.07746,-0.99346,-0.089113,0.094159,-0.0053993,-1.6198,20.471,-1.8969,-49.121,-1.5041,12.674,0.76506,-15.247,0.015645,0.088122,-0.077904,-0.99799,-0.098011,0.085003,-0.0061809,0.62427,20.275,-0.61519,-51.08,1.4043,10.358,1.4694,-14.855
16.1,0.033598,0.080411,-0.095981,-0.98706,-0.10158,0.086274,-0.00063248,-1.7239,22.563,-0.40484,-49.642,0.94608,14.319,0.33221,-15.465,0.028053,0.10116,-0.074645,-0.99652,-0.093839,0.091041,-0.0058658,0.87815,19.783,-0.60677,-48.768,-0.064697,11.437,1.1552,-14.751
16.2,0.057944,0.086509,-0.066994,-1.0142,-0.086294,0.087667,-0.0046281,0.30794,22.311,0.3036,-50.325,0.40676,13.186,-1.4086,-12.829,0.030195,0.10021,-0.082139,-0.99752,-0.080618,0.082472,-0.0068649,-0.77115,18.225,0.22916,-50.116,-0.16188,12.756,0.16655,-14.933
16.3,0.042407,0.07085,-0.058542,-0.98633,-0.08186,0.093348,-0.0024543,-1.7135,20.092,-0.71,-49.925,0.90461,11.889,1.9522,-14.678,0.03955,0.090154,-0.080975,-0.98156,-0.083754,0.1001,-0.0019006,-1.2252,19.078,0.58865,-49.748,0.90797,13.096,0.50463,-13.792
16.4,0.059024,0.079718,-0.066121,-0.98593,-0.08892,0.087583,-0.0077639,-0.46709,19.993,0.66397,-50.016,1.1759,14.658,0.52999,-12.459,0.043245,0.068809,-0.080786,-0.97587,-0.082796,0.095355,-0.0090683,-1.9492,17.522,-0.89404,-49.96,-0.94927,14.81,1.0903,-13.868
16.5,0.053169,0.087678,-0.073321,-0.98257,-0.090219,0.08734,-0.014573,-0.95472,17.188,1.1576,-49.447,-0.40046,14.546,1.7068,-12.196,0.06537,0.067887,-0.07604,-0.99459,-0.088088,0.091295,-0.012264,-2.0602,18.288,0.49894,-49.34,1.4451,15.678,0.71276,-13.504
16.6,0.056236,0.062628,-0.068346,-1.0016,-0.083362,0.09939,-0.013983,-1.6357,18.217,1.9318,-47.64,0.16819,14.488,-0.78024,-12.631,0.057747,0.05952,-0.076989,-0.97231,-0.087029,0.099885,-0.0092824,-1.4483,18.817,0.896,-48.809,0.49723,16.263,-0.71161,-11.757
16.7,0.045044,0.074504,-0.071267,-1.0037,-0.084249,0.097702,-0.0024129,-0.1203,18.984,-1.0509,-49.942,-0.72121,14.662,2.3528,-13.812,0.06518,0.071876,-0.080022,-0.99768,-0.071131,0.090261,-0.012009,0.44825,17.978,0.68327,-48.12,1.5047,15.814,0.53457,-12.778
16.8,0.05923,0.078326,-0.066474,-0.99112,-0.07686,0.090384,-0.01229,0.021649,16.738,0.61894,-48.998,-0.23577,15.664,-1.2196,-10.159,0.073201,0.071216,-0.071786,-0.99623,-0.070668,0.089922,-0.0199,0.76631,17.11,0.44651,-49.134,1.1559,14.584,-0.65282,-11.512
16.9,0.077053,0.052212,-0.068246,-0.97065,-0.069684,0.092672,-0.013057,-1.6026,17.608,0.17064,-50.148,0.89011,15.473,2.7846,-10.753,0.073436,0.039159,-0.055843,-0.99297,-0.076123,0.096596,-0.0082147,-3.1024,17.082,0.92042,-48.481,0.31244,16.234,0.25312,-11.306
17,0.072421,0.056023,-0.064631,-0.97766,-0.055556,0.09041,-0.017636,-1.8715,17.113,0.70811,-50.52,-0.75928,12.336,1.6765,-10.354,0.071888,0.047543,-0.082784,-1.0103,-0.069484,0.090445,-0.01926,-2.3044,14.623,0.23499,-49.194,1.5329,15.825,-0.10519,-11.137
17.1,0.070746,0.049326,-0.070847,-0.97833,-0.074246,0.084004,-0.018743,-1.2982,16.468,0.93651,-47.59,-0.59671,15.68,0.36826,-10.027,0.087097,0.031621,-0.057133,-0.99784,-0.066764,0.088251,-0.018045,-1.2902,16.491,1.1262,-50.137,-0.37998,17.151,0.97617,-10.481
17.2,0.078383,0.033172,-0.059259,-0.97541,-0.068134,0.093657,-0.021568,-2.205,15.633,1.842,-47.99,-0.34034,13.89,1.5392,-10.451,0.074777,0.031578,-0.073606,-0.99393,-0.071576,0.089654,-0.014733,-1.0757,15.848,-0.5138,-48.155,0.81078,14.926,1.0786,-10.165
17.3,0.08582,0.047085,-0.069336,-0.99384,-0.069114,0.085047,-0.027562,-2.7661,14.022,0.42932,-48.808,2.968,15.296,-0.45987,-10.044,0.08712,0.038306,-0.052242,-1.0073,-0.054229,0.088878,-0.016021,-1.8814,15.829,-0.54332,-48.804,0.021708,16.489,0.99576,-9.67
17.4,0.082104,0.032946,-0.073309,-1.0082,-0.068298,0.087891,-0.02289,-0.63417,16.498,2.5459,-47.147,-0.73007,16.563,-0.80476,-6.9337,0.065638,0.023046,-0.067909,-0.97602,-0.06278,0.091667,-0.020236,-3.0309,14.95,0.34159,-46.951,1.5333,15.9,2.1464,-9.0184
17.5,0.0919,0.0098041,-0.066001,-0.99773,-0.068476,0.092799,-0.01484,-0.191,15.133,0.095072,-47.637,0.53646,15.494,-0.49249,-9.9217,0.092566,0.019684,-0.072599,-0.9979,-0.057597,0.08086,-0.01499,-1.9319,13.504,1.253,-47.745,0.54145,16.841,0.7861,-9.8149
17.6,0.091519,0.030792,-0.066091,-1.0016,-0.056245,0.089044,-0.013509,-3.6631,13.41,0.68785,-47.277,-0.34079,18.632,-0.37812,-9.3131,0.10706,0.021889,-0.060607,-0.97784,-0.058819,0.076787,-0.014746,-1.2391,12.907,-0.11004,-46.895,-0.43079,17.786,2.1037,-8.868
17.7,0.10328,0.02517,-0.063306,-1.0042,-0.061974,0.10163,-0.035344,-1.7209,12.924,1.2591,-48.076,0.21471,16.272,0.48388,-8.6448,0.10233,0.026486,-0.05554,-1.0083,-0.057839,0.082233,-0.025248,-2.2682,13.215,1.6555,-47.945,1.4037,17.16,0.56916,-9.8396
17.8,0.10009,0.01719,-0.031544,-1.0002,-0.052935,0.099778,-0.019388,-0.34985,13.941,0.26883,-45.151,-1.2974,16.475,-0.087114,-8.8458,0.12198,0.009503,-0.063598,-0.9935,-0.052564,0.089442,-0.021729,-0.23519,13.869,0.46096,-44.715,0.85005,16.589,-0.024178,-8.9004
17.9,0.097821,0.0078213,-0.052749,-1.0215,-0.051902,0.077347,-0.020683,-1.6433,13.047,-0.12621,-45.479,0.19108,16.054,1.4581,-7.5581,0.084253,0.0094612,-0.052686,-1.0046,-0.049068,0.091551,-0.026078,-0.17824,11.665,-1.3492,-47.823,1.8641,15.604,1.51,-8.1029
18,0.1119,0.016674,-0.052605,-1.0002,-0.051568,0.09699,-0.019966,-1.4666,12.098,0.84131,-45.517,-0.010917,18.311,-0.0058671,-10.015,0.11359,0.017351,-0.048783,-0.98837,-0.049573,0.082799,-0.031426,-1.7408,9.2295,1.3662,-45.195,0.53458,16.713,2.6404,-7.7036
18.1,0.094887,-0.0072659,-0.04994,-0.99033,-0.051963,0.082487,-0.03153,0.82384,11.138,1.1963,-45.85,0.64237,18.519,0.31464,-7.2981,0.10251,0.012452,-0.050925,-0.97785,-0.05308,0.079669,-0.028626,-2.7871,12.996,1.9126,-46.833,-1.5728,19.263,-0.61986,-8.6786
18.2,0.10184,0.011638,-0.041431,-1.0087,-0.049263,0.096271,-0.031636,-1.081,11.514,1.2446,-42.936,1.2723,18.151,-1.1073,-5.7423,0.10414,-0.015462,-0.051477,-0.99182,-0.046322,0.08036,-0.033443,0.37826,11.338,-0.57745,-45.702,0.87193,17.194,-0.47281,-8.7134
18.3,0.098432,-0.025193,-0.067196,-0.99452,-0.04794,0.092465,-0.031812,-0.67802,10.753,0.87761,-45.625,-0.245,17.029,0.77718,-5.3027,0.10923,-0.0056756,-0.044183,-1.0029,-0.045917,0.092581,-0.029868,-1.191,10.577,-0.44308,-46.832,-0.5517,17.999,1.7975,-7.4795
18.4,0.089403,-0.001149,-0.060472,-0.99303,-0.044566,0.083629,-0.028931,-2.8352,12.502,0.91344,-45.195,0.69704,18.325,-0.77394,-5.645,0.10511,0.0046051,-0.034915,-0.98789,-0.044245,0.084479,-0.024467,-2.9332,10.01,1.6585,-46.104,0.41517,17.851,0.93827,-8.5954
18.5,0.11686,0.010905,-0.037996,-0.9785,-0.037759,0.085827,-0.026182,-1.8347,10.635,-1.0189,-44.392,0.12319,18.57,0.57224,-8.0974,0.11776,0.0011675,-0.041315,-0.99104,-0.043116,0.083535,-0.038019,-2.2267,10.863,-0.71739,-43.001,0.66242,16.553,1.769,-6.3134
18.6,0.10738,-0.0071481,-0.03875,-1.0025,-0.035296,0.077131,-0.040223,-1.6254,9.9897,0.89133,-44.148,-0.3943,18.144,1.2511,-6.05,0.1061,-0.0052345,-0.03566,-0.99633,-0.03985,0.089926,-0.034621,-1.9366,10.096,0.62046,-42.783,-0.38721,18.548,1.3722,-6.988
18.7,0.1301,-0.009057,-0.044502,-0.98406,-0.036046,0.077477,-0.030621,0.38058,8.1467,2.4363,-43.724,0.67201,18.679,0.36724,-7.0139,0.12492,-0.021322,-0.037146,-0.98762,-0.037441,0.07749,-0.030894,-1.2091,8.6476,0.28685,-42.956,-0.56587,19.468,-1.7355,-6.3233
18.8,0.11735,-0.018698,-0.042378,-0.99796,-0.036805,0.083447,-0.032219,-2.0327,8.7401,-0.26416,-43.86,1.7227,18.813,0.46341,-6.5511,0.092427,-0.024901,-0.048702,-0.98582,-0.032838,0.077839,-0.026273,-1.8949,7.8489,0.96166,-42.967,0.98056,18.485,0.029469,-5.0538
18.9,0.15688,-0.028526,-0.034398,-0.99911,-0.026508,0.074046,-0.030875,-2.1746,9.8338,1.2508,-42.47,-0.70476,19.937,0.62808,-3.588,0.13007,-0.0057315,-0.034696,-1.0015,-0.028786,0.086354,-0.031371,-2.4185,8.165,0.31786,-41.938,-0.15362,18.304,0.24793,-6.7885
19,0.14462,-0.024772,-0.020964,-0.998,-0.025697,0.074646,-0.040624,-1.6336,8.4858,0.0061086,-42.912,1.5605,18.772,-0.20157,-5.1161,0.12864,-0.019151,-0.036362,-0.98812,-0.026584,0.077763,-0.03246,0.10052,7.8655,0.44871,-41.456,0.068902,19.906,-0.010214,-4.1714
19.1,0.13615,-0.043688,-0.021376,-0.97668,-0.033278,0.073423,-0.038542,0.39534,5.6698,1.0273,-41.668,-1.6252,19.697,2.5106,-6.3087,0.13383,-0.033259,-0.03664,-1.0068,-0.023621,0.078273,-0.029189,-0.76458,8.267,0.83128,-43.746,-0.17421,16.361,1.1957,-2.6561
19.2,0.14921,-0.040647,-0.016695,-0.99966,-0.027531,0.073596,-0.020666,0.22723,6.9049,1.3797,-44.352,1.0333,16.822,1.8613,-2.4452,0.13102,-0.020503,-0.01205,-0.99482,-0.018973,0.090659,-0.030677,-0.87177,7.7268,-0.15714,-43.159,0.037337,18.854,-0.34451,-2.8017
19.3,0.12408,-0.038046,-0.022055,-1.0043,-0.027306,0.083629,-0.031747,-1.5532,5.7094,0.32731,-42.376,-0.11079,19.155,0.33357,-3.9302,0.15034,-0.044417,-0.041541,-1.0013,-0.027413,0.082388,-0.034887,-1.8019,7.1433,2.6371,-43.238,0.25548,18.369,2.9718,-5.1431
19.4,0.12117,-0.063241,-0.021066,-0.99265,-0.031685,0.077214,-0.033705,-1.7901,5.6082,-0.014435,-41.341,0.28982,17.869,0.4443,-3.9223,0.12919,-0.031153,-0.02056,-1.0088,-0.023769,0.074363,-0.036654,-3.6852,5.8373,0.99824,-40.971,-0.3848,18.914,0.70868,-2.4328
19.5,0.12935,-0.032885,-0.011958,-0.99289,-0.024312,0.076945,-0.021684,-0.96011,4.9431,0.81068,-41.607,-1.4377,17.154,-0.20036,-4.2489,0.12451,-0.027096,-0.017975,-0.9905,-0.018278,0.068349,-0.035246,-0.064216,6.0363,1.1268,-40.905,0.91138,18.569,-0.35496,-6.0601
19.6,0.14687,-0.034455,-0.027523,-0.99227,-0.018268,0.077742,-0.034922,-1.1401,5.4232,0.13337,-40.126,-1.9692,16.989,0.74139,-3.3022,0.14841,-0.042504,-0.026302,-0.98744,-0.024834,0.068387,-0.038309,-0.038527,5.9496,2.2628,-40.355,-0.38708,16.415,-0.53917,-4.2641
19.7,0.13433,-0.0393,-0.033803,-0.99511,-0.013326,0.082446,-0.033549,-0.6946,5.0645,2.0123,-42.517,1.2007,16.455,-2.2751,-3.8213,0.12006,-0.042523,-0.015921,-1.0014,-0.032989,0.074976,-0.036756,-2.0058,4.8547,0.71786,-42.73,1.4846,16.658,0.232,-4.2248
19.8,0.15421,-0.05293,-0.020762,-0.98773,-0.019282,0.071846,-0.032795,-1.2189,3.8959,-0.032943,-42.352,0.045874,18.265,0.92857,-2.2016,0.12726,-0.081314,-0.021351,-0.99456,-0.018014,0.071216,-0.03374,-1.7424,4.3032,1.0268,-40.375,-0.40818,18.067,0.61069,-4.2489
19.9,0.14354,-0.061265,-0.021417,-0.98844,-0.022468,0.064207,-0.041677,-1.8469,4.4494,1.9013,-40.116,-0.91555,18.112,1.1851,-3.4253,0.13209,-0.054758,-0.028555,-0.97877,-0.011986,0.072824,-0.022974,-0.54508,3.4659,1.6034,-39.049,-0.53531,15.869,-0.8004,-3.7917
20,0.13594,-0.074463,-0.014489,-0.98756,-0.021063,0.075095,-0.032655,-1.6388,3.7163,-0.12767,-40.452,-1.6586,16.832,-0.28463,-4.3175,0.13696,-0.064137,-0.027656,-0.97881,-0.010736,0.060918,-0.02826,-1.92,4.6692,-0.65998,-40.036,0.31846,17.505,1.031,-5.4864
20.1,0.13565,-0.065909,-0.015527,-0.99824,-0.01719,0.06628,-0.031697,1.0081,3.5537,-0.33951,-39.727,-3.2096,14.891,0.70918,-5.8285,0.13362,-0.061878,-0.0019339,-0.98711,-0.019698,0.072463,-0.038907,-2.2402,3.7343,-0.21124,-40.046,2.8897,15.013,-0.27446,-2.9938
20.2,0.13457,-0.082768,-0.018325,-0.99493,-0.013328,0.059152,-0.036307,-0.85469,3.7129,1.3256,-38.691,0.82831,16.626,0.71171,-3.3791,0.11494,-0.084714,-0.0027228,-1.0033,-0.0085165,0.071177,-0.024091,-2.2965,2.4895,-0.11041,-38.103,0.8102,16.093,0.63689,-1.3494
20.3,0.14713,-0.092153,-0.0071167,-0.98155,-0.016731,0.068515,-0.036503,0.072008,2.6967,2.53,-39.57,-2.2125,16.256,-0.33979,-3.6513,0.13971,-0.07345,-0.016581,-0.98738,-0.0050732,0.069203,-0.028679,-2.036,1.6018,2.102,-38.275,-1.8333,14.699,0.44378,-4.1865
20.4,0.1516,-0.075076,5.8011e-05,-0.98803,-0.0072152,0.074584,-0.036267,-0.95923,0.34087,0.2589,-37.278,-0.90235,17.061,0.0032462,-3.6092,0.13174,-0.086305,0.0087833,-0.98342,-0.0072217,0.067511,-0.037104,-1.6149,1.6848,1.4879,-38.138,0.85006,14.521,-1.2258,-4.627
20.5,0.1517,-0.079802,-0.005096,-0.98848,-0.020648,0.071705,-0.022957,-1.4923,2.5179,0.68691,-38,0.5934,16.197,1.7244,-4.5413,0.15154,-0.069467,0.0022973,-0.98632,-0.0036614,0.068063,-0.036618,-0.68555,0.78804,0.79212,-37.182,0.69286,14.737,0.18601,-5.5787
20.6,0.12012,-0.07191,0.0093909,-0.98958,-0.0027918,0.060533,-0.024077,-1.5871,1.408,0.01633,-36.343,-0.24934,16.301,-0.18933,-5.2069,0.13141,-0.076431,-0.0071834,-0.98649,-0.00086143,0.072176,-0.025625,-1.0684,1.0193,1.7832,-38.625,-0.79333,15.24,-0.0097027,-6.2624
20.7,0.14183,-0.075117,-0.010527,-0.99565,-0.0013269,0.057048,-0.012392,-1.0647,-1.5322,1.7116,-37.055,1.3014,15.444,-1.2753,-6.0607,0.154,-0.090381,-0.016891,-0.96138,0.0020951,0.067453,-0.025296,0.37571,0.56679,1.5391,-37.764,-0.38776,15.325,0.47651,-5.1583
20.8,0.14233,-0.077207,0.015242,-0.98567,-0.00046234,0.068861,-0.0234,0.26976,1.1529,0.544,-37.219,-0.6085,13.978,-0.90034,-3.868,0.15569,-0.086655,0.00093674,-0.98617,0.0012063,0.062466,-0.015517,-0.71609,0.21371,-0.378,-36.561,-0.14162,15.354,-1.0547,-5.495
20.9,0.14915,-0.099714,0.014493,-0.96968,0.0035757,0.063143,-0.024346,-1.9139,-0.13059,0.53846,-36.045,1.9747,15.207,-1.2867,-4.474,0.1484,-0.091868,0.0075898,-0.98771,0.0020405,0.062486,-0.024288,-0.49374,-0.64128,0.045492,-37.928,-0.18611,14.421,0.13576,-7.6064
21,0.13376,-0.095158,-0.009692,-0.99013,0.0026043,0.055023,-0.015973,1.1347,-1.1104,0.91091,-37.161,-0.4159,13.315,0.14591,-7.284,0.14071,-0.087005,0.012839,-0.99555,0.010063,0.050085,-0.023856,0.30958,0.14577,-1.2739,-35.96,-0.49117,12.709,-1.6837,-4.5802
21.1,0.13274,-0.094879,0.0093514,-1.0034,0.0050365,0.059942,-0.015077,-2.1032,-1.942,1.648,-33.261,-1.2564,14.012,-1.508,-7.519,0.1507,-0.086117,-0.0032846,-0.98816,0.0051291,0.054879,-0.018804,-0.31193,-1.8869,-0.24702,-36.853,-1.6352,14.834,-1.1426,-5.413
21.2,0.12124,-0.089573,0.024352,-0.9672,-0.00015516,0.056706,-0.0035601,-1.4734,-1.9021,1.3183,-35.986,-0.4791,13.423,-2.8302,-6.8679,0.1491,-0.10993,0.0055933,-0.98636,-0.0057935,0.056416,-0.01558,0.45729,-0.061605,0.97292,-37.389,0.17666,14.956,-0.29717,-8.5639
21.3,0.12625,-0.09018,0.016649,-0.97904,0.0032462,0.047676,-0.0082706,-1.1224,-1.9644,0.62065,-36.343,-1.2878,12.351,-0.13758,-4.0676,0.14525,-0.095632,-0.0011342,-0.96935,0.0057102,0.048359,-0.0098772,-0.37759,-2.2514,0.34937,-35.837,-0.67375,12.58,0.80921,-5.6272
21.4,0.15613,-0.12047,0.0165,-0.96543,0.00081916,0.055229,-0.022438,-0.35442,-3.1771,0.36385,-34.855,-1.1342,11.949,0.25913,-5.5422,0.15291,-0.11815,0.0010053,-0.98668,-0.001059,0.051429,-0.014164,0.77703,-0.63929,1.5832,-35.917,-1.367,12.196,-2.4986,-5.616
21.5,0.14374,-0.11212,0.0053245,-0.99483,0.0020378,0.066564,-0.017412,-0.55448,-2.4951,2.105,-32.646,0.39643,13.264,0.25182,-6.6088,0.13343,-0.1013,-0.0076933,-0.98836,0.0040822,0.052615,-0.0196,-2.1706,-3.8437,0.44231,-34.589,-0.85939,13.167,-0.33531,-8.659
21.6,0.15422,-0.10869,-0.0060614,-0.97629,-0.0018367,0.05247,-0.010075,-0.83735,-0.37037,-0.47832,-37.124,-0.37698,12.214,-1.309,-6.3416,0.16184,-0.11255,0.014144,-0.97638,0.00032763,0.051866,-0.012576,0.10302,-3.7559,0.075831,-34.967,-0.80512,9.9834,-0.49719,-6.3967
21.7,0.14475,-0.12288,0.018414,-0.98911,0.010346,0.058394,-0.011065,-1.2318,-2.056,0.28153,-35.898,-1.3782,10.864,0.82662,-7.1387,0.13561,-0.11032,0.021665,-0.97485,0.0037762,0.055743,-0.013791,-1.3946,-4.9806,-1.4885,-35.719,-0.47739,12.094,-2.4109,-8.5528
21.8,0.1473,-0.11151,0.0114,-0.99941,0.012653,0.044359,-0.0097907,-2.4861,-4.8194,-0.18298,-33.549,-1.546,12.301,0.28212,-5.3795,0.14507,-0.13248,0.037257,-0.9844,0.0093639,0.042991,-0.005811,-1.176,-3.8371,2.0662,-34.581,-1.0806,9.6149,-0.48952,-6.5008
21.9,0.13725,-0.1127,0.024318,-0.9863,0.013187,0.044975,-0.015334,0.14754,-3.1871,-1.6437,-33.63,0.26649,10.905,-0.22979,-8.4473,0.14301,-0.12704,0.018846,-0.98741,0.019523,0.046362,-0.011835,-3.518,-3.5918,0.30156,-34.338,-0.68103,11.593,-2.4456,-6.1815
22,0.1432,-0.10532,0.03243,-0.96884,0.0043467,0.051564,-0.011851,-1.3071,-5.5102,1.1882,-32.178,0.28654,10.947,-2.3095,-7.4565,0.14419,-0.13811,0.024025,-0.96997,0.006662,0.049531,-0.014415,1.5575,-3.0236,2.9349,-32.719,-2.2034,10.29,-2.4167,-7.9505
22.1,0.15246,-0.12469,0.021301,-0.97242,0.00032686,0.048755,-0.011595,-0.98734,-5.1638,0.2511,-34.042,-0.47936,11.48,-3.4358,-7.7325,0.15185,-0.11102,0.026743,-0.98431,0.015971,0.047571,-0.0019535,-1.4095,-5.0748,1.0288,-34.507,-1.619,10.887,-0.88588,-7.3356
22.2,0.148,-0.1149,0.0081044,-0.96748,0.0019464,0.039787,-0.0083624,-2.5938,-4.5904,-0.54309,-33.123,0.64033,10.318,-0.36409,-9.8867,0.13647,-0.12035,0.02152,-0.9838,0.0064522,0.042324,-0.013738,-0.22256,-5.6192,2.2809,-33.232,0.28337,10.428,-0.41629,-9.4057
22.3,0.12613,-0.12234,0.017429,-0.97236,0.011894,0.04041,-0.0012981,-0.88052,-5.7781,1.4872,-33.303,-0.34114,11.627,-2.4334,-9.5011,0.12749,-0.11808,0.012973,-0.97671,0.01679,0.047407,-0.0052942,-0.81537,-5.9737,0.71516,-31.332,0.44645,10.064,0.90777,-9.1734
22.4,0.13957,-0.12699,0.014991,-0.97337,0.0084249,0.041027,-0.0092355,-2.9544,-4.0227,0.19147,-31.779,1.874,11.38,-0.57017,-8.7229,0.1398,-0.11828,0.0057687,-0.97548,0.0056894,0.033747,-0.0058803,-1.3993,-7.2651,0.93587,-30.695,-2.5288,9.9238,-1.4309,-8.5438
22.5,0.1474,-0.1243,0.02568,-0.99011,0.0043292,0.042962,-0.0011273,-2.6093,-6.8038,-0.37803,-31.564,-0.99365,9.774,-2.322,-10.07,0.1402,-0.12425,0.012867,-0.9786,0.0077982,0.031619,-0.0044856,-0.0023413,-7.1653,-0.4081,-31.707,-1.5009,8.2312,-1.4753,-7.7218
22.6,0.1534,-0.14064,0.020526,-0.97547,0.017755,0.042876,7.9279e-05,-3.0477,-5.8391,1.1346,-30.272,-0.30786,9.5286,0.023458,-8.7483,0.15354,-0.14097,0.022344,-0.98772,0.0084563,0.033669,-0.009997,0.072108,-8.4508,0.88049,-29.79,-1.4601,8.5556,-0.6084,-10.683
22.7,0.14662,-0.11449,0.032471,-0.99308,0.01282,0.040854,0.0045957,-2.8842,-5.8625,1.292,-30.783,-1.746,8.9242,-0.91009,-8.685,0.14647,-0.13581,0.016152,-0.98475,0.010252,0.035705,-0.0034344,-1.1419,-6.5967,1.0885,-30.396,-0.68547,10.702,0.23064,-10.541
22.8,0.11655,-0.12923,0.022804,-0.98488,0.015045,0.033599,0.0016313,1.5965,-7.0802,1.5141,-30.713,-2.119,7.1196,-0.52671,-11.613,0.15287,-0.13093,0.028367,-0.98761,0.013181,0.040193,-0.0018007,-2.2386,-9.2412,2.0037,-29.405,-1.8039,8.516,0.49443,-9.8618
22.9,0.16263,-0.1468,0.030203,-0.98699,0.0080008,0.033602,0.011094,0.04626,-9.5569,1.3263,-33.1,-0.21811,9.2078,0.16734,-12.789,0.14782,-0.16002,0.023667,-0.96426,0.015752,0.024584,0.0022497,-0.77496,-5.3221,0.49009,-31.29,-2.6728,9.9411,-1.0953,-10.017
23,0.13017,-0.13867,0.0081864,-0.97934,0.0080203,0.027955,-0.00051567,-0.86596,-9.8214,0.037871,-30.741,1.5885,8.2418,-2.1519,-11.915,0.15628,-0.13818,0.035069,-0.97636,0.0090996,0.023568,0.0094946,-1.5387,-7.2059,0.11517,-30.822,-0.22748,6.9397,-2.4728,-12.135
23.1,0.14519,-0.14939,0.020799,-0.96382,0.010479,0.025363,0.0063928,-0.41109,-7.0721,3.1982,-28.938,-1.7727,7.409,-0.39312,-12.687,0.13295,-0.14335,0.0061913,-0.98683,0.012233,0.032659,0.011884,-0.22131,-9.6581,1.1373,-30.196,-0.61296,8.572,-1.9124,-12.328
23.2,0.1141,-0.14197,0.020622,-0.9762,0.0114,0.027974,0.0065164,-0.69523,-8.8621,1.3031,-29.479,-0.093353,6.7426,-1.2076,-12.512,0.1357,-0.12229,0.042947,-0.97855,0.015896,0.029495,0.010662,-0.35918,-7.7155,2.079,-30.15,-0.90975,7.0545,-2.9256,-11.394
23.3,0.11104,-0.12439,0.022148,-0.98309,0.017508,0.022712,0.0064239,-0.92032,-11.335,0.36694,-28.618,-1.1897,8.756,0.37349,-13.008,0.13082,-0.13913,0.020245,-0.9825,0.011973,0.030838,0.011805,-1.6086,-9.7253,0.54401,-27.896,-1.7744,7.4967,-1.0096,-14.469
23.4,0.12462,-0.15713,0.031586,-0.99306,0.014139,0.022749,0.0018169,-1.5832,-10.319,0.27112,-28.94,-0.3491,7.5027,-1.7497,-11.242,0.1243,-0.15214,0.021211,-0.97478,0.016309,0.033712,0.0089656,-0.32333,-10.762,1.7161,-28.532,0.26465,7.9032,-1.3976,-13.638
23.5,0.11605,-0.1504,0.017217,-0.98122,0.02316,0.019934,0.0042546,-3.2422,-10.818,0.89523,-29.887,0.91493,6.8027,-0.71014,-10.908,0.13822,-0.15841,0.029493,-0.9783,0.016977,0.017096,0.0089789,-2.7698,-9.8458,0.56009,-28.583,-0.12322,4.6676,-1.0973,-11.861
23.6,0.14342,-0.1441,0.026889,-0.98584,0.017357,0.02092,0.017218,-1.4371,-11.843,1.747,-25.59,-0.68003,7.1938,-0.47162,-15.765,0.11711,-0.14449,0.0097336,-0.9698,0.015538,0.028525,0.020405,-1.4489,-10.198,1.9389,-25.731,-1.1911,8.5284,-1.4238,-11.58
23.7,0.12008,-0.13474,0.01711,-0.96951,0.019425,0.028408,0.011495,-0.84952,-10.366,0.043673,-28.522,-0.50683,6.5613,-0.65689,-13.984,0.13309,-0.17249,0.017415,-0.9904,0.022943,0.020609,0.01563,-0.40178,-10.18,-0.16736,-26.869,0.89526,7.2668,-1.5199,-14.529
23.8,0.1403,-0.14412,0.013566,-0.97443,0.024491,0.010818,0.02217,-1.2949,-12.386,-0.15783,-26.965,0.43427,6.8966,-0.47381,-11.225,0.14881,-0.15373,0.019787,-0.98002,0.024905,0.018576,0.0056235,-2.2572,-11.426,0.34348,-28.683,-2.3998,6.2145,0.24549,-13.31
23.9,0.13492,-0.15353,0.026998,-0.96879,0.022996,0.022807,0.009537,-0.32265,-12.53,2.1912,-26.693,0.3698,5.4757,-1.0551,-13.262,0.10993,-0.14969,0.013009,-0.97252,0.020971,0.01193,0.024337,-0.75087,-10.953,1.4428,-26.793,0.70143,5.5378,-2.0236,-10.467
24,0.12136,-0.13059,-0.0035005,-0.9789,0.024122,0.013856,0.010164,-0.35891,-12.314,0.22131,-27.279,-1.1599,4.6504,-1.5628,-13.23,0.12589,-0.1596,0.037355,-0.98178,0.019705,0.0087295,0.021046,-1.539,-12.055,0.44632,-26.987,-2.135,6.4639,-1.18,-15.42
24.1,0.12077,-0.15286,0.038282,-0.96727,0.029958,0.021907,0.024197,-0.36699,-15.009,0.10054,-26.593,1.8979,6.1338,-0.5122,-14.285,0.13315,-0.15387,0.021472,-0.98627,0.019373,0.0070198,0.021675,-0.15659,-13.006,-0.00093106,-26.144,-1.0986,5.2537,-0.059306,-12.973
24.2,0.10541,-0.12922,0.038924,-0.97305,0.025184,0.013417,0.015325,-1.2309,-12.28,-0.99384,-24.495,0.95425,6.1809,-1.1891,-15.969,0.12877,-0.14295,0.021413,-0.98265,0.026596,0.014027,0.021045,-2.2463,-12.707,1.2756,-26.209,-0.024759,6.1941,-1.0112,-14.74
24.3,0.13198,-0.14855,0.0086284,-0.97724,0.022451,0.017665,0.02326,-0.90091,-12.594,-0.45313,-25.225,1.7876,4.2103,-2.3433,-15.834,0.12566,-0.17239,0.01219,-0.993,0.024965,0.0025685,0.023262,-0.71852,-14.28,-0.82551,-25.21,-0.71598,5.1034,-0.63298,-14.452
24.4,0.11146,-0.147,0.0074959,-0.98258,0.027732,0.0068225,0.02371,-2.5057,-12.901,2.0241,-25.82,1.38,4.0626,-0.27047,-17.66,0.11961,-0.15697,0.011662,-0.97962,0.03105,0.0014708,0.020294,-2.0631,-14.567,1.9323,-26.589,0.082886,6.8675,-3.4407,-15.715
24.5,0.11701,-0.13647,-0.0015478,-0.96641,0.024477,0.0043444,0.019987,-1.6834,-14.05,2.174,-24.896,-0.027491,4.2153,-0.61076,-16.857,0.13021,-0.16058,0.012025,-0.98678,0.022795,-0.0041994,0.01744,-2.9707,-12.887,0.52389,-24.401,1.0199,6.1479,-2.2357,-14.926
24.6,0.10446,-0.14867,0.009818,-0.97099,0.023095,0.0036254,0.022038,-0.66381,-13.529,0.51166,-27.217,0.13221,7.5935,-0.74452,-16.435,0.12235,-0.16361,0.023779,-0.99416,0.02355,-0.004611,0.020205,-0.70558,-13.077,1.0396,-26.483,0.75114,5.4728,-0.029996,-14.148
24.7,0.12263,-0.15506,0.03751,-0.99008,0.033869,-0.0022924,0.022109,-0.69735,-16.204,0.52669,-24.977,-0.024289,6.1187,-2.8914,-17.26,0.11145,-0.14748,0.015273,-0.9712,0.022744,0.0021256,0.01948,-2.2893,-13.296,-0.049433,-24.841,0.037636,6.1735,0.17875,-17.458
24.8,0.11822,-0.17506,0.016912,-0.99667,0.025897,0.0050597,0.030091,-0.67818,-13.112,0.9334,-23.761,1.4658,4.3678,-1.106,-16.791,0.10428,-0.1583,0.025044,-0.97854,0.020852,-0.013737,0.023777,-0.7468,-14.844,0.58382,-26.395,-0.29956,5.2213,-1.3217,-16.613
24.9,0.13062,-0.15464,0.010632,-0.99234,0.033374,-0.00095635,0.024664,-1.7739,-15.5,-0.044386,-26.176,-0.085109,3.9883,-0.57222,-17.776,0.11948,-0.15066,0.028623,-0.95829,0.027387,0.0017993,0.024318,-0.75362,-14.545,-0.0094486,-24.285,-1.3895,5.5076,-1.6133,-18.878
25,0.099913,-0.14856,0.015787,-0.9772,0.027492,0.0050101,0.023446,0.069508,-15.609,0.29754,-24.313,1.3962,5.4168,-0.6726,-17.031,0.1336,-0.15662,0.0005912,-0.97859,0.033279,-0.0042449,0.03184,-0.4013,-13.776,1.2835,-24.904,0.36714,5.943,-1.8304,-19.42
25.1,0.11892,-0.15397,0.016184,-0.97153,0.02938,-0.0012332,0.026401,-2.0439,-15.785,0.13087,-24.593,-0.66131,6.3692,-1.6908,-18.733,0.12157,-0.16643,0.0070979,-0.97329,0.026318,-0.00060767,0.025764,-1.2898,-17.755,0.35928,-25.092,-0.75405,5.5135,-1.248,-19.261
25.2,0.11476,-0.16067,0.010092,-0.98597,0.032539,0.0010369,0.02644,-1.8029,-16.478,0.29087,-22.794,1.6153,6.1439,-2.1785,-18.483,0.096978,-0.17256,0.015528,-0.98369,0.031774,-0.0017592,0.025083,-0.83675,-18,-0.12702,-24.386,-1.0164,4.8089,-0.82432,-18.557
25.3,0.1012,-0.15993,0.019656,-0.98882,0.023609,-0.00019653,0.016628,-0.61087,-17.283,-0.69106,-25.087,1.1121,5.7313,-2.0995,-19.416,0.10524,-0.14816,0.018614,-0.97744,0.034102,-0.0053512,0.024871,-1.1177,-16.132,1.9907,-23.673,-1.4602,7.1263,-2.2552,-18.827
25.4,0.10717,-0.15786,0.0091181,-0.97976,0.031032,-0.014077,0.037758,-0.38936,-20.535,1.6907,-22.503,0.40927,5.9478,-1.036,-19.215,0.11768,-0.17163,0.011633,-0.98289,0.034165,-0.0091606,0.032765,-1.0988,-19.062,-0.02941,-23.224,1.5135,4.7549,-1.1527,-19.078
25.5,0.10048,-0.13978,-0.0043104,-0.9693,0.032238,-0.0031631,0.019575,-0.46954,-17.102,-0.086639,-23.951,-1.2949,7.5821,0.96247,-16.846,0.11354,-0.15738,0.015067,-0.97404,0.024756,-0.010485,0.021295,-2.0414,-19.72,0.11498,-21.705,-0.31918,5.3479,-1.5837,-17.172
25.6,0.11329,-0.17029,0.011051,-0.98193,0.036888,-0.012707,0.020991,-1.1544,-17.49,-0.22661,-22.434,-0.27156,8.0437,-0.39573,-19.272,0.11123,-0.15121,0.0043351,-1.0025,0.035427,-0.00050939,0.023428,-1.229,-18.872,1.3675,-21.605,0.048919,6.9174,-0.37384,-18.704
25.7,0.082307,-0.14991,-0.018444,-0.99425,0.035868,-0.0043242,0.029021,-1.1601,-18.58,2.5909,-21.211,0.55782,7.5847,-1.3725,-19.288,0.10499,-0.15022,0.0030914,-0.98128,0.033656,-0.018344,0.020229,-2.1365,-19.396,2.0234,-21.36,2.2579,6.0933,-1.4487,-19.339
25.8,0.084279,-0.15918,0.00012108,-0.98994,0.03549,-0.0033811,0.031391,-1.9726,-20.805,-0.15053,-20.917,0.84962,4.7637,-0.22368,-21.006,0.099928,-0.14592,0.0047627,-0.96521,0.040521,-0.0034345,0.024781,-0.22959,-20.819,-0.89332,-20.61,1.5185,6.145,-1.1285,-19.368
25.9,0.10309,-0.15864,-8.8252e-05,-0.9987,0.045851,-0.013626,0.027364,-0.67152,-19.504,1.3006,-20.607,0.28927,7.2268,-0.23262,-21.002,0.10069,-0.15434,-0.0060982,-1.0008,0.037767,-0.0058286,0.029791,-0.18441,-21.98,-0.24026,-19.846,-0.5935,5.4461,-1.1952,-18.476
26,0.093956,-0.1527,0.016124,-0.98289,0.042863,-0.01299,0.029148,-0.74041,-19.613,1.0776,-21.762,-0.2332,8.1285,-1.1105,-20.565,0.088011,-0.16517,0.018645,-0.98391,0.039477,-0.026421,0.027814,-2.2255,-17.294,0.41678,-19.803,1.2981,7.1492,-0.95445,-19.517
26.1,0.099,-0.16272,0.011874,-0.9844,0.028508,-0.022011,0.024158,-0.69668,-19.414,0.19365,-20.211,1.389,7.6093,-3.108,-19.396,0.094138,-0.1543,0.0081727,-0.9797,0.037186,-0.0098123,0.029159,0.046634,-20.621,0.68379,-20.337,1.2609,7.7121,-1.0837,-20.806
26.2,0.086405,-0.1328,-0.0034108,-0.97982,0.040135,-0.01738,0.028281,-0.59719,-20.716,0.77025,-19.129,1.9833,6.3098,-2.0315,-20.723,0.091749,-0.1392,-0.0011354,-0.98705,0.036535,-0.018678,0.020316,-1.1161,-19.869,1.1692,-18.867,-0.06804,7.8611,-1.9989,-21.957
26.3,0.072302,-0.13856,0.010373,-0.97533,0.03425,-0.018054,0.031546,-1.6276,-19.611,2.0926,-19.807,1.6056,6.9496,-0.39455,-22.145,0.085714,-0.13987,-0.0014331,-0.97944,0.037468,-0.011168,0.020713,-0.085651,-22.165,-0.49017,-19.016,2.1462,7.3433,0.0005363,-21.028
26.4,0.071925,-0.15605,0.021841,-0.97697,0.035841,-0.015299,0.016294,-0.15744,-21.499,0.89077,-20.685,1.3069,6.959,0.10151,-21.938,0.092851,-0.15297,0.01319,-0.99654,0.044235,-0.020228,0.024905,-0.69389,-19.089,1.0428,-20.905,1.3593,7.8441,-0.35699,-20.324
26.5,0.070783,-0.15527,-0.002272,-0.97263,0.04387,-0.020124,0.035867,-1.259,-21.247,0.099411,-19.817,2.552,6.8707,-1.3942,-24.086,0.083855,-0.15024,0.015569,-0.98945,0.042642,-0.014235,0.039076,-1.764,-21.896,0.51452,-18.63,-0.59353,7.2644,-0.49807,-22.876
26.6,0.086294,-0.14421,0.0016401,-1.0033,0.044358,-0.022467,0.026468,-0.94589,-19.831,1.6553,-20.735,1.1283,5.9184,0.2239,-23.756,0.091104,-0.15187,-0.00086567,-1.0057,0.042654,-0.022612,0.018782,-1.0163,-22.109,0.44368,-19.9,0.81623,9.532,0.11699,-22.627
26.7,0.071942,-0.13048,-0.012577,-0.97306,0.035033,-0.036169,0.021705,-2.8216,-21.895,0.31097,-19.399,1.5426,8.1228,-0.86757,-23.443,0.084972,-0.15376,-0.00076913,-0.98769,0.036887,-0.017262,0.026786,-2.1523,-21.86,3.2691,-17.503,-0.055874,10.254,-0.64333,-22.375
26.8,0.072828,-0.1505,-0.013865,-0.98516,0.041095,-0.024866,0.020846,-2.2329,-23.371,0.75682,-18.927,2.1567,9.0171,-2.2115,-23.449,0.077299,-0.161,0.019723,-0.98962,0.03896,-0.028168,0.02609,-0.31335,-22.103,-0.16635,-19.262,0.039354,8.1597,-2.6077,-21.786
26.9,0.077595,-0.1525,0.0027778,-0.99207,0.043154,-0.027678,0.026099,-1.0826,-23.603,1.518,-16.578,3.1966,8.3797,-0.45706,-24.068,0.061278,-0.12367,-0.0099269,-0.9936,0.041136,-0.019977,0.033071,-1.662,-22.201,0.47609,-18.17,-1.8437,9.5361,-0.90111,-24.432
27,0.077538,-0.15343,-0.0017566,-0.98217,0.05388,-0.02959,0.024696,-0.59319,-23.063,1.0365,-18.97,1.6741,9.0858,-1.5272,-25.133,0.069545,-0.148,-0.0031669,-0.99857,0.054286,-0.02526,0.024879,-0.96585,-23.108,-0.25528,-17.805,1.3567,8.4875,-0.41621,-24.238
27.1,0.069288,-0.15121,-0.013926,-0.98983,0.041395,-0.029893,0.035041,-0.58259,-23.833,0.75504,-16.824,1.4267,8.8491,-0.40163,-25.215,0.072889,-0.14466,-0.0041731,-0.99163,0.044885,-0.036293,0.026528,0.11815,-24.342,-0.29058,-17.05,1.3775,9.3493,-0.82653,-23.846
27.2,0.062059,-0.14053,-0.017341,-0.97448,0.050528,-0.037346,0.020113,-3.2131,-24.588,1.0064,-18.27,0.72401,10.697,-0.97997,-23.544,0.07791,-0.13429,-0.0018993,-0.99571,0.049674,-0.030036,0.02425,-2.6096,-22.968,-0.098882,-16.872,1.7196,10.834,-1.8682,-25.098
27.3,0.064311,-0.14901,-0.012046,-0.98742,0.050336,-0.028155,0.024396,-1.5723,-24.576,0.52457,-14.676,-0.64574,8.6479,-0.68774,-23.612,0.048687,-0.1477,-0.015213,-0.9964,0.048787,-0.027534,0.033908,-1.9157,-24.832,-0.10579,-17.436,1.2688,9.4087,-1.527,-23.832
27.4,0.05761,-0.13763,-0.0062786,-1.0056,0.0474,-0.028091,0.014396,-2.4283,-25.333,1.6213,-16.291,1.9317,9.8241,-1.1153,-24.786,0.066803,-0.14707,-0.0022295,-0.97822,0.048128,-0.028111,0.039179,-2.5172,-26.978,0.030235,-16.529,-0.89169,11.303,-1.3005,-25.595
27.5,0.059369,-0.15246,-0.010936,-0.97914,0.044179,-0.046682,0.03032,0.4896,-24.366,1.0826,-15.168,1.0314,11.712,-0.4734,-26.266,0.054903,-0.13318,-0.0036554,-0.98445,0.045136,-0.036054,0.019769,-0.92785,-24.796,2.1581,-16.125,-0.47157,10.345,-0.72555,-23.736
27.6,0.075698,-0.15355,-0.041532,-0.98412,0.046026,-0.036075,0.030263,1.5171,-24.617,1.9076,-16.351,1.5778,10.66,-0.36378,-23.783,0.055794,-0.1456,-0.027187,-0.99138,0.055515,-0.024592,0.025365,-2.2911,-23.785,1.4281,-16,0.38142,9.6348,-1.667,-26.632
27.7,0.047867,-0.12588,-0.019954,-1.0058,0.058379,-0.036492,0.031037,-2.1829,-25.606,-1.7875,-14.663,0.6715,10.206,0.67336,-26.63,0.074565,-0.13295,-0.023254,-0.9981,0.05833,-0.036634,0.023807,-1.441,-26.126,1.1596,-14.619,2.8567,9.7073,-2.3671,-24.621
27.8,0.042797,-0.13946,-0.014345,-0.98976,0.051274,-0.044767,0.03065,-2.3932,-23.56,1.6712,-15.903,0.060056,10.33,-1.0821,-27.135,0.057133,-0.13419,-0.028026,-1.0014,0.051789,-0.047639,0.029102,0.3705,-24.573,0.52309,-15.424,1.6078,10.33,-1.191,-25.682
27.9,0.04151,-0.12405,-0.020817,-0.98516,0.047708,-0.039234,0.040485,-0.55036,-23.756,1.6669,-15.399,1.2402,12.697,-0.39333,-25.491,0.040334,-0.13864,-0.014192,-0.99031,0.041871,-0.044376,0.034721,-0.87208,-26.323,1.8014,-13.572,2.0155,11.235,-0.54269,-24.693
28,0.053515,-0.12322,-0.035649,-0.98887,0.045852,-0.054639,0.029735,-0.18006,-25.18,0.3774,-14.285,0.30122,11.463,0.30675,-26.203,0.055697,-0.13498,-0.0042308,-0.99298,0.051131,-0.044363,0.031379,0.67975,-25.771,1.6428,-13.603,0.83815,11.955,-1.7077,-27.845
28.1,0.056673,-0.13683,-0.0189,-0.9917,0.039433,-0.047824,0.024683,-1.3516,-25.127,3.5919,-13.271,2.5904,12.759,-0.43438,-25.402,0.053312,-0.1374,-0.012742,-0.99048,0.054961,-0.043295,0.031356,-0.57257,-23.821,0.47208,-14.307,0.91072,12.9,0.14388,-26.591
28.2,0.054242,-0.11491,-0.042989,-1.0064,0.054842,-0.055548,0.020545,0.76171,-25.686,0.23028,-14.54,-0.21632,11.689,-1.8466,-28.699,0.032339,-0.11802,-0.033022,-0.99473,0.042457,-0.047208,0.020386,-0.74614,-25.393,-0.33571,-13.727,-0.1117,13.876,-3.3669,-25.198
28.3,0.031443,-0.11749,-0.035038,-1.0097,0.048536,-0.043969,0.020553,0.71186,-26.506,-1.7671,-14.904,1.3696,13.158,-0.29557,-27.659,0.028114,-0.11654,-0.010091,-0.98297,0.047615,-0.046924,0.028609,0.27288,-27.027,-0.48946,-13.905,1.4115,12.652,0.31566,-26.99
28.4,0.033633,-0.13876,-0.030483,-0.99764,0.054213,-0.049534,0.026985,0.12762,-24.272,0.75639,-11.659,0.81646,10.956,-1.4836,-26.882,0.027853,-0.12253,-0.031093,-1.0029,0.041314,-0.040672,0.031265,0.92286,-26.898,2.2817,-12.589,1.116,13.944,-0.89268,-28.189
28.5,0.022978,-0.11268,-0.01657,-1.0033,0.050941,-0.05226,0.033264,0.48207,-25.878,0.62872,-12.768,-0.16414,14.426,0.17175,-26.982,0.02336,-0.12467,-0.017076,-1.0072,0.038777,-0.048232,0.019898,1.0058,-25.025,2.657,-13.166,-0.50279,14.17,-1.2984,-28.228
28.6,0.03029,-0.13103,-0.016936,-1.0032,0.036125,-0.048939,0.03479,1.2098,-26.328,2.9353,-11.605,0.43369,15.535,-0.88647,-28.017,0.017339,-0.09134,-0.018631,-0.99135,0.047724,-0.049098,0.033476,0.28806,-25.074,1.4198,-12.25,1.1869,13.892,-0.8715,-27.451
28.7,0.025396,-0.1336,-0.040548,-0.99776,0.051711,-0.044223,0.021381,1.433,-24.92,3.0232,-11.017,2.4203,15.019,0.94263,-27.342,0.02195,-0.12972,-0.037367,-0.99026,0.038217,-0.061696,0.016754,2.5066,-25.554,-0.76546,-13.202,1.8526,13.141,-1.1641,-27.808
28.8,0.016248,-0.1281,-0.02832,-0.99243,0.042274,-0.047959,0.017177,1.0117,-25.917,0.55705,-11.457,0.96576,14.179,0.12518,-27.348,0.045739,-0.12062,-0.030403,-0.98729,0.041536,-0.053416,0.026119,0.74913,-24.909,1.0583,-13.337,1.5315,14.508,-0.63789,-28.149
28.9,0.041448,-0.10767,-0.022512,-1.0006,0.034751,-0.044337,0.03028,-0.3513,-23.389,-0.55316,-12.311,0.51921,14.094,-0.036754,-28.671,0.01316,-0.10335,-0.044904,-0.98756,0.043227,-0.060148,0.029032,0.8025,-28.199,1.5242,-11.329,0.65703,13.397,0.32865,-29.133
29,0.025484,-0.098252,-0.02311,-0.98886,0.045831,-0.055682,0.027127,1.3797,-24.845,-1.0207,-11.389,0.97663,14.057,0.19938,-28.486,0.032648,-0.10804,-0.02923,-0.99153,0.038601,-0.063759,0.015949,1.2383,-24.941,1.1924,-10.797,1.3557,14.548,-1.0331,-28.217
29.1,0.024413,-0.089667,-0.030664,-1.0135,0.041529,-0.052814,0.01864,0.89574,-24.841,0.24767,-10.492,-0.91508,14.624,2.0159,-29.489,0.023094,-0.11022,-0.042383,-0.98938,0.046374,-0.055899,0.020591,1.1573,-25.479,0.80375,-9.154,1.7407,14.983,0.80505,-25.5
29.2,0.0057281,-0.089369,-0.035409,-0.99567,0.038486,-0.061316,0.014561,1.2687,-24.023,1.3365,-10.475,-0.795,13.602,-2.1047,-28.441,0.0096723,-0.11706,-0.020016,-0.98146,0.040998,-0.060179,0.023408,0.9767,-24.288,1.3659,-10.514,2.3131,15.18,-1.3266,-28.051
29.3,0.01522,-0.10572,-0.027065,-0.98152,0.036979,-0.060195,0.017125,-0.2229,-23.285,0.38445,-9.415,1.4209,15.818,-0.82935,-28.181,0.015011,-0.10657,-0.020811,-0.98183,0.035757,-0.053983,0.020523,0.73824,-24.256,0.25662,-9.6487,1.604,14.853,0.26938,-27.712
29.4,0.02644,-0.087858,-0.03723,-0.99594,0.053078,-0.060709,0.02196,1.2378,-25.724,1.4514,-9.0691,1.4918,15.57,1.0243,-27.928,0.016126,-0.095339,-0.036541,-0.98963,0.04146,-0.049789,0.020607,1.0959,-24.453,0.63277,-8.1699,0.55762,14.766,-0.49887,-28.586
29.5,0.02646,-0.09464,-0.037716,-1.002,0.033056,-0.060496,0.022346,1.6253,-23.308,-0.86921,-10.011,-0.16761,14.852,0.62592,-28.005,-0.011974,-0.093275,-0.022269,-0.98665,0.04568,-0.060461,0.018045,0.24502,-22.274,-0.5615,-8.0906,-0.12688,16.371,-0.012003,-29.233
29.6,0.028083,-0.090788,-0.035734,-0.99073,0.040422,-0.071229,0.020283,-0.37844,-23.678,1.0219,-8.128,1.7791,15.653,0.14223,-26.594,0.00693,-0.088648,-0.038135,-1.0017,0.033816,-0.056226,0.025436,1.9073,-23.263,2.1507,-11.286,1.1602,17.773,1.1444,-29.226
29.7,0.018105,-0.08809,-0.02419,-0.99424,0.042764,-0.057919,0.01771,-0.023773,-22.571,0.799,-9.0643,-0.01573,16.526,1.1708,-27.091,0.021464,-0.089898,-0.055187,-0.99944,0.042416,-0.055432,0.02136,1.0707,-21.895,1.2076,-9.3708,1.9887,15.331,0.66616,-26.143
29.8,0.013352,-0.076038,-0.048765,-0.99063,0.022803,-0.047099,0.011682,0.3911,-21.92,1.8086,-10.623,0.32917,17.626,-1.6977,-28.631,0.010423,-0.079627,-0.057067,-1.0015,0.035891,-0.058744,0.019838,0.51387,-23.438,-0.65817,-8.6611,0.33366,14.973,0.13631,-25.906
29.9,-0.00024439,-0.077591,-0.034051,-0.98717,0.043404,-0.063656,0.013399,1.1487,-22.879,0.16081,-8.174,1.3803,16.874,-0.068768,-28.361,0.0026403,-0.074792,-0.024784,-1.0087,0.037034,-0.067231,0.015115,1.3992,-23.083,-1.0747,-7.2787,0.11605,16.165,0.1072,-26.847
30,-0.0064712,-0.079275,-0.035072,-1.0093,0.030655,-0.062737,0.01293,0.49686,-20.62,-0.23614,-7.3311,0.53555,15.581,0.59201,-26.833,-0.0042068,-0.083948,-0.040385,-0.98278,0.030038,-0.063764,0.019779,0.5127,-21.222,-0.53497,-9.4736,0.21637,16.458,0.79392,-26.258
30.1,0.0009477,-0.072168,-0.046985,-1.0078,0.033943,-0.065249,0.0069266,0.39198,-19.253,0.73531,-7.9242,-0.43261,18.501,-0.99062,-26.453,0.0040435,-0.053269,-0.039396,-0.99034,0.030011,-0.062285,0.012081,0.34666,-22.316,1.1393,-9.17,0.067091,15.941,2.0271,-27.487
30.2,-0.00085314,-0.075855,-0.030654,-1.0055,0.036946,-0.071076,0.011668,1.9923,-21.407,0.72535,-7.1186,-0.6734,17.57,0.33043,-27.3,-0.010968,-0.059097,-0.022371,-0.99825,0.029735,-0.051636,0.016666,0.124,-19.687,0.94669,-9.1675,1.5607,17.562,-1.11,-25.647
30.3,0.0029565,-0.067984,-0.058486,-1.001,0.024922,-0.059933,0.014243,1.5146,-19.632,1.2302,-6.0648,2.497,16.07,-1.7145,-26.652,0.015523,-0.068637,-0.046684,-1.0037,0.033127,-0.057775,0.0075452,-0.088964,-20.86,-0.89339,-8.0246,2.1741,17.974,0.69897,-25.184
30.4,-0.0072437,-0.070762,-0.032154,-0.99589,0.038417,-0.059402,0.012342,0.93376,-19.599,-0.59358,-7.8705,0.39382,17.576,2.4518,-25.453,-0.024642,-0.063555,-0.036182,-1.0048,0.040067,-0.059389,0.0052234,1.6175,-20.871,0.55563,-7.025,-1.2643,17.713,0.91674,-25.299
30.5,-0.0033979,-0.062455,-0.026594,-0.98392,0.038262,-0.064099,0.0074878,1.8365,-20.402,0.31023,-8.7355,-0.062906,17.928,1.3576,-24.531,0.0073402,-0.065449,-0.053091,-1.0007,0.033812,-0.073593,0.009832,2.7239,-19.219,-2.3568,-7.4666,2.6242,16.699,0.54742,-24.321
30.6,-0.014477,-0.049009,-0.02974,-0.99243,0.026264,-0.05164,0.008306,1.3962,-20.363,1.0796,-8.3674,1.5635,19.533,0.64671,-25.047,-0.021264,-0.062694,-0.045337,-0.99951,0.033027,-0.05261,0.01087,2.1448,-18.84,-0.79492,-8.2963,2.1055,18.67,-0.32698,-26.337
30.7,-0.026718,-0.058233,-0.057461,-0.99541,0.018135,-0.069974,0.015262,2.1496,-19.687,1.0055,-8.3391,2.1393,17.947,0.27608,-26.015,0.0077181,-0.074304,-0.034392,-1.01,0.030036,-0.070708,0.0030763,1.0089,-19.825,1.142,-8.5984,0.51256,18.286,2.9671,-23.937
30.8,-0.012704,-0.042516,-0.04452,-1.0014,0.032336,-0.053301,0.013711,0.58761,-21.338,-1.8437,-7.6327,-0.61273,18.622,-0.29632,-26.577,-0.016985,-0.049283,-0.032119,-0.99791,0.030095,-0.067424,0.0052782,0.95696,-20.148,-1.1116,-7.0595,1.1903,18.64,0.51267,-23.919
30.9,-0.022718,-0.062774,-0.055818,-1.0001,0.026393,-0.057262,0.0066434,-0.32633,-19.252,-1.9189,-8.4732,1.2467,17.662,1.154,-25.605,-0.021348,-0.043527,-0.043504,-1.0013,0.030072,-0.061065,0.0086723,-0.67972,-16.718,-1.0786,-7.8746,-0.50913,18.98,1.0875,-24.201
31,-0.016769,-0.025572,-0.060347,-1.0124,0.032846,-0.062441,0.0064691,-0.083985,-19.702,1.2237,-6.3319,1.8332,19.102,0.9182,-24.718,-0.010017,-0.030066,-0.045235,-1.0162,0.032018,-0.058645,0.0081954,1.8392,-16.633,-1.6888,-7.5332,1.4309,21.003,0.92142,-24.403
31.1,-0.024097,-0.055153,-0.04783,-1.0076,0.033228,-0.053543,0.0029821,-0.65357,-18.854,-1.9255,-7.1364,-0.93688,19.791,0.61273,-22.329,-0.018031,-0.019809,-0.042951,-0.99636,0.035665,-0.062184,0.0024289,0.58406,-17.439,-2.1506,-9.056,2.2683,19.807,-1.2753,-25.509
31.2,-0.020873,-0.015001,-0.053064,-0.99772,0.032743,-0.06064,0.0072226,1.3499,-17.543,-1.8812,-9.399,1.0694,18.759,1.9856,-23.695,-0.018823,-0.031803,-0.04157,-0.99067,0.025707,-0.055988,0.0047788,-0.35696,-19.216,-0.025755,-7.5903,0.74402,20.427,0.45839,-22.977
31.3,-0.0074808,-0.035387,-0.03989,-1.0077,0.024395,-0.058953,-0.0037338,0.3636,-18.107,-0.13528,-8.6036,1.8512,21.387,1.0525,-23.861,-0.035609,-0.039198,-0.033188,-1.0024,0.026069,-0.060009,0.0011436,2.437,-17.263,-1.6181,-7.7796,-0.52593,20.203,-0.68876,-23.332
31.4,-0.020759,-0.026782,-0.056371,-0.99345,0.023402,-0.060761,-0.0070912,1.4055,-17.279,0.36568,-9.5667,1.7582,19.789,0.15557,-22.054,-0.022423,-0.025525,-0.035177,-1.0048,0.028428,-0.05841,0.0032811,0.49512,-17.591,-1.0474,-8.4502,1.0563,20.901,0.80967,-22.208
31.5,-0.030411,-0.020305,-0.063541,-0.985,0.032487,-0.056233,-0.0028818,0.25411,-14.765,-0.30973,-10.21,1.7169,19.517,0.3422,-23.75,-0.038249,-0.030034,-0.054788,-0.99589,0.028695,-0.044847,0.0012102,0.67336,-15.229,-1.0901,-9.0737,1.7224,21.235,-1.1716,-22.832
31.6,0.0045477,-0.01024,-0.05106,-0.99017,0.031526,-0.059083,-0.0057585,-0.57413,-17.746,-0.88354,-9.7177,0.30209,19.867,1.2562,-19.892,-0.042578,-0.019186,-0.038363,-0.99835,0.023936,-0.044329,0.0059975,1.7748,-17.569,-0.66275,-11.184,-0.071798,21.132,0.59573,-21.973
31.7,-0.024566,-0.025838,-0.031615,-0.9989,0.013561,-0.057072,-0.0013425,0.78989,-16.411,-1.4364,-12.348,2.1053,20.242,0.33714,-22.577,-0.011622,-0.031641,-0.049391,-1.0121,0.032748,-0.049095,-0.0013942,1.0745,-16.966,-0.85593,-10.279,0.8125,22.444,0.38158,-20.121
31.8,-0.021392,-0.044756,-0.041667,-1.0062,0.016021,-0.051214,-0.0026534,1.7568,-17.495,-0.88583,-12.033,-0.016936,19.874,-0.0019171,-22.012,-0.034151,-0.024701,-0.057504,-0.99495,0.024819,-0.04104,-0.0066241,1.113,-16.615,-1.1495,-12.802,0.51287,20.978,-0.54174,-19.572
31.9,-0.032709,-0.026278,-0.038043,-1.0191,0.027578,-0.041615,-0.0072493,2.994,-15.88,-1.7506,-9.7915,-0.69225,22.246,-1.2749,-19.891,-0.012704,-0.013587,-0.028747,-0.99693,0.023529,-0.044979,-0.0086567,-0.22171,-17.659,-1.7221,-10.867,1.8835,21.973,-0.16565,-19.309
32,-0.026669,-0.01173,-0.041835,-1.0086,0.026921,-0.047104,-0.012686,1.1355,-14.395,-1.405,-10.427,1.7435,20.642,1.4351,-22.392,-0.031704,-0.0011866,-0.043607,-0.98937,0.026934,-0.040913,-0.0028067,-0.18394,-15.687,-0.36439,-14.614,0.04861,20.554,0.17632,-20.178
32.1,-0.019669,-0.0023289,-0.043159,-1.0189,0.024999,-0.050704,-0.011161,-2.0348,-15.268,-2.1121,-12.455,0.81278,23.182,0.71068,-18.594,-0.022079,-0.0096617,-0.045491,-0.99636,0.014183,-0.04581,-0.0098926,0.1165,-15.1,-1.6739,-12.18,0.81219,21.021,-0.3984,-19.226
32.2,-0.0196,-0.015952,-0.021685,-0.97765,0.01727,-0.045162,-0.001186,0.51486,-14.973,-3.4333,-12.14,0.0656,22.289,1.5104,-20.22,-0.047733,-0.0061423,-0.053483,-0.99166,0.016069,-0.042265,-0.0028057,1.1697,-14.39,-1,-13.222,0.93708,21.017,1.4566,-19.7
32.3,-0.05343,-0.019232,-0.048242,-0.98746,0.027428,-0.045136,-0.0098637,2.3866,-11.611,-1.3364,-14.162,0.17165,21.722,0.49255,-19.912,-0.032419,-0.0078399,-0.024628,-1.0089,0.0063578,-0.040062,-0.0084315,2.4075,-13.538,-0.51775,-12.93,-2.3054,20.59,-0.57106,-18.517
32.4,-0.045959,-0.027535,-0.041445,-0.97988,0.027554,-0.041347,-0.0097498,0.39854,-14.058,0.21714,-13.309,-0.62622,23.905,0.25698,-19.5,-0.030671,-0.015643,-0.047154,-0.98707,0.020388,-0.038833,-0.016507,-0.53752,-14.045,-1.8045,-13.33,1.7942,22.972,1.8033,-20.142
32.5,-0.03941,0.0062545,-0.042714,-1.0074,0.026583,-0.042571,-0.016877,1.4451,-12.169,-0.97976,-14.525,-1.9499,24.246,-1.393,-17.445,-0.037111,-0.0044852,-0.044236,-1.0013,0.021237,-0.041332,-0.0064065,0.71229,-13.059,-2.2109,-13.857,1.6092,22.068,1.3583,-19.267
32.6,-0.025784,-0.0072717,-0.028914,-1.0097,0.020576,-0.033533,-0.0059113,1.1014,-12.408,-0.37407,-13.094,-0.2615,22.701,-0.70577,-19.988,-0.047706,-0.0023336,-0.031085,-0.98603,0.023598,-0.040249,-0.011757,0.42306,-13.142,-0.63243,-11.522,-0.13184,21.13,0.95213,-19.392
32.7,-0.036805,-0.012016,-0.042626,-1.0005,0.025899,-0.041403,-0.016696,-0.95222,-12.914,-2.9919,-13.561,1.4807,20.557,-1.1811,-19.934,-0.05297,0.00073321,-0.046657,-0.99218,0.018184,-0.035652,-0.017442,1.8087,-13.223,-0.77211,-15.891,-1.1683,23.9,1.2103,-19.68
32.8,-0.042077,-0.010575,-0.022272,-0.99698,0.015307,-0.039949,-0.014253,0.53136,-13.443,-1.5197,-14.503,2.0422,23.995,-0.089284,-20.36,-0.054497,-0.00828,-0.029404,-1.0185,0.017107,-0.03872,-0.010606,-0.77673,-11.262,-1.0644,-13.94,0.99744,22.129,-0.45332,-20.138
32.9,-0.04946,-0.0046381,-0.031202,-1.0037,0.019109,-0.032064,-0.011745,1.5194,-10.895,-2.0715,-15.551,1.9157,23.424,0.79489,-19.036,-0.028571,0.006239,-0.029876,-0.9889,0.024154,-0.041931,-0.0065671,1.9582,-11.633,-2.1765,-13.322,0.82208,24.828,1.0379,-17.642
33,-0.028458,-0.0072697,-0.026227,-1.0047,0.026208,-0.028357,-0.014613,-0.27712,-12.424,-1.5065,-16.67,0.55842,22.272,0.47479,-21.261,-0.053365,-0.001152,-0.019779,-1.009,0.013282,-0.036087,-0.021986,1.1938,-13.358,-1.1354,-16.325,0.11843,23.879,-1.3459,-19.085
33.1,-0.044911,0.0042605,-0.050832,-1.0138,0.015012,-0.029913,-0.0077149,-0.10865,-11.371,-1.0294,-15.717,0.27024,25.073,-0.58026,-21.252,-0.04241,-0.0043643,-0.018871,-1.0021,0.010238,-0.040864,-0.016634,1.0362,-11.689,-2.2904,-15.814,1.9186,26.149,0.18983,-20.844
33.2,-0.043729,0.0039051,-0.01363,-1.0011,0.012311,-0.028243,-0.013611,-0.82853,-10.71,-1.3656,-17.4,0.23973,25.325,-0.91662,-19.507,-0.056962,-0.0017089,-0.02607,-0.97623,0.021541,-0.039745,-0.0094121,-0.5492,-8.5575,-0.068622,-17.517,-0.61982,23.718,-0.59363,-18.33
33.3,-0.052985,0.012525,-0.039509,-1.0026,0.0094809,-0.034446,-0.017013,0.90389,-9.5318,-1.4101,-17.737,1.049,26.695,-0.94883,-18.291,-0.046204,0.022792,-0.025814,-1.0025,0.0059483,-0.031248,-0.012901,-0.61084,-13.31,0.88536,-18.353,1.2617,24.664,0.71345,-18.915
33.4,-0.040061,0.0071992,-0.046086,-0.98923,0.0019835,-0.025488,-0.016851,-0.44288,-10.546,-1.2674,-17.036,2.5147,23.617,0.048834,-19.244,-0.034529,-0.0065969,-0.015376,-1.01,0.017197,-0.032456,-0.0075609,2.7082,-10.259,-0.82731,-18.24,0.75296,27.04,-0.011689,-18.052
33.5,-0.058172,0.011783,-0.033973,-0.99613,0.0087369,-0.030113,-0.023296,1.1359,-11.557,0.27936,-17.235,-0.17536,23.325,-2.4605,-19.178,-0.048092,0.024151,-0.029953,-0.9845,0.0072476,-0.030186,-0.020106,1.2285,-12.163,-3.423,-17.691,1.0922,25.642,-0.26281,-21.317
33.6,-0.018411,0.019726,-0.028182,-1.0038,0.0051753,-0.018333,-0.026213,0.77688,-10.017,-0.89236,-19.201,1.3169,25.769,-1.719,-19.697,-0.056533,0.012562,-0.02291,-0.99819,0.014506,-0.02952,-0.023722,0.743,-10.066,-1.6525,-17.119,-0.13406,24.975,0.88784,-19.969
33.7,-0.03505,0.026107,-0.026397,-0.97958,0.0087154,-0.032328,-0.022752,0.61333,-8.0721,-0.65634,-19.855,-1.7781,25.085,-0.17002,-18.536,-0.064103,0.0026223,-0.037251,-0.9999,0.0039056,-0.023652,-0.014652,1.0944,-11.167,-2.1344,-18.097,2.3498,24.754,-0.2034,-18.694
33.8,-0.032791,0.010957,-0.00806,-1.0181,0.005235,-0.027847,-0.019664,2.0728,-7.3434,-1.6745,-17.643,0.99462,26.178,-0.74673,-20.085,-0.06276,-0.0075185,-0.017602,-1.0129,0.012685,-0.021158,-0.013751,-0.056452,-7.6118,-2.2012,-19.771,1.8242,25.96,-1.7096,-19.51
33.9,-0.035567,0.006059,-0.022664,-0.98811,0.0042156,-0.030461,-0.018682,2.1849,-7.3164,-0.62838,-20.332,0.15519,25.849,-0.16844,-18.7,-0.059055,0.028364,-0.033409,-1.0052,0.021263,-0.030313,-0.020855,2.0879,-9.3553,-0.69662,-19.029,0.11008,27.037,0.86703,-22.03
34,-0.050785,-0.0056897,-0.040551,-0.99131,0.011622,-0.01542,-0.019897,-0.10747,-8.0588,-0.050973,-20.094,0.03762,24.854,-0.75682,-20.749,-0.047401,0.04663,-0.029998,-1.0018,-0.0020312,-0.020774,-0.013225,-1.505,-8.6994,-0.041032,-20.473,1.9694,25.844,2.0565,-18.845
34.1,-0.066867,0.02395,-0.037657,-0.98725,-0.0010351,-0.017177,-0.013633,0.29989,-7.6632,0.39729,-21.887,-0.18103,26.712,-0.55979,-20.92,-0.054825,0.0039084,-0.029344,-0.97967,0.01324,-0.026868,-0.024758,-0.14274,-9.6638,-1.7659,-20.358,-1.1238,26.301,-0.27188,-20.551
34.2,-0.038951,0.010137,-0.02339,-1.008,0.0013145,-0.0247,-0.015165,-0.37859,-8.9348,-2.7053,-20.12,-1.0366,26.295,-0.35507,-20.268,-0.058493,-0.003086,-0.018083,-1.0007,0.0028378,-0.026875,-0.0104,2.7687,-7.5267,0.064046,-20.234,0.72997,26.725,-1.2804,-20.646
34.3,-0.070261,0.024662,-0.022445,-1.0032,0.0063261,-0.022382,-0.023605,0.18508,-7.2921,-3.7555,-21.357,1.3543,25.614,0.20526,-19.773,-0.030919,0.017577,-0.016461,-0.98973,-0.0034599,-0.016942,-0.013608,-0.13043,-7.744,-0.45813,-22.166,1.1994,27.158,1.1014,-18.412
34.4,-0.044884,0.015253,-0.0081377,-0.99526,-0.0060253,-0.016123,-0.018557,-0.022726,-7.1443,-0.58081,-20.952,-2.8903,25.551,-2.388,-19.467,-0.04111,0.011502,-0.037262,-0.99319,0.005619,-0.019885,-0.013412,-1.0241,-9.0084,-2.4895,-20.632,0.89126,25.209,-0.53332,-20.413
34.5,-0.050452,0.027179,-0.0034634,-0.99239,0.0054369,-0.015322,-0.011892,1.9509,-7.8021,-2.3201,-21.282,0.39919,28.998,-1.914,-18.968,-0.044453,0.025413,-0.046438,-0.99703,0.011209,-0.029858,-0.020377,0.025921,-5.7573,-0.93056,-20.819,-0.20637,26.142,1.3789,-20.907
34.6,-0.065003,0.012892,-0.048974,-0.98502,-0.0020526,-0.027293,-0.017978,2.1005,-8.3789,-1.9312,-21.338,-0.61493,27.999,-1.9496,-20.334,-0.033079,0.019469,-0.012922,-0.9988,-4.5257e-05,-0.021635,-0.013995,0.086308,-7.928,-1.6249,-21.041,-0.79414,25.451,-0.96218,-19.727
34.7,-0.03955,0.024317,-0.019072,-0.98323,-0.0015479,-0.012513,-0.020714,-0.046024,-6.8718,-0.90114,-22,-0.92378,26.225,0.69724,-20.29,-0.049747,0.037964,-0.038888,-0.99868,-0.00015996,-0.012243,-0.013924,1.4082,-6.8356,-1.0053,-21.258,-0.12383,26.79,-1.1537,-20.513
34.8,-0.045563,0.010991,-0.023261,-0.9933,-0.000683,-0.023373,-0.019409,2.3053,-6.042,-1.8951,-21.366,-1.0501,27.264,0.83702,-22.36,-0.055055,-0.0050714,-0.010921,-1.0098,-0.004665,-0.011751,-0.017693,0.088186,-4.816,0.14716,-21.239,0.34669,25.208,-1.2154,-20.452
34.9,-0.044955,0.020821,-0.0047292,-0.98406,-0.0028325,-0.015939,-0.018352,0.48962,-6.8172,-2.0212,-23.388,-0.88188,25.247,-0.27315,-20.709,-0.040492,0.028135,-0.025118,-1.0072,-0.012412,-0.020081,-0.019943,-0.64419,-5.6302,-2.7615,-21.73,-0.53433,26.354,0.52175,-21.371
35,-0.054495,0.035039,-0.015631,-1.0141,-0.011042,-0.02189,-0.013736,0.1837,-5.7324,-2.4186,-23.906,0.33918,25.995,-1.4542,-20.579,-0.046242,0.029753,-0.011667,-0.99584,-0.0035866,-0.011702,-0.016934,2.3972,-6.1942,-1.7531,-21.888,-0.89379,27.667,-0.23871,-21.093
35.1,-0.032387,0.033774,-0.019467,-0.99033,-0.010557,-0.011036,-0.021318,1.7888,-6.4647,-1.2647,-24.152,-0.53835,23.57,-0.23306,-20.021,-0.048326,0.025855,-0.0068076,-0.99999,-0.0078972,-0.0097379,-0.01231,1.229,-7.1537,-0.18064,-22.172,-1.351,24.61,0.46977,-21.584
35.2,-0.052489,0.02713,-0.010556,-0.9936,-0.019768,-0.015797,-0.0091767,2.1801,-5.3373,-3.3357,-24.267,0.094089,25.502,-0.74646,-21.279,-0.056843,0.038119,-0.019944,-0.99822,-0.0038666,-0.014501,-0.014033,2.88,-4.2673,-0.99744,-23.801,-1.3932,26.803,-0.47357,-21.479
35.3,-0.046619,0.02685,-0.024463,-0.99584,-0.015302,-0.010215,-0.018227,0.99921,-4.4472,-2.195,-23.757,-0.66839,24.218,-1.7117,-20.149,-0.049468,0.02705,-0.016868,-1.0034,0.00065924,-0.0076699,-0.018537,1.1086,-2.8381,-2.2966,-23.022,-0.36928,24.276,0.054974,-22.315
35.4,-0.041548,0.017557,-0.014509,-0.97672,-0.007946,-0.0056704,-0.018209,-0.45533,-4.6034,-2.6322,-27.785,0.29225,25.853,0.33483,-20.752,-0.034848,0.017509,-0.020908,-0.99552,-0.015901,-0.01453,-0.020307,0.82485,-4.0446,0.38815,-24.471,1.0983,25.881,0.3617,-21.602
35.5,-0.049808,0.019056,-0.024922,-1.013,-0.010052,-0.0055788,-0.017903,-0.64504,-3.9328,-2.1459,-24.502,-0.048127,24.669,0.49455,-22.043,-0.046882,0.0078577,-0.0082043,-0.98759,-0.021536,-0.0020014,-0.0058447,3.8808,-4.4259,-1.8663,-26.583,0.93319,24.29,-1.2171,-20.501
35.6,-0.052341,0.0094456,-0.014697,-0.98416,-0.016416,-0.011413,-0.016091,0.29797,-4.2689,-0.50232,-27.944,-0.42457,25.042,-0.40564,-19.965,-0.049222,0.010816,-0.0092724,-1.001,-0.020236,-0.0017748,-0.006718,0.70315,-2.6948,-0.7775,-25.911,-0.52833,23.422,-0.7426,-20.125
35.7,-0.03668,0.0313,-0.024488,-0.99847,-0.016271,-0.010986,-0.021227,1.0959,-3.4355,-2.5359,-26.392,-1.206,25.154,-0.64911,-20.319,-0.057396,0.021504,-0.017325,-1.0226,-0.018287,-0.0047416,-0.012464,-0.23247,-2.1521,-0.93451,-26.353,0.87219,23.924,1.5591,-21.542
35.8,-0.058424,0.047943,-0.022354,-1.0125,-0.019824,-0.013078,-0.011533,-0.23357,-3.5556,0.22093,-25.042,-2.0435,25.359,0.69356,-20.776,-0.037153,0.035707,-0.018995,-0.99525,-0.020918,-0.0078366,-0.012114,-1.1576,-5.2543,-2.5562,-26.15,-0.71984,24.575,1.9824,-21.316
35.9,-0.057465,0.040094,0.0073437,-0.99339,-0.019027,-0.0062649,-0.0059514,0.41322,-2.258,-0.71423,-28.506,-0.02117,24.253,0.67376,-19.725,-0.046352,0.026369,-0.013054,-0.98268,-0.019145,-0.0071294,-0.0091624,0.72432,-2.4015,-0.80687,-27.843,-2.8134,24.139,0.35026,-23.46
36,-0.060028,0.034174,-0.010535,-1.0002,-0.013792,-0.0022038,-0.02487,1.3309,-1.8022,-2.2426,-27.192,0.2263,23.909,0.21982,-21.852,-0.045537,0.016199,-0.0062249,-0.99773,-0.017343,-0.0064329,-0.0084895,1.7664,0.056791,-0.31911,-26.595,1.9574,23.224,-0.19481,-20.283
36.1,-0.046804,0.038731,-0.014477,-1.0015,-0.012791,-0.0082128,-0.0093372,-0.47405,-2.5271,-0.21121,-26.772,1.4006,23.66,0.43476,-19.798,-0.035963,0.040892,-0.022874,-1.0007,-0.019026,-0.0068896,-0.0067995,0.13868,-1.2635,-1.323,-26.55,1.1216,24.174,0.34728,-21.808
36.2,-0.042492,0.014526,0.0051704,-0.98563,-0.018507,-0.0034298,-0.019524,1.7395,-3.1911,-1.3257,-27.834,0.36998,22.838,0.61453,-20.332,-0.04093,0.031063,-0.012954,-0.9812,-0.021219,-0.0080662,-0.014789,-0.063423,-2.0259,-2.1313,-28.748,-0.055678,24.895,1.0934,-20.87
36.3,-0.042877,0.018114,0.0052121,-0.99621,-0.021334,0.0069006,-0.0054958,-0.40437,-2.5534,-0.52285,-27.769,0.15587,24.512,-0.97276,-20.12,-0.053805,0.02475,0.005453,-1.0054,-0.022862,0.0015495,-0.0082384,0.74524,-1.4751,-0.71094,-29.474,-1.4872,24.385,0.012511,-21.206
36.4,-0.039383,0.018199,-0.010058,-0.98886,-0.021166,-0.0038265,-0.012172,1.552,-0.5643,-2.1147,-30.046,-0.4983,24.239,0.41726,-21.403,-0.032954,0.026163,-0.0070387,-1.0005,-0.032831,-0.0029722,-0.016193,0.072131,-0.52144,-1.0398,-28.25,-1.5007,23.302,-0.85392,-21.237
36.5,-0.027915,0.020759,-0.026608,-1.0038,-0.026579,0.0046399,-0.011677,0.48539,-1.6725,-1.8266,-30.126,1.1778,24.134,-0.84667,-20.352,-0.046674,0.036557,0.0029863,-1.0172,-0.017967,-0.00028958,-0.011,0.31832,-0.94293,-0.70594,-29.535,0.083755,24.015,0.78212,-19.391
36.6,-0.033461,0.031275,-0.0048363,-0.9933,-0.026071,0.0091539,-0.00037422,1.4193,1.6273,-1.1442,-29.934,-1.6955,22.007,-2.477,-19.665,-0.031589,0.026667,0.0043416,-0.99138,-0.02774,0.0057267,-0.017035,0.53187,0.2495,-0.5051,-29.973,0.03261,23.758,0.24221,-22.311
36.7,-0.054831,0.033457,0.0037295,-1.0067,-0.023598,0.0071676,-0.013736,-0.94676,0.090166,-0.096011,-31.533,-1.9508,22.154,-0.030153,-19.529,-0.027725,0.04329,-0.00027698,-1.0017,-0.023317,0.0034403,-0.011087,2.3211,-0.0068928,-1.9396,-30.419,-0.14948,20.918,1.4794,-20.902
36.8,-0.024424,0.031069,-0.015709,-1.0163,-0.026924,0.0044797,-0.012098,2.4528,-0.91805,0.21174,-29.107,-0.95703,22.595,0.43798,-20.813,-0.037179,0.021658,0.00023107,-1.0005,-0.021526,0.00047357,-0.0033998,1.6226,-1.0143,-0.60578,-31.964,-0.8725,23.767,0.92187,-19.328
36.9,-0.040822,0.016251,-0.0083096,-1.0007,-0.023663,0.00424,-0.0060429,-0.10791,2.237,-0.43845,-30.974,0.57563,22.019,0.40019,-21.033,-0.039132,0.014175,-0.01496,-0.99182,-0.025864,0.0036234,-0.0021724,0.42836,-0.52072,0.041981,-31.115,-1.6929,23.9,0.84693,-18.214
37,-0.036851,0.044543,-0.0089675,-0.9921,-0.023982,0.002577,-0.010416,-0.44816,2.1189,-1.4873,-30.467,-0.87627,21.007,0.24481,-19.354,-0.031008,0.018602,-0.0013033,-0.98668,-0.032063,0.014246,-0.0068712,1.4898,-0.27496,-0.88663,-31.215,-1.1955,22.918,0.4994,-18.704
37.1,-0.012408,0.0090017,0.0017902,-0.99823,-0.022675,0.0089517,-0.0075135,0.19942,-0.20821,-0.72542,-30.513,0.2716,22.057,0.42419,-21.066,-0.016524,0.018623,-0.011205,-0.99923,-0.029294,0.012204,-0.0038277,3.1523,-0.13443,-0.90084,-32.64,1.1153,22.162,-0.12923,-20.208
37.2,-0.025625,0.04574,0.0016817,-0.99333,-0.027459,0.0048695,-0.002191,0.7367,1.1728,-2.1911,-32.463,0.032914,20.56,1.5408,-19.859,-0.037713,0.040067,-0.0078826,-1.0154,-0.019845,0.007504,-0.0092185,0.77862,1.2384,-2.6131,-32.005,-1.1428,20.28,-0.3735,-19.531
37.3,-0.02483,0.024838,0.0040881,-0.99524,-0.02565,0.016272,-0.0075511,-0.25648,2.357,-1.7392,-31.882,-1.0777,20.209,0.066401,-19.591,-0.018345,0.020866,0.011813,-1.0004,-0.028837,0.012956,-0.0024557,-0.35011,1.6839,-0.66893,-33.119,-0.71719,22.166,-0.25153,-18.363
37.4,-0.014648,0.024714,0.0054855,-1.0219,-0.029352,0.013209,-0.0020412,-0.27025,1.71,-0.71218,-30.951,0.1562,21.378,0.73667,-18.701,-0.020652,0.025182,0.0033114,-1.0095,-0.029917,0.0020103,-0.0040368,0.65829,2.5634,-2.4088,-33.572,-1.2401,20.278,1.3802,-17.474
37.5,-0.025515,0.022015,0.0055755,-1.0041,-0.02913,0.010045,-0.0045737,-0.26461,1.3046,0.18902,-31.418,-1.9935,20.827,0.17768,-18.043,-0.026883,0.011242,-0.0032527,-0.99955,-0.026436,0.0023681,-0.0025202,-0.55442,2.7242,-1.4785,-34.861,0.052046,21.095,0.45509,-18.795
37.6,-0.0079022,0.028771,-0.0046145,-1.0057,-0.02056,0.018651,-0.0023797,-1.0268,1.0813,-0.93296,-33.924,-1.5946,19.125,0.83278,-19.746,-0.031118,0.015408,-0.0018647,-0.99847,-0.03567,0.022208,-0.0038399,-0.42588,4.1888,-2.2246,-33.781,-2.4866,20.674,1.8447,-17.721
37.7,-0.024185,0.0036487,0.0062194,-1.0044,-0.023484,0.0094635,0.005806,-2.1784,2.0985,-1.3906,-34.08,0.10339,18.957,1.9989,-18.001,-0.014016,0.031311,-0.015387,-0.99818,-0.026616,0.019622,-0.0087961,-0.46867,0.19819,-0.509,-34.249,-1.4093,17.352,2.3835,-16.329
37.8,-0.021954,0.026125,0.0094156,-1.0014,-0.028563,0.02153,-0.0093606,-0.63205,0.74974,-1.0759,-36.055,0.7454,20.119,0.11861,-17.871,-0.035011,0.026036,-0.015138,-1.0189,-0.024536,0.020816,-0.0016091,-2.169,1.6292,-1.7362,-35.013,-1.1021,18.851,2.851,-18.548
37.9,-0.0050645,0.023397,-0.0035435,-0.99655,-0.019054,0.010961,-0.0078484,-0.53566,0.88353,-2.4311,-32.384,-0.87615,17.085,-0.0054133,-17.417,-0.0027016,0.018756,-0.011026,-0.98815,-0.024769,0.011204,-0.0074485,-2.209,0.24125,0.36397,-35.427,-1.3584,16.927,1.0572,-17.157
38,-0.014696,0.0085359,0.013882,-1.0063,-0.020807,0.021867,-0.0095684,1.3001,0.93544,-2.0341,-35.47,-0.6548,16.58,-2.4413,-17.999,-0.028233,0.015261,-0.001984,-1.0044,-0.017953,0.021624,0.0048515,-0.68198,-0.43942,-1.9119,-34.706,-2.5776,16.949,1.2745,-17.332
38.1,-0.0050972,0.031203,-0.0060368,-0.98806,-0.0091529,0.016089,-0.0013261,0.7968,0.38724,-0.25748,-35.334,-0.2589,17.516,-0.63991,-17.908,-0.0159,0.030032,-0.0064161,-1.0031,-0.034109,0.022366,-0.0077624,-0.81216,-0.97773,0.69815,-35.389,-0.0061566,16.422,-0.27902,-18.816
38.2,-0.015052,0.019383,0.0020453,-0.99667,-0.012522,0.020912,-0.0023754,-0.79842,-0.69553,0.86524,-34.143,1.1632,14.777,-1.4809,-17.285,-0.021616,0.016011,-0.0046715,-1.0082,-0.016787,0.010739,-0.0064086,-0.69376,-0.45559,-0.78887,-36.381,0.69882,19.496,-0.18552,-16.582
38.3,-0.0070803,0.034904,0.0019643,-0.9945,-0.022029,0.012367,-0.0042969,-0.10026,-1.5601,0.92635,-35.781,0.72127,16.976,-0.86003,-18.764,0.0059968,0.015607,-0.010637,-0.98751,-0.021926,0.016617,0.0013031,-1.4852,0.175,-0.074499,-33.962,0.83486,16.662,-0.85003,-16.916
38.4,-0.00048818,0.0012839,-0.0090148,-0.97712,-0.015533,0.022696,0.0013784,-0.24487,-1.6341,-1.1561,-34.353,0.5994,18.686,-0.58287,-16.759,-0.009666,0.00872,-0.017872,-0.99187,-0.012619,0.01266,0.0066567,-0.25346,0.84155,0.37746,-34.637,0.30003,16.434,-2.0014,-16.273
38.5,-0.0065296,0.0097613,-0.0022088,-0.99595,-0.011965,0.014319,-0.00055968,-1.6656,-0.74089,0.53442,-34.086,0.025764,17.899,0.93239,-17.366,-0.023034,0.021512,-0.0077256,-1.005,-0.015397,0.017837,0.0036734,-2.8232,-0.22275,2.6434,-33.331,0.8776,17.644,-0.30732,-16.333
38.6,-0.00329,0.016522,-0.0089678,-0.97554,-0.016213,0.016285,0.00074177,-1.4169,0.56031,0.76713,-35.915,-3.0657,18.22,-0.37975,-17.939,-0.027095,0.011178,0.0032763,-1.0054,-0.023162,0.013899,0.002067,-0.19398,-1.9578,0.68956,-35.642,-1.3548,19.316,-0.16668,-19.561
38.7,-0.008419,0.021676,-0.0023815,-0.9889,-0.0079489,0.020824,-0.00041379,-2.0719,-0.60412,1.3811,-34.315,1.1543,18.114,0.11288,-17.578,-0.02097,-0.0021969,0.00034713,-0.99087,-0.014708,0.015001,0.01158,-2.7159,-0.67935,-1.0539,-30.785,-0.51151,18.376,-1.983,-17.695
38.8,0.0023333,0.016606,0.01241,-1.0061,-0.016158,0.0081128,-0.0010836,0.31557,-4.1594,-0.40238,-32.863,-1.2309,17.615,0.8321,-18.356,-0.01804,-0.00017462,-0.0088114,-0.99305,-0.0026762,0.0051979,-0.0056041,-1.0445,-2.3605,0.23851,-32.453,1.0119,17.643,1.4315,-20.058
38.9,-0.016304,0.0075856,0.003942,-1.0104,-0.020437,0.011209,-0.0074706,-2.5373,-0.7329,2.7953,-33.434,-0.40454,18.371,-1.906,-20.677,-0.020596,0.051126,0.001224,-0.9925,-0.016346,0.022223,-0.0036053,-1.6256,-3.233,1.2604,-33.486,0.0027173,18.131,1.0821,-17.442
39,-0.016687,0.026874,-0.01296,-1.0126,-0.0060635,0.0064275,-0.0018482,-0.10409,-2.1218,1.6608,-33.142,1.4057,20.383,-0.57979,-16.017,-0.005843,0.028536,-0.0099774,-0.98645,-0.012293,0.0098992,0.004686,-1.9146,-2.5331,-0.60523,-31.196,3.1598,17.784,-0.030382,-17.766
39.1,-0.0053652,0.0073146,0.0079917,-0.9706,-0.016726,0.0071649,0.0024133,1.0715,-1.8558,1.5724,-33.325,0.38715,19.93,0.50819,-18.118,-0.02218,0.014478,0.0014393,-0.99227,-0.0097599,0.0026924,-0.0017455,-1.0061,-2.2735,1.4199,-33.933,-0.62808,17.183,-0.6306,-17.422
39.2,-0.0040398,0.01291,-0.0042059,-1.0011,-0.0055954,-0.00056412,-0.0062141,-1.9835,-1.8841,-0.058155,-30.907,1.6431,16.058,1.7552,-18.893,-0.016448,0.025337,0.0027972,-1.0136,-0.01056,0.017725,0.0065203,-1.123,-3.4059,-2.2804,-33.56,0.36403,18.487,-0.51369,-17.164
39.3,-0.0093088,0.02341,-0.0097895,-1.013,-0.0092344,0.013034,-0.01169,-0.75383,-4.2655,1.0726,-34.525,-1.4846,19.231,0.099154,-17.827,-0.013167,0.011207,-0.01069,-1.0057,-0.008301,0.00079508,-0.0071366,0.95728,-3.5344,-0.82165,-31.162,-1.345,18.686,2.4932,-16.604
39.4,-0.010512,0.013583,-0.0070326,-1.0167,9.7415e-05,0.0044842,-0.0027928,-0.094744,-3.2692,0.06187,-31.431,0.11204,16.951,0.5016,-18.709,-0.0045083,-0.0041437,0.0098755,-0.97959,-0.0095013,0.012866,-0.0049307,0.83532,-2.4722,-0.10916,-33.427,-0.14659,18.266,0.40006,-15.559
39.5,-0.012821,0.025295,0.00049714,-0.99953,-0.00052223,0.0044429,0.0016395,-0.36195,-1.0927,1.6445,-31.062,-0.70632,19.643,-1.5313,-17.071,-0.017378,-0.0025141,-0.011045,-0.99095,-0.0076776,0.012504,-0.0020876,-1.4327,-2.6544,3.6582,-31.373,0.91423,18.304,-0.89656,-16.584
39.6,-0.0061785,0.018586,0.0055959,-0.99795,-0.011771,0.0027377,0.0043854,-2.3707,-4.0402,1.9066,-30.67,-1.558,17.934,-1.426,-19.65,0.0098023,0.0174,0.0058209,-1.0062,-0.018344,0.0093839,0.00022119,-0.49967,-4.4974,-0.062041,-31.345,0.51089,17.982,-0.49368,-19.594
39.7,-0.012212,0.0093475,-0.0075007,-1.0004,-0.0045275,0.013281,0.004026,-1.5591,-2.5666,0.48756,-31.431,-0.98319,17.263,1.1795,-19.196,-0.012845,0.0086913,-0.01921,-1.0066,-0.007356,0.0012264,-0.005252,-1.3592,-3.0494,-0.095867,-32.17,1.2183,19.81,-0.011547,-16.107
39.8,-0.0093041,-0.013429,-0.00091699,-0.9924,-0.010919,0.0093774,-0.0055864,-1.1759,-3.0566,-0.21088,-31.844,0.86518,19.259,-0.24007,-17.955,-0.003108,-0.005241,0.0042019,-1.0051,-0.0034415,0.0026014,-0.00029111,-2.0468,-3.5703,-0.56384,-30.56,-0.85859,16.112,-0.4321,-16.563
39.9,-0.00376,-0.006808,0.0081556,-0.99147,-0.017248,0.014222,0.0016866,-0.30357,-3.0407,1.6129,-31.216,-0.22329,17.049,0.78983,-17.471,-0.0078676,0.0021814,-0.0010426,-0.99855,-0.011158,0.018869,0.0027738,-1.4155,-6.4156,2.0642,-31.566,0.56008,17.888,-0.45548,-18.263
40,0.0034626,-0.014389,-0.016187,-0.99045,-0.010626,0.014863,0.00013827,1.5763,-4.6731,-1.1276,-30.864,0.57485,16.534,-0.95139,-17.157,-0.01987,0.0075008,-0.0042447,-1.0061,-0.0077627,0.011765,0.0045829,-0.18486,-2.7766,0.70304,-32.445,-1.2706,18.066,-1.2292,-16.772
40.1,-0.0057833,0.013035,0.0019716,-0.97962,-0.012426,0.0064507,0.00019282,-0.65722,-5.1811,0.83723,-32.218,-0.38706,18.714,2.1452,-18.129,0.0095335,-0.0014924,0.011515,-1.0064,-0.01441,0.0081425,-0.0026513,0.34734,-2.4048,0.14671,-31.157,-0.079384,17.933,0.14782,-19.333
40.2,-0.0066096,0.027785,-0.010716,-0.99834,-0.00084643,0.0040634,-0.010638,-2.3651,-4.6098,-0.95155,-30.097,-0.31052,18.32,-0.98792,-17.949,-0.0077974,-0.015861,0.010024,-1.0047,-0.0064085,0.0046109,-0.002022,0.11119,-2.71,-3.9005,-32.883,0.74743,16.458,0.68143,-18.383
40.3,-0.0059762,0.019011,-0.0024693,-1,-0.005822,0.001732,-0.00088754,-0.6183,-3.2561,0.929,-33.105,1.8773,19.069,-0.53408,-19.467,0.0034496,0.018184,-0.014235,-0.99303,-0.012179,0.0052218,0.0072862,-0.21716,-4.1488,-1.1394,-31.262,0.56924,18.548,0.075946,-17.123
40.4,-0.0071321,0.0034231,0.0053665,-1.0026,-0.0015048,0.0094098,-0.00013352,-0.24234,-3.4542,-1.2242,-32.871,-0.99991,17.561,-0.40118,-16.918,0.0044858,-0.003347,-0.00094521,-1.0096,-0.0047131,0.015596,0.0056188,0.38765,-1.0614,-0.23133,-31.12,-0.073056,17.865,-2.2008,-18.007
40.5,-0.0079048,0.0021555,-0.0079489,-0.99727,0.0017505,0.0014143,-0.0032287,0.19031,-4.2726,2.4369,-30.872,-0.3751,18.217,0.17481,-18.824,-0.017094,-0.0069271,0.0038739,-0.99359,-0.0014434,0.007492,-0.00025816,1.8648,-1.7499,-0.62825,-31.523,-0.68228,19.209,-2.5135,-20.241
40.6,0.0038591,0.023771,-0.0084327,-1.0042,-0.0046481,0.01333,0.0042978,0.80423,-3.7333,-0.25082,-31.147,-1.2246,17.481,-1.1652,-17.581,0.0057005,0.021598,-0.019021,-0.99281,-0.011767,0.0048199,-0.011395,-0.072023,-5.104,1.7529,-32.41,-0.089216,15.967,0.34343,-15.885
40.7,-0.02247,-0.0022314,-0.0052146,-0.99405,-0.0094198,0.013037,0.0010761,1.117,-4.3719,-0.71431,-32.865,0.38665,18.014,0.15942,-18.47,-0.011282,0.010416,0.018835,-0.99613,-0.0030114,-0.0014181,0.0023718,-1.2654,-6.0145,-1.8657,-32.528,0.42891,17.251,-1.2233,-18.725
40.8,0.008031,0.0057389,-0.011121,-1.0039,-0.0024192,0.0051879,-0.0018547,0.82273,-5.1401,-1.0774,-31.022,-0.033026,18.925,0.0035706,-19.301,-0.0023753,0.015273,0.0013414,-1.0192,-0.012402,-0.0014592,-0.0016882,-0.46106,-4.2261,-0.13104,-31.777,0.32253,18.354,1.7533,-19.111
40.9,-0.017421,0.0041804,-0.0093658,-0.98787,0.00084767,-0.0011716,-0.0015377,0.06884,-6.8176,0.22581,-33.429,-0.20878,18.682,0.32486,-16.274,-0.00092843,-0.0049294,-0.017078,-0.99635,0.0017324,-0.0030018,0.0033767,0.91556,-4.8482,1.089,-31.949,-0.60242,18.822,-1.1476,-18.665
41,0.0059449,0.0035686,0.011831,-1.0052,-0.00060641,0.0060274,0.0021034,-0.57524,-4.6835,-0.15027,-29.953,-0.88266,17.041,-0.86682,-19.161,0.017356,0.01309,-0.0039357,-0.99959,-0.0032902,0.0031556,0.0040774,1.1478,-3.6392,0.10904,-31.567,-2.4214,17.305,-1.148,-17.404
41.1,0.0081665,0.012258,0.006628,-1.026,-0.012089,0.0045802,-0.0059691,-2.618,-3.878,1.3741,-31.641,-0.58945,18.397,-0.69074,-17.484,-0.0057139,-0.0042463,-0.013373,-0.99833,-0.0028524,-0.0097759,0.00047391,-0.10015,-4.5642,-0.26377,-30.311,0.77853,19.673,-0.78546,-18.802
41.2,-0.013721,0.0024734,-0.013953,-0.99393,0.00016205,0.00076112,-0.00051487,0.4628,-6.418,0.16238,-31.338,0.86757,16.648,0.17422,-17.254,0.0063648,-0.018432,-0.0018408,-0.9867,-0.0018051,0.010016,0.0039561,-1.5961,-3.8575,0.33028,-30.818,2.0951,18.858,0.063582,-19.974
41.3,-0.0033203,-0.0071727,-0.017489,-0.98542,0.0014212,0.0088372,-0.0079065,0.60802,-4.6851,0.37269,-31.325,-0.30081,20.086,-0.15154,-17.234,-0.0072527,-0.0034579,0.0094235,-1.0154,0.0054905,-0.0035166,-0.011747,-0.41038,-3.3985,-1.1772,-30.861,0.91781,17.651,-0.42171,-18.364
41.4,0.0069221,0.026879,0.0014665,-1.0045,-0.00017531,0.0051787,-0.0013773,0.67954,-4.1459,-0.75682,-30.416,-0.43615,17.509,1.2232,-17.962,-0.010616,-0.0057072,-0.0085501,-1.0057,-0.00217,0.0075741,-0.0025577,-1.6703,-4.3066,1.7234,-29.306,0.16482,17.545,1.077,-16.026
41.5,-0.021362,0.0063205,0.0020001,-1.0117,-0.00058933,0.0053445,-0.00063681,-1.6915,-3.5702,0.26848,-31.114,-1.2757,20.011,-2.664,-17.988,0.013354,0.002183,-0.0084349,-1.0181,-0.00080795,0.0017891,0.0090972,1.2954,-4.8445,1.6443,-33.097,-0.42091,17.009,-0.5236,-17.907
41.6,-0.0031729,0.020469,0.0046789,-1.0071,-0.011211,-0.0007453,0.0051259,-0.21645,-3.6631,-0.71171,-29.715,0.031618,17.285,-1.0806,-16.76,-0.0011831,0.0035544,-0.0049447,-0.99065,-0.0012602,-0.0048916,-0.00090244,-1.1791,-4.171,0.57796,-30.211,-0.59074,17.937,-1.9573,-18.614
41.7,-0.019664,0.03139,0.010883,-1.0004,-0.011546,0.0094237,-0.0041098,-3.5652,-5.3092,1.0355,-31.747,-1.1298,15.672,1.8648,-17.022,-0.00027559,0.0098941,0.010096,-0.99113,-0.002885,0.0024784,0.00074841,-1.404,-6.4544,-1.6603,-31.313,1.1101,17.672,2.3338,-17.42
41.8,-0.0079665,0.021925,-0.00090782,-1.0188,0.012064,-0.00073196,0.0033019,-1.4925,-4.8486,1.4125,-30.997,0.6621,18.247,0.074397,-15.656,-0.0086478,0.0067182,0.024241,-1.0041,0.007792,0.0089575,-0.0047888,-1.8502,-6.0161,-0.47088,-31.861,0.88529,15.973,-0.094587,-18.589
41.9,0.01818,-0.0031045,-0.0079962,-1.0114,-0.0052912,0.012065,0.0035681,0.42445,-5.3694,0.81618,-31.215,0.52587,19.449,-1.9724,-18.733,-0.011907,-0.0084224,0.021575,-0.99747,0.001871,0.0021082,-0.00073405,0.093572,-6.1142,-0.16396,-28.475,0.79397,17,0.89003,-19.032
42,0.00075964,-0.0034028,-0.0018208,-1.0036,-0.0063984,0.004068,0.001156,0.57745,-4.7399,0.32544,-32.091,-0.6058,18.197,-2.1485,-17.364,-0.0043071,-0.016452,0.0010717,-0.99816,-0.0010748,0.0028397,-0.0052615,1.2886,-3.1241,-0.9627,-28.418,-0.25983,17.152,0.93895,-16.788
42.1,-0.0031024,0.0097586,0.021777,-1,0.0038218,-0.0033309,-0.0058851,-0.88081,-4.6922,-0.9508,-30.922,1.0074,16.841,0.19364,-18.225,-0.015308,0.01376,0.010475,-0.9984,-0.0043956,0.0021057,-0.0047411,-0.75705,-4.5123,-0.94379,-29.856,1.0712,17.4,0.17188,-17.425
42.2,-0.0081564,0.00093302,0.01038,-0.99023,-0.0041652,-0.0039891,0.0014174,-0.047591,-3.8712,0.32511,-29.317,-0.096039,16.355,0.4478,-16.253,-0.013372,0.0072455,0.014654,-0.98929,0.002355,0.0097404,0.0059971,-2.2166,-4.8643,-0.6985,-30.848,0.29141,17.697,1.1879,-19.589
42.3,0.0018682,-0.0084092,0.0053132,-0.97978,0.0028305,-0.00064023,0.0049997,-0.41863,-4.5579,-0.18394,-31.253,1.2731,16.936,0.10125,-18.555,0.003785,-0.0068401,-0.0027495,-1.0022,0.00080927,-0.0015201,-0.0060255,-1.0121,-5.6637,-0.95027,-30.26,0.89775,17.803,1.5783,-18.298
42.4,-0.010696,-0.0069451,-0.0073036,-0.99206,-0.011825,0.0044775,-0.0022611,0.49473,-5.8689,0.10347,-27.564,-0.8741,18.301,-1.0327,-19.782,-0.0054657,0.0027671,-0.00067879,-1.0046,-0.0025498,0.008727,-0.0082506,-2.1087,-3.634,0.39941,-31.076,-0.6871,16.545,0.11424,-17.55
42.5,-0.013363,0.00062365,-0.0007584,-1.0025,-0.0015855,-0.00049915,-0.00038836,0.76664,-2.7411,0.17197,-30.381,0.084093,16.685,-1.4155,-17.461,0.0067309,0.0032116,-0.014845,-1.0001,-0.011883,0.0052471,0.0094572,2.4213,-4.5136,-2.0686,-29.637,-0.1325,18.182,-1.544,-18.76
42.6,-0.015086,-0.0023479,-0.0022577,-0.99808,0.00094592,0.00091251,-0.0051691,-1.0309,-5.1232,0.231,-30.746,0.61723,17.311,0.13344,-18.033,-0.028228,-0.013938,0.00079191,-1.0029,0.0035542,0.00061063,0.0043588,-1.437,-4.6997,1.7391,-30.596,-0.25318,17.524,-0.43242,-18.875
42.7,0.0082203,0.00086004,-0.0020108,-0.99601,0.0030105,0.0075372,-0.0053695,-0.15892,-3.5184,-0.9104,-29.662,0.95345,18.6,0.31759,-17.462,-0.002825,0.00041487,0.0094437,-0.99788,-0.00097479,-0.0027774,0.0058997,-1.5666,-6.9651,-1.7003,-30.866,0.80904,17.984,0.85445,-16.224
42.8,0.014251,-0.0085986,0.0043266,-0.98673,-0.0045754,0.0070192,-0.0097173,0.15418,-3.9259,-2.3251,-29.867,-0.47713,16.982,1.2358,-16.854,-0.011523,0.013951,-0.011707,-0.99498,0.0046335,0.0092086,-0.0023558,-0.14074,-3.0602,-1.8666,-30.583,2.272,17.671,2.6374,-18.142
42.9,0.00034137,-0.011011,0.002193,-0.9767,-0.0071455,0.002415,0.0019464,1.6736,-2.9098,1.1045,-30.248,-1.621,16.376,-2.5389,-16.789,-0.0041381,0.017532,0.00263,-1.0058,-0.00067887,0.00615,0.0035652,-0.99814,-5.9161,1.6051,-30.455,0.79243,18.122,-1.8395,-17.414
43,-0.00049995,0.0054363,0.014567,-0.99957,-0.0070903,0.011589,-0.0088443,0.78741,-3.6549,0.25103,-30.09,-0.20257,18.199,0.31718,-16.38,-0.012796,-0.0057415,0.0020925,-0.99694,0.0011088,0.0091638,-0.0038257,0.52958,-3.8029,-0.1166,-29.543,-1.9568,17.32,-0.0052381,-16.384
43.1,0.00059501,0.0087071,-0.013818,-0.99269,-0.012974,-2.1414e-07,0.0058882,-0.19228,-5.3238,-0.45579,-30.828,-0.017517,16.72,0.78961,-17.239,-0.0024292,-0.013679,0.011534,-1.0125,-0.0083993,-0.0026309,0.0023556,0.23571,-2.9996,-0.25496,-30.329,0.7883,16.845,1.0657,-18.292
43.2,-0.011884,-0.0049512,0.0014744,-1.0088,-0.0017145,-0.0069501,-0.0015231,-0.77258,-3.9298,-1.2997,-31.023,1.1851,17.276,0.60397,-17.785,-0.0028527,-0.00049847,0.018511,-0.9877,-0.0075374,0.0029308,-0.0085024,1.1601,-3.8902,0.014636,-32.221,-0.22014,17.804,1.0686,-16.097
43.3,0.0015276,-0.0034469,-0.0033007,-0.99985,-0.003429,-0.0017033,-0.0054202,-1.3564,-8.0683,-0.55851,-29.137,1.962,18.715,-0.32988,-16.307,-0.0072049,0.0066502,0.0064376,-0.98452,-0.0081098,0.0053787,0.0030714,-0.52115,-5.4961,-2.2209,-29.88,0.56898,17.813,0.060591,-16.787
43.4,0.0021308,-0.0030756,0.0013871,-0.99904,0.0049221,0.0038213,0.0012965,-0.23276,-5.6859,0.1432,-29.132,0.22732,17.689,-1.0313,-17.496,0.010358,-0.012163,-0.0083759,-0.98656,0.0014825,0.0068477,-0.0037309,1.6365,-7.0573,-0.20796,-30.685,-1.0982,18.968,1.1586,-16.756
43.5,0.0155,0.011546,0.0079086,-0.9963,-0.00035808,-0.0010115,0.011305,0.054265,-6.152,-0.17205,-31.272,0.80927,18.069,0.76574,-17.501,0.0047525,-0.010214,0.0098332,-0.99679,0.00078789,-0.0014332,-0.0044967,1.4214,-4.3221,0.26236,-28.275,0.083621,15.615,-2.2401,-18.108
43.6,0.011906,0.0060662,0.0061256,-0.98897,-0.0073125,-0.0047912,0.001657,1.5448,-4.7092,0.37148,-31.261,0.28907,17.598,-1.9609,-18.968,-0.0030435,-0.0044634,0.00054867,-0.99939,-0.0021749,0.002253,-0.0073139,-0.23269,-5.8139,1.3305,-29.716,0.71945,17.617,2.2769,-16.542
43.7,-0.0030978,-0.0047443,-0.00092013,-0.98418,-0.0025196,0.0048119,9.4838e-05,-0.19693,-3.3073,-0.87727,-29.498,1.8318,17.989,1.4663,-17.052,0.0016763,0.0117,0.0040299,-1.005,0.0057817,0.002953,-0.0058825,-1.5533,-5.3756,-1.8457,-30.408,1.379,16.862,-1.352,-19.905
43.8,-0.001463,0.0076094,-0.00042125,-1.0192,0.001175,0.003906,0.0029232,-1.6271,-4.2801,0.15515,-31.906,0.58493,17.481,-0.17425,-17.343,0.0089654,-0.0031721,0.011045,-1.0016,-0.0029056,0.0045183,-0.0063178,-2.3401,-5.7069,-1.0053,-30.754,0.54597,17.446,-1.0966,-17.74
43.9,-0.018788,-0.0062572,-0.013947,-0.99185,0.0017928,0.0029351,0.0052835,0.63624,-3.9759,-2.0508,-32.182,1.4965,16.91,-0.70466,-17.101,0.0025899,0.0056334,-0.0002627,-1.0102,0.00043129,0.0029505,0.00096374,0.42213,-6.4183,-0.71804,-31.787,0.166,16.718,2.0044,-19.996
44,0.0019069,0.0012362,0.0077638,-1.0013,0.0016333,0.00031357,-0.0041865,1.9608,-3.163,-0.0072359,-30.915,-0.61415,17.906,0.3957,-15.612,-0.0021424,0.0097033,0.019015,-1.0057,-0.0032876,-0.00066827,-0.00075544,1.4438,-4.9621,1.0049,-29.875,0.22531,19.362,-0.20796,-17.66
44.1,0.00038824,0.014919,0.0050455,-0.99777,-0.0044699,0.00096572,0.00020344,0.54541,-2.2305,0.26769,-29.729,-1.6562,16.426,-0.90145,-17.741,-0.001828,0.00043246,0.0073057,-1.0034,-0.011447,-0.0017991,0.01064,-0.42729,-6.9678,1.6455,-30.194,0.35996,17.24,-0.29859,-17.199
44.2,0.0064962,0.0096575,0.010291,-0.99484,-0.0011998,0.0047096,0.00071414,2.152,-2.8603,2.1348,-31.093,0.84241,17.836,-0.53373,-18.022,-0.013478,-0.0094166,0.00070508,-1.017,-0.0028194,-0.0012839,-0.0022322,-1.3277,-1.8446,0.63204,-30.569,1.6713,17.069,-1.1935,-16.55
44.3,-0.010507,-0.0067756,0.00014667,-1.0219,0.0069446,-0.0054563,0.0051334,-0.026221,-5.1099,1.7602,-33.564,0.97715,18.877,-0.27763,-18.214,-0.0069216,0.0060918,0.0001701,-1.0132,0.0040501,-0.0050777,-0.0074988,-0.69076,-5.6086,0.47386,-29.068,1.1012,18.921,0.32544,-17.001
44.4,0.011194,-0.0048009,-0.011584,-1.005,0.0084617,0.0012471,-0.0037318,-0.68961,-5.9636,-1.749,-30.88,-0.31016,17.274,1.6322,-15.925,0.014898,-0.0044757,0.0035679,-0.99051,0.0020202,0.0035525,-0.010893,-1.4574,-6.1357,-0.43039,-31.947,1.2444,18.304,0.48478,-16.829
44.5,0.00013205,0.0022805,-0.0079881,-0.99211,0.0034185,0.0058489,-0.0050481,-0.064587,-4.6958,0.036569,-30.158,-1.2841,17.669,0.82301,-17.507,-0.0059406,-0.00095654,-0.0038697,-0.99562,-0.0012615,-0.0010834,-0.0039106,1.8703,-4.0134,0.57275,-31.988,0.673,17.932,-0.60388,-15.554
44.6,-1.4653e-05,0.0033515,-0.00058779,-0.99533,-0.00027989,0.0087305,-0.0058351,-1.2101,-5.6792,1.0042,-29.01,0.067419,17.3,-1.5057,-16.584,0.013255,0.017455,0.00027826,-1.0085,0.010638,-0.00088553,-0.0015824,0.15496,-4.1864,-1.5429,-30.757,-1.3067,17.042,0.701,-17.69
44.7,-0.01245,0.00053808,0.0082834,-0.98925,0.0015511,-0.0027379,-0.0080419,2.1894,-4.0395,-1.9618,-31.04,1.4371,16.295,-1.6709,-16.332,0.0011389,0.01227,-0.0031695,-0.99693,-0.0033369,-0.0051594,0.0012386,0.82129,-5.4232,-0.65867,-29.738,0.94034,17.273,-0.74521,-15.737
44.8,-0.0045068,-0.0096906,-0.004486,-1.009,-0.0039576,-0.0057022,0.0029387,-0.84816,-5.441,-1.4616,-29.642,0.27609,17.123,-1.112,-16.546,-0.00097582,0.008643,0.0016059,-0.9929,0.0053497,0.0014072,-0.0015675,-1.1518,-4.7923,-1.6381,-29.505,-0.72592,16.211,1.468,-16.806
44.9,0.0059888,-0.00030627,0.0012395,-1.0002,-0.0035989,0.0014103,-0.0041919,1.2801,-3.9805,-1.183,-29.04,0.97808,17.427,0.46277,-18.767,-0.0089541,0.01149,-0.014478,-1.002,-0.0015868,-0.0080683,0.0042921,-1.7048,-5.3072,-1.0285,-30.871,1.5635,17.365,-0.41568,-18.279
45,0.00035231,0.01096,-0.014457,-0.98273,0.00289,0.0057095,0.0079961,1.3564,-4.5197,0.18347,-32.294,0.67559,16.456,0.21653,-17.547,-0.0082587,-0.0035214,0.013288,-0.98819,0.0058203,0.0047488,0.0024278,-0.058066,-6.0957,-1.0787,-31.557,0.86961,18.984,-0.090742,-17.748
45.1,-0.0028476,0.0037345,-0.00088735,-1.0119,0.0070429,0.0070628,-0.001409,1.9602,-3.9282,0.75854,-30.045,2.0907,18.257,-1.0704,-16.948,-0.0037451,-0.0028729,0.0077238,-0.98695,-0.0043111,0.0033137,-0.0037826,1.0884,-4.9859,-0.33251,-30.504,0.22007,18.863,-0.008145,-18.016
45.2,-0.00091231,0.017079,-0.002898,-0.99334,0.0052912,-0.0010102,0.0019717,1.1458,-4.2314,0.085718,-32.45,0.35443,18.205,-0.489,-17.715,-0.0055422,0.0003325,0.018824,-1.0077,-0.010325,0.0096806,0.0012812,-0.028505,-3.0344,1.2516,-29.427,2.1092,18.238,-0.91032,-17.506
45.3,-0.0096813,-0.0070442,0.00075461,-1.0081,0.00055108,-0.0062613,-0.0005911,-1.772,-3.9125,-2.1901,-30.355,0.80889,18.968,0.9219,-17.68,-0.0091283,-0.0063275,0.0031213,-1.0299,0.0072153,-0.0057804,0.00041191,-1.3675,-4.6585,-0.13452,-31.765,0.45893,17.42,-0.29938,-15.175
45.4,0.0055374,0.0041064,0.010321,-1.0099,-0.0023196,0.0074441,0.0023086,2.4494,-5.1188,-0.7637,-30.201,-0.66139,17.699,0.40317,-17.168,0.0088068,0.0065948,-0.0023093,-0.99469,0.0021855,0.0070124,0.0020485,0.96941,-5.2751,-0.86137,-30.639,-0.84184,17.578,-0.95402,-17.758
45.5,-0.0092859,0.019993,-0.00088394,-1.001,-0.0061845,0.0012594,0.0087369,-0.67665,-5.4516,0.024473,-31.666,-0.12452,19.776,-1.3232,-18.373,-0.001826,0.0022252,0.013483,-0.97576,0.001476,-0.0031395,0.0073279,0.0098788,-5.6657,-0.30044,-32.67,-2.3736,19.029,-1.7124,-16.51
45.6,0.011483,-0.0059484,0.020336,-0.9978,0.0015136,-0.0073306,0.0039559,0.39093,-6.0415,-0.30457,-33.607,-1.0468,18.134,-1.9487,-18.205,-0.0077472,0.0014626,0.0039271,-0.9923,0.0027411,-0.0063594,0.0013634,0.080663,-4.9193,-0.74967,-31.876,1.2228,17.415,-0.53667,-16.724
45.7,0.0093104,0.017692,-0.0034478,-0.99168,0.0082501,-0.0083546,0.0070617,-2.2261,-2.5179,0.46412,-30.756,0.54971,16.972,-1.409,-17.451,0.00075296,-0.018119,0.0014046,-1.0039,0.011245,0.014555,-0.0040713,-1.413,-3.7259,-1.3373,-31.322,-0.14374,16.951,1.468,-15.916
45.8,0.0006722,0.0060775,0.0084533,-0.99418,0.0092042,-0.0010802,-0.00061895,-0.69718,-5.4496,-0.70542,-30.818,0.93299,18.564,-0.29112,-17.671,-0.0023494,0.0065218,-0.002138,-1.0026,-0.0075969,0.0020998,0.005618,1.682,-4.9868,-0.11462,-30.924,0.16057,16.952,0.59208,-17.294
45.9,0.0050764,0.0017209,-0.0024027,-1.0052,0.001488,-0.001578,0.0030207,0.24243,-4.7207,-0.044251,-31.364,0.15508,17.74,-1.5508,-18.086,-0.0037029,-0.0079877,-0.0062573,-1.0006,0.0051925,0.0035981,-0.0033246,-0.36906,-3.1545,1.0828,-30.38,-0.20313,19.247,-1.4919,-16.985
46,0.0053525,-0.011445,0.0071114,-1.0062,-7.7548e-05,0.0028954,0.011969,-1.0833,-2.7197,-1.0382,-31.573,-0.12824,19.156,0.99396,-16.334,-0.01662,0.00068551,0.0019003,-1.0051,-0.0035249,-0.0011851,0.000768,1.0156,-4.1518,-2.3331,-31.893,-0.057201,17.088,-0.52825,-16.592
46.1,0.0048716,0.010031,-0.016474,-1.0051,-0.0055504,0.002095,0.0017473,-0.0071058,-4.5261,-1.0467,-30.551,-0.085069,18.058,1.0464,-16.351,0.0099823,0.0084561,-0.0028797,-0.98547,-0.0038664,6.4678e-05,0.0014478,0.19169,-3.2972,-1.7738,-31.383,1.4441,18.988,0.41102,-16.283
46.2,0.010839,0.010577,-0.011468,-0.99452,-0.001444,0.00086648,0.00084719,0.072577,-4.5347,-1.7091,-32.255,-0.3001,17.515,-0.72545,-17.718,-0.011629,-0.01014,-0.010533,-1.0008,0.0014005,-0.0009517,-0.0012823,-2.5843,-3.7663,-1.3984,-32.181,0.83145,18.245,-1.019,-15.821
46.3,-0.0066534,0.0015325,0.0034972,-0.99938,2.9791e-06,0.0064346,-0.0087059,0.57438,-5.3828,1.1661,-32.189,0.54257,18.705,1.3855,-17.293,0.014739,-4.6817e-05,0.0011911,-0.99907,0.005924,0.0041787,-0.0043525,-1.2963,-3.0494,-0.29738,-30.382,2.0909,18.85,0.7943,-17.339
46.4,0.0079075,0.0080586,0.011798,-0.99725,0.0029055,0.00049693,-0.0024124,-1.0383,-5.761,0.88207,-32.624,-0.70952,16.62,-1.3067,-15.342,-0.017567,0.0051611,-0.01071,-0.99991,0.012581,0.0028936,0.0029867,0.40126,-5.1702,-1.4627,-30.531,-0.45733,16.544,-0.018782,-17.958
46.5,-0.0060608,0.0061177,0.0067966,-0.98973,0.00081363,0.0055179,0.0012014,0.000566,-4.3859,0.83142,-31.951,0.10167,18.114,-1.6009,-14.453,0.013515,-0.002115,0.015825,-0.98982,-0.00017471,-0.0011857,0.010367,1.9045,-3.3286,0.62098,-31.803,1.1339,17.023,-0.96107,-16.67
46.6,-0.0091775,0.0066555,-0.017816,-1.0021,-0.00047654,-0.0047086,0.00428,0.1677,-4.9811,-0.13269,-30.484,-0.041742,16.818,0.36461,-17.277,-0.01224,0.017405,-0.00024151,-1.0048,-0.0046346,0.0027245,-0.0015174,-2.6839,-4.6436,0.3171,-30.908,0.2517,17.809,0.22272,-18.034
46.7,-0.0085569,-0.0097528,0.0081154,-0.99167,0.0019788,-0.0081365,0.0028636,-2.0784,-2.1773,-0.69985,-30.32,0.074934,18.039,2.6037,-16.694,-0.013604,0.0098269,0.0023904,-0.99354,-0.0040014,0.002703,-0.003193,-0.59403,-3.0546,0.78562,-30.726,0.31434,16.609,-0.20669,-17.684
46.8,0.026594,0.00010655,-0.01493,-0.99597,-0.0011716,0.0045897,-0.0012369,-1.2624,-6.5008,-2.7741,-31.864,0.39459,16.729,0.80327,-18.543,-0.0056693,-0.022424,-0.0062675,-1.0209,0.0019735,-0.0028776,0.010464,-2.0073,-4.9783,-1.7006,-32.099,2.8141,16.43,0.59392,-17.008
46.9,-0.021087,-0.0019414,0.01855,-0.98404,0.0074206,-0.0044639,-0.0081813,0.57608,-4.8427,0.20201,-30.012,-1.7825,17.142,-0.90902,-17.836,0.00032125,0.0025201,-0.013194,-1.0006,0.00651,-0.0083902,-0.0050066,0.53265,-6.4031,-0.0072491,-31.201,1.2804,18.718,-0.40581,-16.462
47,0.00087912,0.011589,-0.0018156,-0.99321,-0.0042044,-0.0030159,0.010231,0.57416,-7.7759,1.0519,-31.191,-0.72947,17.468,0.18152,-16.256,0.0041225,-0.0034208,0.0043805,-0.99024,0.0059853,-0.0025685,-0.0097582,-0.57304,-5.7134,1.6833,-30.637,-1.7432,17.384,0.42217,-15.974
47.1,0.0052574,0.0064436,0.0087356,-0.99985,-0.00056341,0.0033708,0.0046341,2.0577,-5.0776,-0.3216,-30.018,1.5155,16.36,-0.29584,-17.951,-0.01817,-0.0013103,-0.017957,-1,0.0012238,0.0088016,-0.0022526,-0.029543,-3.6054,0.46133,-30.047,1.5529,17.62,-1.1712,-17.725
47.2,-0.00078935,0.0084567,-0.0040204,-0.98977,-0.0088304,0.00040721,0.0057198,-0.9097,-4.1121,-0.95138,-31.954,0.78919,17.016,-0.039057,-16.256,0.0041865,0.016345,0.0045046,-1.001,-0.004747,0.007491,-0.0022123,-1.4749,-4.8031,-0.56393,-30.767,1.0801,18.984,1.3832,-16.263
47.3,0.016476,-0.015312,0.0091734,-1.0156,-0.0028035,0.00015164,-0.003392,1.0926,-5.0976,-1.329,-32.391,1.264,19.084,0.41709,-16.289,0.019616,0.0021232,0.0078844,-0.99678,-0.0074417,0.0045816,-0.0053839,-2.1294,-4.6025,-0.43483,-29.77,0.59262,19.032,0.2738,-18.371
47.4,-0.00089178,-0.017856,0.014622,-1.0084,-0.003099,0.00032263,0.0047621,-1.6552,-4.0816,-1.5683,-29.67,0.4971,17.055,0.43255,-16.159,0.012652,0.00036537,0.0095186,-0.99088,0.0039362,0.0009735,-0.0099474,-1.0714,-5.7937,-0.23774,-31.473,0.82748,18.856,0.19477,-15.228
47.5,0.0070341,-0.0023738,0.015396,-0.9978,0.006035,0.0032232,-0.003655,0.4117,-5.0346,0.086189,-32.972,-0.75915,17.001,-1.0709,-17.382,-0.006433,0.0052781,-0.03302,-0.98527,0.0050886,0.0065417,-5.448e-05,0.044844,-5.4851,-0.97604,-30.37,-0.80652,18.768,0.31628,-14.996
47.6,0.020861,0.0042525,0.0064591,-0.9927,0.00084908,0.0025057,0.0023167,-0.088268,-4.5106,-0.68044,-32.83,0.74355,18.057,-0.72648,-18.061,-0.014888,-0.0077259,0.0047905,-0.99065,0.002108,-0.0013675,0.0023138,-0.037457,-4.5976,1.3312,-31.856,-1.3388,17.517,-0.93272,-16.564
47.7,-0.013597,0.0095724,-0.0032509,-1.0119,0.0044214,-0.0010613,-0.0028102,0.09254,-4.8446,0.65463,-31.81,0.5642,18.56,-0.094293,-15.938,-0.0099852,0.0063355,-0.0013681,-0.99215,0.00095792,-0.00069396,0.00032141,-0.94229,-3.8957,-0.99538,-29.967,-0.026916,19.158,-0.14508,-16.69
47.8,0.01083,0.0057505,-0.0043026,-1.0155,0.0033936,0.0073464,-0.0019538,-0.58098,-3.5597,-2.6241,-31.638,-0.30392,16.892,-0.417,-14.847,0.0092134,0.0015219,0.0053989,-0.99255,-0.0019967,0.013164,-0.00095603,-0.83929,-5.308,-1.8561,-31.292,1.5121,18.193,1.5102,-15.356
47.9,-0.0036983,0.013985,0.016827,-1.001,-0.0033017,-0.004178,0.0013451,0.78717,-4.8964,-0.27227,-31.288,1.4772,17.658,-0.46367,-18.117,-0.00099674,0.0064123,-0.012494,-1.0034,-0.0048994,-0.0051628,-0.0058821,-0.19334,-7.0701,0.33258,-31.677,0.27148,18.62,-1.0559,-17.179
48,0.039405,-0.016549,-0.0040606,-0.98994,0.0081506,0.0021866,-0.0020224,1.9396,-5.3082,3.1107,-32.299,-1.5384,16.618,-0.47022,-16.011,0.0043343,0.0051682,0.019735,-1.0153,0.010188,0.0048444,0.0049152,2.3115,-4.0356,-0.15397,-32.044,-1.4184,18.847,0.71056,-17.383
48.1,0.0040054,-0.01077,-0.0014084,-1.0058,0.00066852,-0.0047274,0.0017475,0.66578,-3.073,-0.39951,-32.059,0.15589,19.984,0.080246,-17.061,0.0029653,0.0070405,-0.0047186,-0.99955,-0.0069498,-0.0043025,-0.0035742,-2.2514,-3.4224,-1.4706,-32.431,-0.85102,16.494,-0.87002,-17.31
48.2,0.014332,0.0046894,0.0049719,-1.001,0.0089176,-0.0019656,-0.0041172,-0.87992,-5.7585,-1.4343,-31.407,1.0294,17.037,-0.54935,-17.436,0.011804,0.015988,0.0062533,-0.99738,-0.0012209,-0.0026612,-0.0019963,-0.11854,-4.2957,-1.357,-31.38,-2.1432,18.414,-0.14136,-17.122
48.3,0.0022121,-0.0011669,0.0097076,-1.0139,-0.0021336,0.0030142,0.0030329,-0.65089,-4.9853,-0.85766,-32.95,-1.0158,18.366,-1.7265,-16.943,0.012326,-0.0053644,0.008614,-1.0027,-0.0002529,0.012752,0.011839,1.0542,-3.1635,0.75674,-32.471,0.87185,17.419,-0.18626,-15.954
48.4,-0.012451,0.0043338,-0.0069331,-1.0095,-0.0026006,0.0047774,-0.00070589,3.7008,-2.1601,0.52072,-32.002,0.31333,17.916,-1.1135,-18.373,-0.0099039,-0.00011441,-0.00045146,-1.0046,0.0084343,-0.0081182,-0.0042721,-0.17082,-5.175,-0.28273,-30.94,1.755,17.709,-0.74732,-16.903
48.5,0.0026716,0.0010909,-0.0062297,-0.99218,-0.006795,-0.0018186,-0.00065062,0.63721,-5.5176,-1.1352,-31.33,-0.86839,17.522,-1.2729,-17.522,0.0069286,-0.0085848,0.0049038,-1.0027,0.0031724,-0.00012122,0.003884,-0.26456,-3.9339,0.17293,-32.751,0.86278,16.228,-1.5776,-15.567
48.6,-0.006144,-0.011012,-0.0081945,-1.0083,-0.0017254,0.0011499,0.0052168,-1.0147,-6.7229,-1.911,-30.619,0.56856,17.715,0.10073,-15.591,-0.0015953,-0.0039778,0.00049492,-1.0048,-0.0026824,0.0041887,0.0038222,0.18746,-4.6999,2.1984,-32.611,-0.0011996,16.311,0.79923,-18.83
48.7,0.016596,-0.0034092,0.01054,-0.99962,0.0080889,0.00059021,-0.0015557,0.97484,-5.1192,0.19641,-31.628,-1.496,18.921,1.039,-16.545,-0.0053383,-0.014727,-0.0054338,-0.98538,0.0015858,-0.0023825,4.7632e-05,0.47848,-2.9405,-0.53317,-32.036,-0.19172,17.069,1.0387,-15.076
48.8,-0.0012164,0.0088701,-0.0058981,-1.0023,-0.0055367,0.0053846,0.0021111,0.93611,-4.6013,-0.99999,-33.952,-1.7005,17.937,0.71691,-17.448,0.00054728,0.0043079,0.0036891,-1.0102,-0.0036021,0.00089525,-0.0016446,-3.6814,-3.976,0.52475,-32.319,1.2008,17.567,1.5839,-16.993
48.9,0.0030107,-0.021132,0.011937,-0.99591,-0.0042885,-0.0019579,-0.001305,1.4389,-3.9388,2.0339,-31.607,0.023193,16.632,-1.7284,-17.097,0.0079014,-0.010074,0.020302,-1.015,0.0063834,-0.01078,-0.0077107,1.5905,-5.0201,-1.1971,-32.022,0.27471,18.721,1.2408,-16.095
49,-0.0046179,-0.0012364,0.0041473,-1.0064,-0.0041921,0.0024107,-0.0067235,-0.83591,-2.0451,0.77618,-30.98,-0.36808,18.465,-0.66038,-18.715,-0.0029296,-0.01996,0.0024732,-1.0022,0.0025302,-0.001454,0.0016529,-0.54184,-2.9942,1.3384,-32.207,-2.4462,17.021,-1.7017,-15.925
49.1,-0.0017985,0.005191,0.0035504,-1.006,0.0033695,-0.0099003,-0.0065348,-0.60929,-4.8324,-0.50854,-32.491,2.6613,17.08,-0.88355,-17.316,-0.010655,0.0018998,0.0025067,-1.0176,-0.0039311,0.0080997,0.0056227,1.2697,-5.496,1.4049,-33.42,2.0004,17.407,-2.2601,-19.144
49.2,0.0016204,-0.0061254,-0.010399,-1.0046,0.0071686,0.00023609,-0.0043402,-1.3413,-5.8701,-1.78,-32.221,0.41321,19.622,0.7884,-17.345,-0.0098356,0.004693,0.010628,-0.99468,0.0050973,-0.0018126,0.0016004,0.85287,-3.8967,-0.12911,-32.818,0.84109,17.875,-1.1343,-19.047
49.3,0.0091413,0.021544,0.011037,-0.98975,0.0051025,0.0063703,-1.7689e-05,0.075917,-6.2882,-0.088545,-30.701,0.055246,16.453,-1.1978,-17.48,-0.020033,-0.0078239,-0.02122,-0.9976,0.0091289,-0.0034471,0.0015061,-1.1634,-5.5611,-1.3316,-33.181,1.4347,18.587,1.8541,-16.965
49.4,-0.0032752,0.0017864,-0.0081311,-1.0052,-0.001701,-0.0038396,-0.0152,-2.1134,-5.1785,0.1601,-32.657,-1.7376,18.108,-0.93793,-15.867,-0.0031565,-0.012613,-0.0020679,-0.9945,-0.0045881,-0.0085758,0.005402,0.19869,-4.8083,-0.51595,-30.895,0.49392,17.519,0.45091,-16.638
49.5,-0.00091254,0.018961,0.0085127,-0.98984,-0.007525,0.00066133,0.0022037,1.1215,-5.3996,2.0163,-31.003,-0.42445,18.799,1.1529,-17.081,0.0066575,-0.01226,0.0025692,-1.0303,0.0053583,-0.0059697,-0.0039554,-0.28493,-6.7667,0.15664,-31.637,1.0276,17.744,-1.4226,-17.205
49.6,-0.0085344,-0.0082633,0.0065994,-0.99816,-0.0042863,-0.0048094,0.0044354,-0.83382,-3.8562,-0.52253,-32.283,-0.0016583,17.699,1.2233,-17.184,-0.0097662,0.0015295,-0.0066894,-0.99384,-0.00073761,-0.0018211,-0.0018195,0.84107,-3.6576,-0.89029,-31.697,-1.4082,18.166,-1.7636,-16.066
49.7,-0.014084,0.021012,-0.017047,-0.99702,0.00029994,0.0017115,-0.0093655,-1.1242,-3.4229,-0.22412,-31.459,0.1568,18.764,0.63286,-16.116,0.0018295,0.012825,0.0042204,-0.99856,-0.011283,0.0025243,0.00074516,-0.73924,-2.9233,-0.19494,-31.43,0.084284,17.319,-1.4666,-17.376
49.8,-0.0053751,0.0061285,0.00027932,-0.99868,0.0019303,-0.003912,-0.0002683,-0.82915,-3.9747,-2.2852,-32.8,0.93239,20.521,-0.88629,-18.809,-0.0025642,-0.033562,0.0012129,-0.99532,-0.0012383,0.0062676,-0.0016392,0.24387,-2.8533,-0.78631,-32.888,0.76054,19.098,0.20186,-16.69
49.9,-0.0015179,0.0081033,0.0080105,-1.0058,0.011091,0.0083739,0.0088245,0.17615,-3.2278,-0.40991,-31.671,0.47221,19.19,0.72259,-18.798,-0.00607,0.0023605,-0.0082484,-1.0097,-0.0010755,-2.37e-05,0.0011998,1.1861,-5.9279,-1.1698,-33.266,1.3391,18.451,-0.53111,-17.748
50,-0.025644,0.0012743,0.016726,-0.99464,-0.00098647,-0.013009,-0.00078017,-1.2273,-4.388,0.77721,-32.355,-0.96987,15.933,-0.55904,-15.42,0.010952,0.0015351,0.021759,-0.99476,-0.0034559,-0.0042456,-0.012785,-1.2684,-4.357,-0.82167,-32.473,1.116,17.796,-0.81444,-18.249
50.1,0.001465,0.0084933,-0.0059444,-0.98423,-0.0030677,0.003108,-0.0044163,-0.87288,-4.0794,-1.4639,-32.089,-0.47834,18.434,0.17745,-18.311,-0.014244,-0.023103,0.013454,-1.009,-0.00030454,-0.0027057,0.0052599,1.2999,-4.1409,-0.26233,-33.112,-0.71062,17.161,-0.67254,-15.858
50.2,0.0099093,0.014334,0.0075416,-0.98934,0.0087829,0.0043635,0.0038453,1.4615,-5.1458,-0.0043209,-33.779,0.38963,16.845,0.8144,-16.559,-0.010619,0.0064021,0.0063143,-1.0193,-0.0025776,-0.00027089,-0.0059147,2.5323,-5.4026,-0.40611,-31.68,0.028338,17.504,-0.076761,-15.927
50.3,0.0065623,0.001093,-0.0058889,-0.99994,0.0062315,0.0016217,0.0049049,0.6423,-4.8768,-0.36317,-33.186,0.69125,18.218,0.71411,-15.814,-0.0044845,0.0026438,0.00038372,-1.0263,0.00067008,-0.007775,0.0043256,-0.33752,-3.8369,-0.42292,-31.595,-0.10411,17.508,-0.51795,-19.524
50.4,0.0086171,-0.0071088,-0.0073208,-0.98479,-0.0010966,2.4025e-05,-0.0015405,-0.29923,-4.9544,1.2056,-30.488,-1.2159,16.768,-1.582,-17.369,0.017655,0.0052173,-0.0012628,-0.99787,-0.0048763,0.0027471,0.0083171,-0.62821,-4.3848,-1.5024,-31.744,2.3658,18.976,-0.4377,-17.443
50.5,-0.0087793,0.018719,-0.0024843,-1.006,-0.0066998,0.0091452,0.0028971,-0.49908,-3.4507,-0.78665,-32.639,0.95218,16.243,-0.088385,-16.978,0.006453,0.023619,-0.0085781,-1.0007,0.0007403,0.0039223,-0.002174,-0.11323,-4.5859,-1.5123,-34.419,0.98494,17.978,0.75018,-16.792
50.6,-0.0043345,-0.00052755,3.6369e-06,-1.0104,-0.0014844,0.013231,0.0036744,-0.57224,-3.8259,-1.7689,-30.392,0.10547,17.33,0.35368,-15.663,0.0037052,0.016715,0.0055074,-0.97437,0.0014396,-0.0017346,-0.0021234,0.16641,-7.7605,-0.18564,-35.677,-0.19754,19.352,0.38446,-17.703
50.7,0.011276,0.013871,-0.0059305,-1.0205,0.00066565,0.0078766,0.0069044,-0.80637,-4.3186,-2.7117,-35.292,-1.0715,18.003,0.58731,-16.628,-0.011457,-0.018683,-0.018205,-1.0072,-0.0037018,0.012141,-0.0030664,0.60716,-1.8573,1.5499,-31.582,0.36772,17.446,-1.0867,-16.535
50.8,0.0095606,-0.0064615,0.010212,-0.99792,0.015217,-0.001604,0.00092194,0.70443,-4.8745,1.8139,-29.209,0.072031,17.909,-1.1161,-15.806,-0.01378,-0.015985,-0.0019931,-1.0005,-0.0081053,-0.00075443,0.0084377,0.62337,-3.4054,-0.21857,-31.993,1.1624,18.116,0.1014,-16.514
50.9,0.01751,-0.020777,-0.002999,-1.0077,0.0023259,0.0018069,-0.00012903,-0.45949,-3.5774,-0.93317,-32.706,-0.19767,19.966,-1.3609,-17.251,-0.010913,-0.011802,-0.022631,-1.0071,-0.0022062,-0.0037675,0.0024546,-0.51355,-6.0956,-2.8226,-33.288,1.6879,20.03,-0.037458,-17.046
51,-0.016724,-0.010936,-0.0038609,-0.99545,-0.0048677,0.0026687,-0.0068837,0.18224,-4.4756,-1.4958,-32.448,-1.0151,18.847,1.1422,-17.795,0.001171,0.010808,-0.0099478,-0.98505,0.00084333,-0.0039857,-0.0063843,-0.8236,-5.3102,-0.45647,-31.602,2.2514,18.956,0.18573,-17.48
51.1,0.0042393,0.0022792,-0.0016249,-1.0203,0.012366,0.00073996,0.0038529,-0.59852,-3.4197,-0.89555,-32.216,1.7545,18.861,0.92479,-15.618,-0.0014445,0.010861,-0.0067196,-1.0137,-0.0005806,-0.00032608,0.00494,-1.3462,-3.6106,0.076418,-33.069,0.73255,20.807,-0.38769,-16.843
51.2,-0.012658,0.021596,0.005121,-0.99853,0.0075166,-0.00059235,0.0080381,0.10496,-5.1292,-2.2584,-34.478,1.9806,17.859,0.44458,-15.975,0.0014425,-0.0030326,0.0097855,-0.98792,0.0085424,0.003617,0.0091843,-1.498,-6.013,1.0757,-33.118,-0.34519,19.147,-0.56549,-18.219
51.3,-0.0069187,0.0022629,0.01546,-0.99441,-0.006028,0.0064442,-0.0083814,-0.83193,-4.3108,0.040846,-33.121,0.20578,18.301,0.69585,-17.593,0.0017668,0.0042468,0.005442,-0.99154,-0.0022594,0.00078461,-0.0080788,0.41782,-3.2701,1.5911,-34.162,-2.2482,19.22,-0.97075,-17.554
51.4,-0.0050672,0.018234,-0.0030034,-0.9962,-0.00097606,-0.0023049,-0.0045744,0.42543,-4.656,-0.3269,-33.641,0.85988,18.061,0.56537,-15.893,0.00095365,0.0049153,-0.00012088,-1.0055,0.0040238,-0.0093251,-0.00070997,1.1055,-4.4156,-0.2374,-32.304,-0.88726,18.311,-1.057,-17.941
51.5,-0.014839,0.011607,0.014278,-1.0109,0.00069164,-0.00087979,0.003872,0.15743,-5.4283,-1.4807,-33.471,-2.0307,19.837,-0.55608,-17.266,0.0016804,0.0059984,-0.01106,-0.98001,0.0087812,-0.0012041,0.0050701,0.41568,-3.2795,1.3175,-33.439,0.94148,18.546,-0.78733,-18.208
51.6,0.0035094,0.000179,0.01361,-1.0078,0.0012363,0.00012152,-0.0018633,1.0438,-4.0839,0.50798,-31.902,-0.14155,18.359,-1.039,-16.284,0.013242,-0.0019154,-0.01048,-0.99175,-0.0073159,-0.0017951,0.0024233,-1.4291,-3.8544,0.46377,-35.377,2.5554,17.848,0.38255,-19.442
51.7,0.0096747,0.0028433,-0.0071115,-1.02,0.0023235,-0.0059706,0.0020775,0.64648,-5.1618,-0.91836,-30.925,0.49483,17.537,2.379,-15.468,-0.0027482,0.0035278,-0.013083,-0.99463,0.0013338,0.00041368,-0.0015057,-1.395,-4.4149,-1.3542,-32.431,1.3031,18.888,-0.68832,-16.978
51.8,0.0062349,0.007087,0.011196,-1.0089,-0.0040704,0.0031037,0.00062795,-0.83735,-4.6771,1.0423,-33.502,0.66399,18.18,-0.37955,-18.231,0.0054666,0.0070862,-0.0080286,-0.99212,0.0042033,0.006461,-0.0091967,-0.48864,-4.0969,0.8979,-35.176,-0.056928,19.725,-1.0816,-18.681
51.9,0.00020962,0.0061817,-0.0055127,-0.99712,-0.0042959,-0.007136,-0.0036389,-0.017132,-2.951,-1.4136,-33.867,0.67019,18.224,1.8822,-17.235,-0.0082016,-0.0038133,-0.009353,-1.0101,0.0039765,-0.0036656,0.0061798,0.16952,-3.7781,-0.46439,-33.025,-2.1621,18.207,-1.3817,-19.299
52,-0.0023305,-0.012346,0.010754,-0.99831,-0.010324,-0.0053696,0.0028702,1.6347,-3.4805,0.38222,-31.336,-2.6045,19.971,-1.8032,-18.768,0.0063416,-0.0028792,0.0095661,-1.0038,-0.0041143,-0.002558,-0.0065021,1.0707,-3.3495,0.19704,-33.364,0.11136,16.726,-1.0157,-18.07
52.1,-0.0023829,-0.00169,-0.004421,-1.002,-0.0087735,0.005501,-0.0083461,0.44355,-4.1888,0.12144,-33.87,-0.12935,19.43,0.95481,-18.297,0.0084935,0.0033841,-0.011629,-1.0014,0.0011526,-0.0037632,0.0091379,-1.7337,-4.3893,0.1265,-31.975,0.32309,16.813,0.97802,-16.191
52.2,-0.0060681,-0.022334,-0.01153,-0.99174,0.0088382,0.0030366,-0.0034725,0.56697,-4.4013,0.15881,-32.398,1.0292,18.461,-0.69134,-17.456,-0.0014274,0.0014571,-0.0032855,-1.0027,-0.0031648,-0.0012436,0.0018551,-1.3136,-3.8757,-0.2045,-35.044,1.593,18.176,-0.60504,-17.73
52.3,-0.0088762,0.01513,0.0046642,-0.99798,0.0057275,0.0061925,0.0072204,-1.0781,-2.5484,0.10561,-32.013,0.47275,19.104,-0.48005,-16.743,0.014831,-0.010053,0.028905,-1.0036,-2.475e-05,0.00077914,0.011614,-0.57166,-2.9087,-0.65502,-34.522,0.56439,19.868,0.50992,-16.982
52.4,0.0035925,-0.0027367,-0.00061161,-1.0011,0.0096361,-0.013065,-0.0012467,0.45373,-5.1741,-1.9865,-32.58,1.3911,18.179,0.64848,-16.868,-0.01815,-0.0038145,0.019894,-1.0097,0.0091383,0.0021438,0.0053577,0.36723,-5.7805,-1.9605,-33.171,0.66683,20.322,-1.3392,-17.771
52.5,0.00051483,-0.0051635,0.0074969,-0.99265,-0.0034794,-0.0043312,0.0010087,0.53203,-5.1914,-0.19782,-32.42,-1.26,18.317,0.050936,-16.05,-0.00096731,0.012352,-0.019991,-0.99411,0.0066278,-0.0025046,-0.0011293,1.2463,-4.9977,1.5299,-33.426,-2.0435,18.47,-0.60677,-18.373
52.6,0.017311,-0.014175,-0.003337,-1.0056,0.00089815,0.0030836,0.00021567,1.4011,-3.9093,1.0635,-34.239,-2.5343,16.556,-0.84583,-16.854,0.0075817,-0.002179,-0.0036389,-1.0127,0.0013974,-0.00041061,0.0038889,2.1613,-4.6979,1.584,-33.145,-1.317,19.077,-2.8264,-17.717
52.7,0.0031152,-0.005465,-0.012789,-1.0052,0.004106,-0.0037169,0.0031726,-1.1818,-4.3434,-0.20813,-34.174,1.4999,18.071,0.25936,-17.503,-0.0061369,0.018568,0.019979,-1.0172,0.0059935,-0.0076351,-0.0021475,-3.0226,-4.2755,0.71152,-34.345,1.1174,18.251,0.025862,-18.021
52.8,-0.001976,0.022675,-0.0024685,-0.98147,-0.0088611,0.0051652,-0.0065949,0.12582,-3.7486,-0.55131,-32.988,0.12241,17.49,1.0794,-16.657,0.0033832,0.00010084,0.011288,-1.0052,-0.004496,-0.0030818,0.0080786,-0.2983,-4.0798,0.035947,-35.458,0.46113,20.473,1.31,-17.936
52.9,0.022186,-0.014626,0.0070086,-1.0019,0.0059736,0.0026526,0.0081456,-0.022764,-4.0015,0.9584,-32.918,0.89573,17.206,-1.8794,-17.061,-0.001424,0.012253,0.0036076,-1.0099,0.008693,0.0010376,-0.0021696,-0.21118,-3.949,-0.27008,-34.209,-0.44109,18.285,1.4696,-17.519
53,0.018758,-0.012664,0.0010775,-0.99985,0.00064088,0.0056163,-0.006853,0.37947,-4.71,0.49019,-31.842,-0.36443,18.905,0.55285,-15.054,-0.003147,0.00037236,0.0095542,-0.9878,0.0095816,0.0023087,-0.0071532,1.774,-3.8394,0.5832,-35.041,-0.34117,20.793,0.88237,-17.308
53.1,-0.0048786,0.024171,0.0072734,-0.99779,-0.0055284,0.0033825,0.0044553,-0.58153,-4.8383,-0.16336,-33.161,-0.75016,19.722,-1.6779,-15.413,-0.01013,-0.0040966,0.0058819,-1.0007,0.0024675,-0.0045898,-0.0048536,-1.2073,-3.8718,-0.29155,-36.772,0.23469,20.656,-0.99917,-17.173
53.2,0.0071002,0.0031027,0.0033811,-1.0007,-0.0012348,0.002868,0.003172,0.16448,-5.5796,-1.4306,-33.715,0.2286,17.567,-1.8229,-16.848,-0.0052716,0.00238,0.0024867,-1.0054,-0.0010871,0.0036617,-0.0051776,-1.2317,-4.7913,0.60936,-35.436,0.043813,19.402,-0.37473,-18.768
53.3,-0.010473,-0.0044339,-0.011277,-0.99838,0.0044834,-0.0064634,-0.00060606,-0.056102,-4.5193,-0.66837,-32.927,-0.99528,18.487,-0.019769,-15.447,-0.012923,0.0050704,0.015585,-1.0059,-0.0065361,0.00071173,-0.005905,0.30014,-3.9747,0.58906,-33.704,-0.53425,19.513,-0.93489,-19.153
53.4,-0.0020209,-0.00061205,0.01093,-1.0099,-0.010046,0.00074189,-0.0060124,-1.2611,-5.4325,-0.4094,-35.972,0.43209,19.159,-0.41131,-17.799,-0.0058062,0.0025429,-0.0026976,-0.99475,0.010007,0.0032139,0.0031932,-0.46805,-3.0639,-0.94256,-35.37,0.53314,19.613,0.71934,-18.702
53.5,-0.0050567,-0.0058833,-0.0057581,-0.9953,0.0025884,0.0063924,-0.0068771,0.60149,-5.237,0.044052,-32.782,0.70163,18.861,1.112,-17.443,-0.0039669,0.0020622,0.0020726,-1.0023,0.0036956,0.0078951,0.0020902,-1.3179,-4.3085,-2.7068,-32.591,1.3496,19.318,0.30552,-19.002
53.6,-0.0014718,-0.00026554,0.012722,-1.0048,0.0038881,-0.0038743,0.0017547,-0.20872,-4.1172,-0.83189,-34.318,0.39772,17.248,-1.0054,-18.366,0.0023022,-0.00042397,-0.0031921,-0.99859,0.01146,0.0086289,0.0064986,-0.89481,-4.0622,0.42373,-32.401,-0.14396,18.398,0.31074,-18.512
53.7,-0.0049944,0.0088228,-0.022034,-0.999,0.0015243,0.0019058,-0.0045305,-1.0224,-3.339,-1.3874,-32.913,0.63462,19.051,-1.7359,-16.47,-0.015705,-0.010164,-0.01313,-0.99173,0.0046414,-0.00086389,9.2073e-05,0.59651,-4.0432,1.1177,-34.837,-0.83938,20.759,-0.66944,-16.44
53.8,0.0061383,-0.0088806,0.0031824,-1.0023,-0.0017486,0.0097843,0.004867,-2.7477,-4.4792,-0.12773,-33.806,0.83025,18.613,0.29165,-16.901,0.016582,0.0053433,0.0081555,-1.0198,0.0027031,-0.0051388,0.003279,0.62926,-5.099,1.0473,-34.855,0.63083,16.614,-1.4262,-19.608
53.9,0.010224,0.010158,-3.4598e-05,-0.99771,0.0040008,0.0062738,-0.0018704,1.1596,-3.6091,-1.7614,-34.425,-0.17003,17.859,0.42563,-15.07,-0.0098646,0.0012293,-0.0052283,-1.008,-0.0025251,0.0040569,-0.0042024,0.37806,-4.9424,1.0869,-32.521,-0.04222,19.248,1.5396,-20.631
54,0.00060531,0.028806,-0.0027301,-1.0028,-0.0011317,-0.0025827,0.00049687,-0.34314,-2.8536,-0.096483,-35.207,-1.5733,19.069,-0.11779,-14.438,0.0070869,0.022991,0.014496,-0.98214,0.0027946,0.0044294,-0.00054358,-1.8683,-5.0058,-0.4004,-34.354,1.789,18.806,2.2242,-19.072
54.1,0.0098889,0.0011375,-0.017246,-1.0049,-0.00097649,0.0021768,0.0023898,1.1221,-2.7355,0.54081,-33.579,-0.97983,20.07,-1.5226,-16.741,-0.010563,0.0073681,-0.017902,-0.9942,0.012571,0.0035201,-0.0044705,-0.22431,-4.6914,-1.3411,-35.738,0.68797,19.777,0.92922,-17.495
54.2,0.0016552,-0.016456,-0.0045736,-0.99338,0.001333,0.0039665,-0.0030932,-0.011504,-2.9958,-1.2194,-35.113,-1.2452,17.177,1.0165,-16.561,-0.014639,0.0094207,-0.011703,-1.0174,-0.00088361,-0.0018239,0.0018126,1.5691,-3.6003,-0.72743,-33.056,-0.148,18.723,-1.1456,-17.572
54.3,0.004035,-0.0067191,-0.002973,-0.99839,0.0027146,-0.0055695,-0.0035435,-1.5563,-3.6946,-0.13703,-32.864,-0.084064,18.096,-0.25902,-16.154,0.017129,-0.011963,-0.0042757,-0.99466,0.0055898,0.0079915,-0.0034014,0.18938,-5.2854,1.9183,-36.681,-1.9794,19.935,-1.7887,-18.2
54.4,-0.018298,0.0016828,0.0062903,-0.98672,0.0016997,-0.0053357,0.0080539,-0.50327,-4.0073,0.43356,-32.375,0.17171,20.26,-0.43484,-13.695,-0.0037927,0.0018957,0.0013934,-1.0042,-0.0043834,-0.0047515,0.0042013,-0.51769,-4.2197,-0.90233,-34.261,1.135,19.45,-1.5793,-19.477
54.5,0.0033899,-0.0086832,-0.026331,-0.99882,-0.0014436,0.0029247,-0.012393,0.58265,-3.6443,0.8629,-33.962,-1.6753,19.24,-1.9538,-16.413,-0.0035918,-0.0081045,-0.0017027,-1.0016,0.0079192,0.0031978,0.00082688,-0.908,-5.47,0.29719,-35.605,-0.56446,19.833,0.12533,-21.233
54.6,0.0024681,-0.00047115,0.011911,-0.99812,-0.0055223,-0.0052354,0.0014667,0.096703,-3.1987,-0.71426,-33.736,-0.93198,17.964,-0.83327,-16.532,-0.0049765,-0.011337,0.0066241,-0.99048,0.0050037,0.0091522,-0.0082899,-0.77096,-3.3848,-2.0617,-34.023,0.149,21.211,1.544,-19.639
54.7,-0.0053055,-0.0057241,0.0090742,-1.0123,0.0035779,-0.011309,0.0023015,-0.35215,-2.0876,-3.1271,-32.069,0.5383,16.922,0.20605,-16.172,0.016065,-0.0058247,0.009218,-0.99926,-0.0053735,0.0084133,-0.0009408,0.73247,-3.9093,2.0012,-34.311,-0.8286,19.617,-0.72195,-16.815
54.8,0.010126,-0.014829,0.0025575,-1.0036,-0.004085,0.0055816,-0.010658,-0.21133,-1.7017,-2.6213,-33.049,0.21508,18.701,1.2001,-16.693,-0.0084235,-0.00075437,0.0037147,-0.99459,0.00093611,0.0028921,0.0028173,1.5107,-3.6763,0.8888,-35.133,-2.5734,19.508,0.1371,-19.294
54.9,-0.0034981,-0.0089094,-0.013322,-0.99661,0.0037563,0.0067596,-0.00025412,-1.9977,-4.5289,0.55966,-34.935,1.0472,18.742,0.87255,-16.378,-0.022562,0.0001344,-0.0080979,-0.99884,0.0045047,0.0071583,0.0041153,2.3948,-4.0805,-0.59011,-36.073,-0.81038,20.34,-0.56026,-16.079
55,0.010446,0.0023665,0.016367,-0.99243,0.011233,-0.0041724,0.0075587,-0.67166,-3.0157,0.52089,-35.588,-0.68012,18.042,-0.2068,-15.959,-0.019208,-0.0032349,-0.0053819,-1.0035,-0.0035226,0.0047588,0.0014777,0.18915,-3.9672,-2.6055,-33.254,-0.92088,18.433,0.8298,-16.613
55.1,-0.013487,0.0024811,-0.0075201,-1.0021,0.0071103,0.0030398,-0.006188,-1.3,-2.3822,-1.1297,-33.543,-1.1203,17.68,-0.41095,-17.013,-0.0032375,-0.01146,0.0011476,-0.99663,0.001194,-0.00044098,-0.0070955,0.16404,-5.0735,-2.4661,-35.287,2.0199,19.934,-0.17131,-17.813
55.2,0.0018709,0.0050889,0.0050432,-0.99082,0.00058195,-0.0058186,0.0008011,0.53196,-3.8996,-0.0041825,-33.658,1.2736,16.051,-2.4252,-15.944,0.0031466,0.0039944,0.0032611,-0.99462,-0.0055348,0.00014775,-0.0017231,-1.4179,-3.0063,-0.27243,-34.234,0.14772,20.5,-0.23565,-18.06
55.3,-0.00082372,-0.010311,-0.0031487,-1.0065,-0.0070085,-0.0035169,-0.013401,-1.2573,-3.3189,-0.56666,-32.53,1.3755,17.523,0.65823,-15.34,0.015601,0.0066371,0.000368,-1.0022,-0.0060599,-0.0060879,0.00089884,0.71802,-5.0931,1.3155,-33.892,-0.22804,18.992,-0.71858,-19.258
55.4,0.0058902,0.0016595,0.0098456,-0.99487,0.0024001,0.0016732,-0.0056582,-0.94262,-3.9352,-1.3402,-32.259,2.3299,19.23,0.57316,-16.607,0.012473,0.029629,-0.0055286,-0.98694,0.0087128,0.0039042,0.0081466,0.86433,-4.1086,0.67437,-34.422,0.43662,21.357,-2.1831,-15.848
55.5,0.0018067,0.0087518,-0.0050265,-0.99064,-0.0027317,-0.0019527,-0.0015028,-1.0132,-6.1559,-1.8817,-36.807,1.9553,17.436,0.62004,-19.105,0.0018391,-0.010632,-0.0042528,-1.0028,0.0023455,-0.0052432,-0.0007079,-1.0718,-4.2555,-0.19768,-35.275,-0.89381,18.618,-0.4994,-19.064
55.6,-0.003216,0.0012997,-0.023535,-1.0078,-0.0012135,0.0036475,0.003248,1.2285,-3.6905,1.9294,-33.783,-1.1963,17.69,0.35919,-15.369,0.019601,0.0051635,0.004549,-0.98304,0.0045446,0.013921,0.0095876,-1.5663,-7.0809,-0.022651,-33.838,1.0014,20.917,-0.81,-18.606
55.7,-0.0080124,0.010296,0.0063774,-1.0118,0.0049242,0.0079527,0.00025644,-0.27051,-5.2724,2.0181,-34.297,-0.87413,18.67,-2.0313,-16.278,-0.003765,0.013839,-0.003979,-0.99936,0.0037035,0.011148,0.0078449,-0.82041,-5.5361,-0.97722,-33.348,0.87076,20.213,0.62571,-18.74
55.8,-0.0051622,0.011651,-0.0045599,-1.0264,0.0027162,-0.0054028,0.0026196,-0.88405,-3.5309,1.0326,-34.825,-0.1432,19.457,0.51316,-17.633,0.0042111,0.0068063,-0.0015251,-0.9983,-0.0010048,-0.0083044,-0.0042498,0.94087,-5.0185,-1.4651,-35.954,1.8647,20.08,-1.3714,-19.147
55.9,-0.0039758,0.0075969,-0.0015379,-0.99442,-0.0074253,-0.005835,0.0057013,-0.35161,-4.3021,-0.063977,-32.252,1.4971,18.552,-1.8515,-16.164,-0.0053872,0.013142,-0.0056262,-1.0008,0.00235,-0.0067961,0.0022294,1.5497,-4.4846,-1.5283,-35.526,-1.1735,20.54,-2.0212,-17.775
56,0.005458,0.0034546,-0.010718,-1.0037,0.005991,0.0049872,0.0031797,-1.2067,-4.0076,-2.0807,-33.745,1.0894,18.758,1.9729,-16.692,-0.0040192,0.014853,0.015919,-1.0031,0.008689,-0.0056114,-0.0038687,0.47402,-1.5242,0.16848,-36.761,-0.094554,19.848,2.5346,-18.784
56.1,-0.0079894,-0.0069738,0.00013835,-0.99935,-0.0038841,0.0029196,0.0063999,-1.1872,-4.3392,1.092,-35.17,0.66145,19.269,1.8323,-16.128,0.0049169,-0.0037443,0.0069006,-1.001,-0.0081766,-0.0020298,0.0036607,-1.1275,-4.2695,-0.71768,-34.016,-0.37608,19.309,0.40909,-18.044
56.2,0.016029,-0.0060922,0.011085,-1.0072,0.0037378,-0.0082352,0.0014309,-0.57817,-4.9493,0.24798,-33.656,-1.0271,18.32,-0.17094,-17.148,0.0033574,-0.0017289,-0.0080139,-1.0084,0.00023484,-0.0045861,0.0030935,-1.9161,-3.8321,-1.5914,-37.272,0.52673,19.668,-0.013973,-17.151
56.3,0.010617,-0.0095296,-0.0156,-0.98507,-0.0067725,0.0035595,0.0028337,1.1915,-3.6679,0.15201,-33.665,-0.67186,19.601,-2.1464,-17.195,-0.018713,0.00014366,0.0011748,-0.9737,0.003809,-0.0032971,-0.005699,0.46183,-3.591,1.5346,-37.086,-0.29482,19.177,-1.5547,-17.616
56.4,-0.005882,-0.0063113,0.005157,-1.0123,-0.0026116,-0.0078837,0.0035404,1.1803,-0.39461,0.61011,-35.048,0.26247,19.433,-1.2751,-19.045,-0.00047261,-0.0068016,0.0084884,-1.0098,0.0027598,-0.0089505,-0.0093898,-0.0051126,-5.0206,1.5046,-34.791,-2.1183,19.865,-1.2427,-17.383
56.5,0.0017475,-0.018151,-0.015681,-0.99686,-0.0078651,-0.0074449,0.0096122,1.7729,-4.8385,-0.61262,-35.146,0.035962,19.132,-1.0355,-15.635,-0.0031629,-0.0052577,0.0040729,-1.0061,0.0032032,-0.011742,0.0073107,0.5068,-4.4432,-0.73691,-36.982,0.15829,19.688,-1.3307,-20.331
56.6,-0.010482,-0.0072165,-0.0047635,-1.0151,0.001823,0.0057253,-0.00033739,-2.4678,-4.414,-1.0811,-35.895,0.80974,18.109,0.34953,-17.882,-0.0015088,0.00032723,-0.0055514,-0.99195,0.00050095,0.00088577,0.0019556,-0.091638,-4.0475,-0.68608,-36.367,0.39305,19.302,-0.082497,-17.843
56.7,-0.018196,0.020102,0.0057231,-1.0087,-0.0041337,0.0048473,-0.014844,-0.91724,-4.7062,-0.66768,-36.292,1.065,20.294,1.776,-16.924,0.021565,0.0068008,0.0027457,-0.9904,0.012037,0.0023155,-0.0018926,1.2521,-5.4321,-0.51443,-34.359,1.0334,17.424,-0.44632,-17.279
56.8,0.0096172,-0.012732,-0.0013871,-0.98616,2.4067e-05,0.0036625,-0.0026361,2.4244,-4.1174,-0.10815,-33.637,-0.92886,18.932,0.60809,-17.135,0.010207,-0.0035188,-0.0062245,-1.0114,0.0041787,0.005766,-0.0071449,-0.48369,-4.2669,-2.2371,-35.375,2.2521,20.594,1.0869,-18.919
56.9,-0.0021267,0.012914,-0.0012397,-0.98833,-0.0041354,0.0055077,0.0047272,2.4359,-3.5004,1.1738,-35.559,-1.8376,18.463,-1.3768,-16.349,0.011274,0.0080148,-0.0014787,-1.0024,0.003707,0.0024153,0.0055477,0.74697,-4.8131,0.17357,-36.459,0.40557,19.791,-2.6161,-19.473
57,0.0037373,-0.0025116,-0.011738,-0.98825,-0.0017803,0.0077191,0.0080119,-0.010673,-3.2583,2.7665,-35.432,1.5913,19.356,0.21806,-16.935,0.010492,-0.0094033,-0.008961,-1.0166,0.0081164,-0.0048576,0.0086885,-0.23373,-6.0983,0.69134,-36.218,-1.5028,21.32,-1.5749,-16.586
57.1,-0.0059505,0.010245,0.015736,-0.99584,-0.0049644,0.00081835,-0.0030744,0.40098,-4.5184,-1.4392,-34.551,2.1753,18.585,0.75595,-15.549,0.00096983,0.0029641,-0.0080403,-0.99477,-0.0068275,-0.0030449,-0.00025708,1.7244,-3.7587,-0.70475,-35.692,0.56756,19.137,-1.8999,-19.121
57.2,-0.011346,-0.014557,-0.0035022,-0.98811,0.0065808,-0.0047775,-0.0015405,0.24875,-2.5117,1.803,-34.365,1.8066,17.943,-0.024306,-16.844,-0.0033947,0.017353,0.00034558,-0.98111,0.0038971,0.0055425,0.0026367,-0.8345,-6.6003,-0.67532,-35.712,0.99549,19.795,0.51301,-20.119
57.3,0.014047,0.0050814,-5.7289e-05,-0.99448,9.1421e-05,0.002427,0.0077499,-0.90888,-0.34854,0.047321,-33.75,-0.70901,19.275,0.56584,-17.642,-0.0027592,-0.016593,-0.0099935,-1.0059,-0.0028896,0.0064583,0.0046164,-2.3115,-6.3919,1.0721,-36.859,-1.5122,19.094,2.5908,-17.778
57.4,0.00073104,0.0087128,-0.010663,-1.0082,0.0034528,0.0021136,0.00085502,0.5118,-5.5247,1.1531,-33.446,-1.056,19.275,0.27505,-17.555,-0.012378,-0.0051439,-0.013454,-1.0102,-0.0010806,0.0058512,-0.0046722,0.27605,-5.4658,-1.38,-36.65,-2.072,21.784,-1.3563,-18.827
57.5,-0.0033091,-0.0092162,-0.010041,-1.0041,0.0001192,-0.0021042,0.0068378,1.9468,-3.7546,1.6744,-34.03,-0.86504,18.165,0.38596,-17.968,0.0029899,-0.0075084,-0.010514,-0.98681,0.00037215,0.00080528,0.0046773,-0.65037,-6.501,0.67529,-35.494,0.99257,17.675,0.19836,-17.321
57.6,0.0074349,0.010302,-0.0017437,-1.0164,-0.0066685,-0.0030384,0.0088113,-0.87071,-3.3368,-0.28643,-34.699,2.7903,17.425,-1.1851,-18.154,-0.014406,-0.0043239,-0.0015541,-0.97716,0.0031603,-0.0038834,-0.0047594,-0.65323,-3.6651,-0.21621,-37.497,1.5094,19.838,1.5893,-16.898
57.7,0.0062062,0.0022175,-0.0018541,-0.99647,-0.0083498,-0.0055642,0.0080333,0.24904,-3.5541,-1.2617,-35.326,0.95522,18.953,0.58551,-17.404,0.0014546,-0.001652,0.00077909,-0.99228,-0.0011506,0.0051846,-0.0032603,-0.96141,-3.029,-2.2796,-38.135,0.13726,20.723,0.66779,-18.695
57.8,0.0033621,0.011876,0.0060612,-0.97609,-0.010546,0.0019779,-0.00091734,-1.9719,-3.5723,-0.52804,-35.114,0.73035,18.174,1.6095,-16.173,-0.0095822,0.0080989,0.0098194,-0.99349,-0.0026663,0.0034193,0.0019175,-2.2166,-3.5684,0.64478,-37.308,0.91449,21.796,-1.0274,-17.492
57.9,0.0013671,0.0025387,-0.0083741,-0.99813,-0.00077789,0.0016257,0.0038387,2.3904,-2.0641,0.04535,-36.368,1.4631,18.798,-0.79178,-18.462,-0.00208,-0.013004,0.0064724,-1.0097,0.0012337,0.0050029,-0.0020557,-2.7696,-3.4475,-1.2763,-35.727,0.43438,19.301,-1.3517,-18.072
58,-0.0077121,0.0008427,0.008914,-1.0074,0.0012896,0.0058697,-0.010218,-0.48402,-3.7535,0.82189,-35.687,2.4633,17.484,-1.427,-16.143,-0.0024447,0.020106,-0.0021443,-1.0009,-0.0033202,-0.0093126,0.0034247,1.2786,-5.073,0.77675,-35.54,-1.8971,21.502,-0.23992,-18.692
58.1,0.014471,0.017342,-0.0036698,-1.0044,0.00021526,-0.00030067,0.0060597,-1.8245,-4.5168,-1.0985,-36.045,-0.12586,16.536,-0.34756,-14.91,0.0025365,-0.0014406,-0.0043062,-1.0081,0.0009712,0.004652,0.0067704,0.079407,-2.3834,-0.2152,-35.892,-0.52313,21.38,1.1089,-18.901
58.2,-0.001402,0.013798,-0.004875,-0.99712,-0.0042939,-0.0053827,-0.0011211,-0.049535,-3.6215,-1.4746,-33.27,1.612,18.17,-0.6049,-17.233,0.0068452,0.020511,0.0029071,-1.003,-0.00079365,-0.0016247,0.00079396,-1.5772,-5.7563,0.79879,-36.444,1.1181,20.54,0.78511,-20.066
58.3,-0.0098168,0.0045647,0.010368,-1.018,-0.0066296,-0.0047816,-0.010544,-1.0008,-4.7235,-0.52285,-34.074,1.9402,19.401,3.0413,-17.714,-0.012464,-0.0087253,0.011249,-1.0028,-0.0018506,0.0017272,0.0020139,0.13402,-3.0321,-0.58281,-36.868,1.8665,17.809,0.4723,-18.969
58.4,-0.0010474,-0.00065245,-0.010804,-0.98693,-0.0071565,-0.0024395,7.9851e-05,0.16577,-3.4066,0.86967,-36.504,1.2115,19.396,0.1525,-18.351,-0.013147,0.0012311,0.000475,-0.99359,0.0021617,-0.0027554,-0.0017939,0.41286,-3.8337,-0.48586,-35.113,-0.19583,20.422,-1.5169,-17.455
58.5,-0.015079,0.0031724,0.0051074,-1.0028,-0.008293,-0.005105,0.0088272,1.0047,-2.6778,-0.090497,-35.17,0.49674,19.255,-1.2648,-16.103,-0.00894,-0.0074916,-0.01214,-0.99366,-0.007855,0.0041227,0.0018334,0.11852,-2.8551,0.76545,-36.705,0.40305,20.597,-0.82289,-19.458
58.6,-0.0040549,-0.0036762,0.0050352,-1.0065,-0.0018033,-0.0018841,0.002293,-0.61295,-3.4881,-2.2148,-35.209,1.4575,18.157,0.82791,-15.585,0.010912,0.00024768,-0.0037776,-0.98635,-0.0063392,-0.0028761,0.00028196,-0.86872,-4.7476,1.3358,-36.486,1.6425,19.074,-0.8799,-19.657
58.7,-0.0014255,-0.0074164,-0.0070941,-0.9753,-0.007679,0.0027866,-0.0017234,-0.90861,-2.3042,0.30441,-35.136,1.3207,20.185,1.4396,-17.489,0.002636,0.0073105,0.010993,-0.99398,-0.0041183,0.0062895,0.0055127,0.6414,-3.3095,0.82928,-33.551,0.72782,19.008,-1.0596,-15.766
58.8,0.002128,0.0050322,-0.0089795,-0.9909,0.0019248,-0.0025214,-0.0011268,2.7776,-4.0399,-1.178,-36.38,1.1573,19.265,1.6493,-17.487,0.016581,-0.022835,-0.017848,-0.99651,-0.0017097,0.0022775,-0.0010834,-3.0388,-3.3782,-0.14514,-37.366,0.12917,21.147,2.8158,-17.448
58.9,-0.018972,0.00017111,0.0066007,-1.0014,-0.013865,-0.0056088,-0.0047571,-2.5878,-3.1366,-0.4174,-34.162,0.48436,19.809,-0.40233,-16.446,-0.0076413,0.016725,0.0017854,-1.0135,0.00491,-0.012604,0.0018115,1.9889,-4.3959,0.17409,-38.385,-1.1236,19.875,0.84694,-18.446
59,0.0046975,0.0038052,-0.011414,-1.0032,-0.0012596,0.0042574,0.0031007,0.80268,-2.2225,0.49157,-34.423,-1.5016,19.621,-1.9197,-16.448,-0.010568,0.0056433,-0.022606,-1.005,0.0037944,-0.007892,0.0076616,0.76467,-4.4295,-0.96903,-35.702,-2.1443,20.439,-1.8008,-19.448
59.1,0.016329,-0.014291,0.0084545,-1.013,-0.00086218,-0.0059153,0.0033453,-1.9508,-1.0531,-1.4395,-35.994,0.99762,18.002,1.0936,-16.166,0.008824,0.0036945,-0.0066225,-0.99455,-0.00089675,-0.0039006,0.0050302,1.5872,-3.8713,-2.7877,-36.416,-1.3437,19.449,-0.60928,-17.306
59.2,-0.0029148,-0.010853,0.0099284,-1.011,-0.0042771,-0.00096451,0.0032959,0.59705,-1.7214,0.37734,-37.519,-0.50007,20.678,1.5385,-15.99,-0.0021284,-0.0059191,0.0090658,-1.024,0.0002548,-0.0078732,0.0048973,0.70261,-4.187,0.14667,-36.475,-1.0134,19.315,1.2301,-18.82
59.3,-0.005261,0.0046127,0.0076168,-1.0157,-0.00090129,0.0031462,-0.0040889,-1.8738,-3.303,-0.5184,-36.389,1.0058,19.193,-0.17956,-16.585,-0.0066113,-0.0011098,-0.0082273,-1.002,0.004422,0.0029672,-0.0022952,-1.884,-3.3465,-2.848,-35.141,-0.34128,19.38,-1.2666,-18.53
59.4,-0.0059469,-0.00078696,0.0022663,-1.0056,0.0023263,-0.0029629,0.0060127,-1.3663,-4.6363,2.0168,-35.757,-1.5181,19.809,-0.4676,-14.991,0.0068499,0.0025562,0.0034563,-0.99931,0.00097704,0.013139,-0.0046936,0.8933,-3.7873,-0.42022,-36.605,2.036,20.442,1.6125,-16.955
59.5,-0.013696,-0.01468,-0.011409,-1.0035,-0.0051421,0.010758,-0.0020654,0.24724,-3.1713,-0.17469,-36.316,-2.5085,19.074,-1.2973,-15.997,0.0038133,-0.0028355,0.017298,-0.99843,-0.0021212,-0.010021,0.0066828,0.93186,-4.2893,-0.53207,-36.151,-0.34615,21.058,-2.396,-16.089
59.6,-0.013881,0.0029517,-0.012474,-0.99563,0.0037705,-0.0033801,0.0020437,0.80778,-3.0916,-0.60821,-37.03,-1.298,16.781,-0.89897,-17.19,0.0025397,0.0038557,-0.0084485,-0.96693,-0.0021025,-0.0003526,0.005857,0.11327,-1.5845,-0.82487,-35.516,-1.0125,21.358,0.070524,-19.304
59.7,0.0068337,-0.0079639,-0.0061858,-1.005,0.0041966,-0.0024997,0.0092386,0.91715,-2.9836,-0.45582,-36.64,-0.19932,19.134,-0.14893,-15.637,-0.0071361,-0.0062705,-0.0099197,-0.9975,-0.0014602,0.0031077,0.0052437,-1.2308,-0.93617,-0.84871,-36.713,0.57506,18.657,0.65691,-18.801
59.8,-0.020708,0.0070358,0.00094392,-1.0009,-0.0095186,-0.0057372,-0.0045437,0.56705,-4.6297,-1.4374,-37.157,2.0618,19.463,-0.28359,-18.036,-0.026155,0.016582,-0.01033,-1.0032,0.00067963,-0.0025484,0.003377,-1.5944,-3.5046,-0.4506,-36.928,0.016594,21.088,1.0629,-16.906
59.9,-0.00022336,0.0016907,-0.022639,-0.98911,0.0051068,0.007181,-0.0019722,0.41092,-2.4605,-1.6845,-38.787,-0.64061,21.432,0.39453,-15.873,-0.0012526,-0.0034612,0.003951,-1.0054,0.0013662,0.0089696,-0.0043916,0.26091,-6.9985,-1.4259,-36.862,1.1498,21.63,1.88,-18.521
60,0.021206,-0.0077188,0.0065508,-1.0046,0.0012975,-0.012037,0.0025072,-0.25616,-3.3954,-0.57254,-38.674,0.19787,18.57,-1.2875,-14.27,0.0039504,-0.0033539,0.010574,-1.0036,-0.00073862,0.0023296,0.0024484,-1.3349,-3.5444,0.35879,-37.537,0.78744,19.639,-0.60583,-16.558
