time,q1_healthy,q2_healthy,q3_healthy,q4_healthy,omega1_healthy,omega2_healthy,omega3_healthy,wheel1_i_healthy,wheel1_w_healthy,wheel2_i_healthy,wheel2_w_healthy,wheel3_i_healthy,wheel3_w_healthy,wheel4_i_healthy,wheel4_w_healthy,q1_faulty,q2_faulty,q3_faulty,q4_faulty,omega1_faulty,omega2_faulty,omega3_faulty,wheel1_i_faulty,wheel1_w_faulty,wheel2_i_faulty,wheel2_w_faulty,wheel3_i_faulty,wheel3_w_faulty,wheel4_i_faulty,wheel4_w_faulty,
0,0,0,0,0,0,0,0,0,0,0,0,0,0,0,0,0,0,0,0,0,0,0,0,0,0,0,0,0,0,0
0.1,-0.70427,-0.010733,0.13041,-0.69575,0.00023403,0.0032493,-0.0047009,1.8088,0.2086,0.66896,1.2344,-0.6372,-1.2916,0.56522,1.4618,-0.70468,-0.0066698,0.12185,-0.70604,0.0017687,-0.0089217,-0.0024447,1.0661,2.1379,-0.51037,-1.4627,0.046592,0.41895,-2.0495,-1.2665
0.2,-0.71035,0.0030518,0.13135,-0.68793,-0.0092771,0.00082501,0.0034191,2.213,0.036291,-0.058816,-1.8586,-0.64908,0.1287,-2.114,0.48913,-0.71087,0.0026769,0.11806,-0.69317,-0.0091536,0.00021061,0.0042215,0.74275,0.20639,1.1831,0.82602,-2.172,0.85318,-0.53724,0.51347
0.3,-0.7176,0.0010567,0.13164,-0.68223,0.0026389,-0.0044673,-0.010841,1.6682,0.87485,0.91562,1.3124,-2.2896,0.72561,-0.25488,0.31288,-0.71376,0.0086878,0.10409,-0.6899,-0.0032628,0.0042306,0.0054383,1.0082,0.12566,0.15985,0.79017,-1.2759,0.18259,-1.3096,-1.4633
0.4,-0.7105,0.001512,0.10839,-0.69192,-0.0063965,0.0043243,0.012968,0.33699,0.3677,-0.10013,0.11162,-0.30666,-0.3674,-0.70574,-0.081196,-0.69219,0.025868,0.12142,-0.70275,-0.012451,-0.0098869,0.0032374,0.10725,0.1326,-1.7337,0.4172,-1.6241,-0.049952,-0.63497,-0.11199
0.5,-0.70227,-0.020363,0.12627,-0.69739,-0.0030943,-0.0071275,0.0072224,1.3078,1.805,-0.50265,-0.2919,0.61875,-1.8597,-1.1702,-3.0794,-0.69007,0.00098341,0.11576,-0.69847,-0.01413,0.0070284,0.0030149,0.69837,1.4954,-1.2953,0.026644,-1.7251,-0.39692,-0.98837,-1.8153
0.6,-0.7122,0.0011943,0.13346,-0.69532,-0.011559,-0.0031598,-0.00072649,-0.1526,1.6907,-0.14836,1.5088,-1.2409,-1.4307,-0.71954,-0.56511,-0.7042,0.021074,0.12869,-0.70321,-0.0065004,0.0082926,0.0046607,1.7481,2.2754,-1.0698,-0.42154,-1.4564,-0.54382,-1.663,-2.0875
0.7,-0.69596,0.0060671,0.13258,-0.70411,-0.00067682,-0.010116,0.009409,0.97008,1.6229,-1.1148,-1.1422,-1.9831,-1.8701,-3.7449,-1.901,-0.69271,0.0031834,0.11309,-0.71778,-0.0128,-0.015499,0.0052279,-0.062034,2.9745,0.09583,0.47826,-2.1247,0.23732,0.78913,-0.99965
0.8,-0.70685,-0.0044387,0.12882,-0.6935,-0.011072,-0.0021262,0.0048819,1.0716,3.3735,-0.094003,-1.5103,-0.55588,-4.0798,-1.7151,-1.6523,-0.69766,-0.002146,0.13068,-0.70053,-0.015339,-0.010938,0.014003,0.59078,0.54313,0.087751,-0.16316,-0.94975,-1.2779,-1.4067,-1.5116
0.9,-0.70786,0.0087344,0.12034,-0.71126,-0.0087617,-0.0027204,0.017545,1.3178,1.082,0.59158,-1.3403,-0.90981,-1.9847,0.85263,-3.6495,-0.70909,-0.0082954,0.11872,-0.7008,-0.010082,-0.008835,0.0086977,-0.14141,2.1301,0.66646,-0.26786,-2.0807,-0.84575,-1.3573,-1.6623
1,-0.70158,-0.014512,0.13976,-0.70081,-0.0065478,-0.008116,0.012338,0.19273,4.9287,1.2035,-0.79397,-1.0832,-5.3538,-0.45391,-3.5419,-0.70962,0.0051158,0.12352,-0.69625,-0.020563,0.0026979,0.017053,0.29572,2.6442,-0.11833,-1.0189,-1.5396,-2.1994,0.50604,-3.2739
1.1,-0.70045,-0.0049686,0.11313,-0.71144,-0.016889,-0.00092402,0.014806,-1.1762,4.9599,-1.1946,-0.68926,-0.42801,-1.0503,-2.622,-2.0737,-0.69355,-0.028211,0.11717,-0.70953,-0.0064294,0.005091,0.010218,0.040035,3.5436,-1.8197,-0.73259,-2.0401,-3.3008,-1.2814,-2.577
1.2,-0.72173,0.010672,0.13785,-0.68657,-0.016956,0.00081417,0.0082198,-0.91518,3.7216,-2.2576,-0.97836,-0.11405,-4.5824,-1.0303,-4.0405,-0.69339,-0.0074402,0.1127,-0.69659,-0.018943,-0.0055796,0.019756,0.70618,5.0055,-0.80146,0.37047,-0.22292,-2.9927,-0.64983,-4.4157
1.3,-0.70161,0.008383,0.10393,-0.71569,-0.026557,-0.0064685,0.017012,1.7155,4.0808,0.35274,0.56262,0.036951,-5.5285,-0.2598,-5.5083,-0.7046,0.0096038,0.11553,-0.70725,-0.012876,-0.0074275,0.01705,1.5279,4.3258,-0.32165,0.80122,-1.1168,-5.0006,-0.33433,-4.4296
1.4,-0.70534,-0.014807,0.11969,-0.68019,-0.020242,-0.0097284,0.018575,-0.0093519,3.0505,-0.50311,-1.0204,-0.57676,-5.1194,-1.6731,-3.7213,-0.69829,0.010981,0.12628,-0.70378,-0.019319,-0.01152,0.026546,1.085,2.7895,0.30129,-0.7001,-0.93656,-3.8485,-1.5608,-6.0152
1.5,-0.69769,-0.013917,0.1031,-0.7016,-0.026881,-0.0081134,0.022479,1.3057,2.4207,-0.70879,-2.1363,0.25844,-6.2343,-1.1931,-5.4756,-0.71573,0.019373,0.13523,-0.69992,-0.012471,-0.0017265,0.025812,1.2777,4.2233,-0.63799,-0.67889,-1.6838,-4.9159,0.78504,-3.2269
1.6,-0.69366,0.021646,0.13382,-0.70672,-0.020925,-0.011249,0.018421,0.42946,2.3021,0.89787,0.26257,-1.0566,-5.5424,-1.0766,-7.2318,-0.7059,-0.0031279,0.15006,-0.69893,-0.026124,0.0019814,0.026453,2.2601,4.5128,-0.54072,0.63881,-1.476,-6.661,-1.409,-6.1398
1.7,-0.69364,0.011165,0.11971,-0.70443,-0.013665,-0.0019995,0.028211,0.87065,5.627,-0.25109,-1.6466,-1.1021,-5.0059,-1.584,-7.072,-0.72257,0.014268,0.11632,-0.72378,-0.021221,-0.017208,0.026466,-0.4805,6.0958,0.2239,-0.29494,-0.60801,-7.0122,-1.1926,-6.0946
1.8,-0.71342,-0.0032892,0.1004,-0.69528,-0.035638,-0.0086485,0.021004,0.92399,5.645,-0.28873,-0.82341,-1.2362,-5.4958,-0.50451,-7.0622,-0.70856,0.011602,0.12944,-0.71503,-0.022949,-0.0079729,0.034714,-0.3746,5.051,-0.81216,-1.2231,-0.26755,-5.5111,-0.29961,-5.2984
1.9,-0.69599,0.0064857,0.10897,-0.69659,-0.022654,-0.018629,0.035769,1.7729,4.6307,-1.0195,1.2827,-1.9857,-6.6755,-1.0842,-6.5402,-0.7068,0.01223,0.12113,-0.72096,-0.022682,-0.018946,0.028313,0.88424,4.2433,-1.5356,0.3542,-0.22361,-6.3684,-0.93881,-5.4986
2,-0.69381,0.015651,0.11707,-0.69295,-0.038578,-0.015044,0.028323,0.33232,4.8049,0.17829,-2.028,-0.378,-6.771,-2.2559,-8.0736,-0.69234,0.0096108,0.13611,-0.71262,-0.025667,-0.016361,0.02508,2.0725,4.63,-1.6414,-1.2652,-2.085,-6.9902,-3.5795,-5.9138
2.1,-0.70944,0.015562,0.12116,-0.71242,-0.028284,-0.0083923,0.032597,-0.73372,6.3227,-1.417,-0.50589,0.069426,-8.0048,-0.24934,-8.495,-0.6893,0.013317,0.12105,-0.69783,-0.036006,-0.015374,0.033657,-0.2821,5.8859,-0.16086,-0.032762,-0.19414,-7.0053,-1.2308,-7.1871
2.2,-0.68647,0.036722,0.11368,-0.71005,-0.032829,-0.0080303,0.031108,-0.90919,5.2681,-2.0537,-0.99934,-0.25518,-7.2401,-0.37395,-7.0603,-0.70707,0.031295,0.11046,-0.69208,-0.036794,-0.011898,0.039458,2.1269,5.4038,-0.4689,-2.0022,-2.4785,-6.8615,1.0775,-8.5735
2.3,-0.7005,0.0099402,0.1229,-0.70446,-0.032531,-0.01903,0.028074,1.6087,6.1277,2.1135,-0.99965,0.029109,-6.2943,-0.97283,-8.715,-0.67704,-0.0047307,0.10248,-0.71652,-0.033215,-0.0096339,0.041011,-0.069361,7.3815,-2.3474,-0.15851,-2.3931,-9.3068,-0.6121,-7.1772
2.4,-0.69734,0.0092885,0.12361,-0.70841,-0.037231,-0.0085325,0.039368,-0.10811,7.4472,-0.49002,-0.81465,-0.54669,-7.7052,-0.36118,-8.4527,-0.69946,0.020716,0.12355,-0.70866,-0.027303,-0.010337,0.038343,0.092179,6.4917,-2.9501,-2.9555,-1.3923,-7.8958,-2.1029,-9.2577
2.5,-0.70165,0.021454,0.11177,-0.71185,-0.029406,-0.0048089,0.036263,-0.29062,6.9212,-0.040364,-1.1536,-0.25312,-8.3061,-1.7402,-8.2559,-0.68549,0.012357,0.12678,-0.71821,-0.043424,-0.007711,0.032307,-0.56718,8.0628,-1.9487,-0.76151,-0.84728,-7.0474,0.66256,-7.7568
2.6,-0.69616,0.020638,0.13916,-0.72137,-0.033808,-0.014424,0.029609,-0.3567,7.6324,0.86504,-1.5652,-0.68775,-9.2537,-1.9103,-9.1211,-0.70265,0.015932,0.10888,-0.7292,-0.030502,-0.014293,0.031354,1.8691,6.0974,0.84807,0.19682,0.62062,-9.0852,-0.51159,-8.6272
2.7,-0.68737,0.015052,0.098495,-0.72898,-0.03461,-0.010065,0.042787,2.944,7.177,-1.1476,0.99676,-1.2549,-9.1267,-1.484,-8.789,-0.69593,0.013939,0.10343,-0.71021,-0.039011,-0.0073319,0.035606,0.55975,8.9173,-2.4819,-0.9765,-1.5279,-9.5942,-1.158,-8.7725
2.8,-0.68303,0.023121,0.12394,-0.71926,-0.040609,-0.020323,0.043735,0.36789,5.9762,0.11856,0.37403,-0.71414,-9.3334,-0.64547,-10.541,-0.68425,0.02033,0.10073,-0.72575,-0.033652,-0.016798,0.040444,0.88365,8.316,-0.068078,-0.64211,-0.014896,-7.7434,-1.1484,-8.7894
2.9,-0.69228,0.021162,0.11636,-0.71156,-0.045905,-0.0040674,0.048148,1.4473,7.1392,-0.35825,-3.0766,-1.6607,-7.768,-0.8522,-10.888,-0.69177,0.015414,0.10669,-0.71714,-0.044775,-0.018794,0.046814,0.77297,9.3857,-0.79451,-1.3258,-0.41317,-8.4556,-1.373,-10.449
3,-0.68122,0.021864,0.10697,-0.70901,-0.048234,-0.01826,0.037701,-1.8652,8.4599,-1.7192,-2.0982,-1.483,-9.3872,-2.6348,-8.5816,-0.69726,0.01979,0.10907,-0.72804,-0.041697,-0.014003,0.033805,2.104,9.0037,-0.91773,-2.1665,0.76907,-9.9147,-1.6907,-11.118
3.1,-0.68351,0.029233,0.091804,-0.72313,-0.048771,-0.011915,0.049118,1.3257,9.2803,-1.4475,-1.6944,-0.66112,-11.473,-2.145,-11.009,-0.67102,0.026749,0.10125,-0.73029,-0.043972,-0.016204,0.053051,1.7661,7.7105,-0.053668,-2.0182,-0.026773,-10.631,-2.2124,-9.9035
3.2,-0.67884,0.024662,0.11429,-0.72364,-0.049552,-0.014669,0.043784,3.5409,9.7507,0.31342,-3.4204,-0.41389,-11.046,-1.2097,-12.343,-0.67287,0.01889,0.10252,-0.72259,-0.049171,-0.011788,0.04753,1.1207,9.7038,-0.8435,-2.0752,-0.56758,-9.8844,-2.2327,-11.62
3.3,-0.69267,0.017307,0.10579,-0.73133,-0.035277,-0.018387,0.049866,-0.64662,7.8582,-0.15995,-1.0676,-0.57965,-10.451,-1.7472,-11.687,-0.68448,0.046149,0.081695,-0.73176,-0.049064,-0.02169,0.042682,0.93905,9.8006,0.69597,-2.1478,-0.4044,-11.472,-0.59097,-13.411
3.4,-0.67459,0.059445,0.082814,-0.71801,-0.04377,-0.022358,0.043783,0.38494,8.6786,-0.28806,-2.4187,-1.3727,-11.539,-1.7408,-11.296,-0.66024,0.041637,0.11172,-0.73708,-0.046685,-0.016065,0.053841,0.9935,9.3376,-2.684,-3.3119,-0.97499,-11.832,-2.242,-10.967
3.5,-0.66716,0.02848,0.086069,-0.74495,-0.056406,-0.022808,0.048026,-0.083008,9.4502,-0.76753,-3.9101,-1.1861,-12.312,0.38796,-12.209,-0.65519,0.03765,0.090924,-0.72438,-0.051349,-0.015539,0.044741,-0.47829,11.464,1.3193,-1.9202,-0.050329,-11.868,-1.1844,-13.228
3.6,-0.66727,0.033306,0.10322,-0.74037,-0.055517,-0.010691,0.048394,-0.49844,8.4726,-1.6439,-3.0686,-1.7452,-12.667,-1.8235,-12.102,-0.67058,0.056029,0.097194,-0.73051,-0.053179,-0.018722,0.057419,1.2128,9.0195,-2.3307,-0.97832,-1.1321,-10.954,-1.0426,-12.396
3.7,-0.67273,0.043418,0.096735,-0.75072,-0.049178,-0.015723,0.049302,0.64284,8.5996,-0.022008,-2.0401,-0.29137,-12.546,-1.5082,-11.746,-0.66085,0.02457,0.094151,-0.72187,-0.054365,-0.013905,0.053693,0.40743,9.8394,-0.87516,-3.4928,-1.3056,-10.021,-0.76736,-13.405
3.8,-0.64327,0.032937,0.10945,-0.74398,-0.051443,-0.02024,0.066018,0.89068,10.914,-0.47256,-3.8068,0.11026,-13.208,-0.23428,-12.641,-0.66085,0.043431,0.10588,-0.72732,-0.051773,-0.026429,0.045981,2.5383,10.709,-1.0121,-1.8613,-0.90352,-12.049,-0.76863,-14.239
3.9,-0.67058,0.023152,0.0874,-0.71739,-0.061055,-0.018911,0.063973,1.5507,10.5,-0.45032,-4.002,-0.73732,-13.242,-1.253,-13.694,-0.65101,0.048607,0.096792,-0.74004,-0.058237,-0.011768,0.044207,-0.33252,11.481,0.70632,-5.0254,0.015219,-13.872,-0.15191,-14.11
4,-0.65069,0.039671,0.099196,-0.74533,-0.052603,-0.01151,0.064749,-0.030068,10.148,-1.5088,-2.8527,-0.14892,-10.975,-1.4176,-14.596,-0.66741,0.033864,0.11375,-0.73444,-0.053883,-0.013958,0.054546,1.0001,9.6074,-0.12741,-3.5915,-1.5527,-12.999,-0.73029,-12.454
4.1,-0.65281,0.033707,0.10241,-0.73124,-0.05363,-0.017795,0.052054,1.1806,10.287,0.51807,-4.9337,-0.54907,-12.634,-0.40758,-15.515,-0.69122,0.05191,0.097137,-0.74706,-0.053576,-0.016851,0.058792,1.1016,9.9892,0.70043,-4.9513,0.24938,-10.987,0.049588,-14.394
4.2,-0.66596,0.053688,0.088761,-0.73168,-0.062833,-0.015308,0.063355,0.33184,11.816,0.20251,-5.0051,-0.64166,-12.779,-1.0666,-15.099,-0.66685,0.050603,0.10544,-0.73674,-0.067479,-0.0083965,0.0621,2.2838,10.646,-1.1207,-3.7218,-1.2125,-12.298,-2.2498,-14.609
4.3,-0.64704,0.056672,0.080039,-0.75318,-0.058382,-0.014927,0.059099,2.1319,11.023,-0.7206,-5.0631,0.42285,-14.159,-2.7555,-15.072,-0.65841,0.054704,0.091941,-0.76268,-0.066833,-0.019513,0.052294,-1.2861,11.011,-0.22832,-5.1626,0.409,-13.348,-0.4953,-14.414
4.4,-0.66193,0.04213,0.091968,-0.75112,-0.069362,-0.017537,0.066999,1.0945,12.636,-1.5857,-7.3836,-0.21524,-13.587,-0.19841,-14.232,-0.65116,0.068329,0.088478,-0.74875,-0.057174,-0.021213,0.064047,1.932,12.479,-0.98576,-5.6833,0.062336,-13.623,-1.6627,-15.779
4.5,-0.6535,0.059322,0.08362,-0.74364,-0.054883,-0.01462,0.057789,0.67535,9.5126,-0.9958,-5.9272,0.27045,-13.102,-1.9801,-16.784,-0.62551,0.054939,0.07257,-0.75602,-0.06708,-0.0072863,0.064985,1.4649,10.09,-2.06,-6.4762,-0.13609,-14.705,-2.6753,-14.788
4.6,-0.63225,0.063965,0.097966,-0.75992,-0.058657,-0.015663,0.068236,1.3657,11.705,-1.5397,-5.1952,-0.44742,-12.534,-0.0351,-17.89,-0.62866,0.069046,0.09039,-0.75166,-0.068409,-0.011088,0.067791,1.7106,14.044,-1.4767,-6.2356,-0.67708,-12.654,0.19086,-17.251
4.7,-0.63368,0.052103,0.082481,-0.74766,-0.06997,-0.013339,0.074464,1.0786,10.949,-1.8334,-6.398,-0.23267,-14.228,-1.0242,-17.851,-0.63491,0.042311,0.081355,-0.77076,-0.06412,-0.0095771,0.068288,2.1323,12.717,-0.19397,-6.125,-2.096,-13.602,-2.1622,-18.466
4.8,-0.64063,0.052763,0.075939,-0.75889,-0.07513,-0.0062766,0.060798,0.76774,11.212,-0.73646,-6.4305,-0.79972,-13.885,-2.3531,-19.784,-0.65119,0.056285,0.076326,-0.76516,-0.074689,-0.017614,0.060353,1.3418,12.504,-2.5816,-4.9187,-0.90177,-13.165,-0.53347,-16.939
4.9,-0.63002,0.058035,0.080374,-0.75873,-0.059406,-0.023112,0.071538,2.1035,12.762,-0.44889,-7.8406,0.49757,-15.453,-1.6662,-16.784,-0.6367,0.079946,0.075662,-0.76276,-0.069614,-0.0084446,0.061621,-1.0426,12.705,-1.7861,-9.748,-0.60535,-12.239,-0.68043,-16.799
5,-0.64071,0.085156,0.075545,-0.77199,-0.078094,-0.013622,0.065091,-0.40208,14.358,-0.49702,-6.9175,-0.37068,-13.525,-1.991,-18.139,-0.63023,0.073729,0.084566,-0.77952,-0.068053,-0.01367,0.06631,-0.092557,13.981,-2.0208,-5.6325,0.80125,-11.962,-1.1232,-18.053
5.1,-0.63205,0.073907,0.085824,-0.78639,-0.0758,-0.018096,0.070744,1.3705,12.888,-1.274,-7.467,-0.95713,-12.24,-0.47746,-18.802,-0.63172,0.069005,0.062996,-0.77214,-0.075144,-0.015526,0.068107,1.8755,12.62,0.20534,-7.9367,-0.57467,-14.052,0.07317,-16.874
5.2,-0.61365,0.068742,0.046178,-0.76651,-0.071633,-0.01806,0.079112,0.86053,14.243,-1.0746,-9.0143,-0.56019,-12.516,-0.59892,-19.649,-0.62998,0.067209,0.063187,-0.75742,-0.073765,-0.015919,0.072088,0.53683,14.045,0.19564,-8.0662,-0.10779,-13.135,-0.16374,-19.626
5.3,-0.62391,0.069391,0.07618,-0.75822,-0.082999,-0.015632,0.061454,1.4841,16.978,-0.58875,-9.084,-0.74081,-12.222,-1.8105,-16.742,-0.61197,0.062999,0.072593,-0.78366,-0.076083,-0.014151,0.070661,0.10235,14.464,-1.455,-7.6098,0.41957,-13.184,-1.2766,-18.46
5.4,-0.62033,0.081176,0.072812,-0.76762,-0.079615,-0.0067875,0.068221,-0.86045,16.349,-1.2893,-8.7411,-1.392,-11.486,-0.79876,-18.2,-0.64232,0.092717,0.074055,-0.78128,-0.078348,-0.015772,0.076945,1.6759,13.318,-0.70253,-9.3305,0.30286,-15.587,-0.91146,-19.517
5.5,-0.64521,0.080532,0.054247,-0.77913,-0.075542,-0.0062231,0.066056,0.61,15.464,-1.4947,-8.1148,-0.91454,-14.004,-1.6994,-20.832,-0.60747,0.083045,0.076088,-0.78368,-0.079435,-0.0070083,0.074208,1.818,12.955,-1.3959,-9.353,-0.73495,-14.668,-1.4032,-20.662
5.6,-0.58852,0.084335,0.059395,-0.76908,-0.087415,-0.015374,0.064261,0.42506,15.977,-1.5496,-9.7345,-0.99844,-13.275,-0.64754,-20.259,-0.60859,0.10116,0.087293,-0.77034,-0.088939,-0.014806,0.071264,0.074405,15.071,-1.4951,-8.314,1.649,-12.395,-1.0481,-20.421
5.7,-0.61721,0.072672,0.071698,-0.77977,-0.07797,-0.0084712,0.078967,0.42131,13.304,-0.85108,-10.049,1.2295,-13.846,-2.1513,-20.86,-0.61856,0.097056,0.048007,-0.78167,-0.086232,-0.014852,0.074249,1.4651,13.203,-1.8092,-10.69,-1.0384,-15.205,0.31656,-21.578
5.8,-0.60646,0.10542,0.077258,-0.7888,-0.080524,-0.0072135,0.072641,2.0413,16.296,-0.43444,-10.55,-0.22721,-15.586,-1.1205,-20.684,-0.61048,0.073056,0.074548,-0.78338,-0.083741,-0.0076826,0.075348,0.60649,17.006,-1.658,-10.459,0.87515,-12.571,-2.4676,-21.601
5.9,-0.60048,0.07891,0.069965,-0.80092,-0.086715,-0.011253,0.076533,1.6398,16.705,-1.7207,-9.5291,-0.7371,-14.674,-0.87002,-21.452,-0.58684,0.085943,0.038079,-0.7682,-0.085221,-0.01662,0.088124,0.64447,15.154,0.16205,-10.287,-0.095532,-12.991,-0.83465,-20.941
6,-0.60793,0.095014,0.054555,-0.80558,-0.08496,-0.0067943,0.072672,-0.3949,16.669,-2.2061,-11.052,-0.62535,-14.19,1.0546,-20.825,-0.60155,0.088197,0.041952,-0.80937,-0.090631,-0.01544,0.075924,1.7689,15.98,-2.4129,-10.667,0.14133,-13.287,-2.1676,-21.041
6.1,-0.59817,0.083196,0.050154,-0.82175,-0.088793,-0.0014264,0.077956,-1.2198,15.497,-0.3227,-11.766,0.070747,-13.648,-1.4755,-24.725,-0.60946,0.089478,0.059866,-0.78949,-0.089257,-0.01548,0.08545,1.1579,17.352,0.2136,-11.459,-1.8741,-14.702,-1.129,-22.869
6.2,-0.61453,0.090275,0.058435,-0.79849,-0.093385,-0.0071881,0.083086,2.0622,16.75,-0.66839,-11.667,1.3012,-14.58,-1.678,-23.421,-0.59818,0.10102,0.076933,-0.80423,-0.098101,-0.017017,0.068149,0.37598,14.965,1.0186,-13.851,-1.148,-16.379,-0.93396,-23.421
6.3,-0.57462,0.095598,0.058162,-0.80434,-0.096384,-0.010823,0.082516,1.3624,16.656,0.22208,-13.225,0.88579,-13.853,-1.1313,-25.982,-0.57069,0.12001,0.063541,-0.7805,-0.082654,-0.0012905,0.077206,2.1622,16.617,-2.2391,-11.787,2.0952,-14.075,-2.3406,-22.117
6.4,-0.57644,0.090188,0.041038,-0.80251,-0.097688,-0.0084129,0.080133,0.54077,16.597,-0.19894,-12.449,0.27386,-12.393,-2.2866,-23.402,-0.60561,0.089941,0.049317,-0.80357,-0.094813,-0.006672,0.081071,-0.99667,17.946,-0.2878,-10.898,-1.2194,-13.402,-0.64585,-25.235
6.5,-0.57529,0.092382,0.032808,-0.80323,-0.091668,-0.012898,0.07628,1.494,16.548,-1.4449,-13.243,-0.69642,-13.732,-1.4538,-23.598,-0.57451,0.098081,0.036064,-0.81777,-0.085285,-0.01017,0.079592,0.041494,17.944,-2.2205,-14.052,1.0824,-13.359,-0.44085,-25.526
6.6,-0.57595,0.097113,0.02746,-0.82303,-0.10165,-0.015875,0.08864,-0.36363,16.541,-1.4435,-13.969,0.26272,-13.485,0.062304,-23.12,-0.57435,0.10833,0.027623,-0.80695,-0.10098,-0.014656,0.071746,-0.19495,15.691,-0.32676,-13.507,0.2292,-13.091,-1.0507,-25.323
6.7,-0.57816,0.094081,0.040248,-0.82566,-0.095474,-0.0075965,0.082546,1.0052,17.269,-0.28315,-13.115,0.0047131,-13.239,-0.29596,-24.996,-0.5701,0.11294,0.02982,-0.80388,-0.10212,-0.014169,0.07872,1.3177,16.215,-2.0227,-13.528,0.82127,-13.52,-0.84348,-25.162
6.8,-0.56942,0.12036,0.024383,-0.81567,-0.095286,0.00075647,0.071651,-0.32727,15.03,-0.89466,-13.77,1.5348,-13.181,-0.20939,-25.626,-0.5784,0.11639,0.035872,-0.81825,-0.08589,-0.013816,0.082581,0.066513,15.126,-2.4812,-11.521,-0.1786,-13.128,-0.75334,-26.515
6.9,-0.54852,0.10603,0.034329,-0.81488,-0.10321,-0.0015132,0.076304,2.18,18.539,-0.30547,-13.859,0.69476,-13.022,-0.96266,-25.441,-0.54913,0.12795,0.0441,-0.80136,-0.10058,-0.010856,0.07955,-0.49437,18.138,-0.90358,-14.34,-1.7633,-13.274,-1.0256,-26.173
7,-0.55905,0.12077,0.035256,-0.81475,-0.098713,-0.0038257,0.092088,-0.23248,17.962,-1.8889,-15.096,-0.63487,-13.437,-0.84381,-22.89,-0.55071,0.10709,0.042269,-0.80839,-0.093799,-0.01419,0.073854,1.9779,17.855,-1.6176,-16.178,0.54745,-11.527,0.048587,-25.126
7.1,-0.55822,0.12641,0.033703,-0.82655,-0.10538,-0.011045,0.088637,1.9813,19.155,-1.3019,-15.82,0.22889,-13.523,-0.52624,-27.805,-0.56296,0.12432,0.036727,-0.8114,-0.10369,-0.0034262,0.076891,2.0144,17.613,-1.0195,-17.322,0.37468,-13.058,0.2521,-24.918
7.2,-0.54511,0.12714,0.029677,-0.83816,-0.11062,-0.0028343,0.086897,0.10678,18.013,-0.92689,-15.665,2.9459,-12.639,-2.2725,-27.543,-0.55087,0.12536,0.014074,-0.82829,-0.099014,-0.0056455,0.074074,-0.69057,18.147,-2.4756,-15.982,-0.74756,-12.833,-0.28917,-27.153
7.3,-0.54153,0.096543,0.032463,-0.83836,-0.10509,-0.0058755,0.085775,1.052,18.447,-0.85481,-16.326,-1.347,-11.909,-1.1034,-26.97,-0.54629,0.12232,0.021024,-0.835,-0.10124,-0.011766,0.072595,0.39077,21.384,-1.7601,-14.456,-0.62072,-12.884,-0.97437,-26.195
7.4,-0.53291,0.12564,0.036283,-0.82342,-0.11239,-0.00056319,0.086819,1.1151,20.472,-0.84825,-17.344,1.4054,-10.65,1.2338,-28.323,-0.54612,0.12708,0.035514,-0.83302,-0.10648,-0.0067388,0.082727,2.2571,19.382,-1.7952,-13.762,0.10844,-12.677,-2.4017,-28.759
7.5,-0.5208,0.14033,0.023276,-0.84989,-0.11373,-0.0087437,0.080947,0.59641,21.813,-2.6426,-17.284,1.3246,-10.71,-0.082396,-27.274,-0.54473,0.12899,0.011476,-0.85112,-0.10727,-0.0082158,0.074831,0.8108,18.512,-0.84377,-16.559,1.6385,-12.277,-1.565,-28.328
7.6,-0.52422,0.13245,0.027008,-0.85396,-0.098782,0.0023325,0.078648,0.085137,19.223,-1.7002,-18.542,0.031359,-11.224,-1.176,-27.346,-0.53348,0.12957,0.0072326,-0.84617,-0.10333,-0.010514,0.080848,-0.48002,20.074,-1.5327,-18.186,1.2394,-12.923,-0.37914,-29.598
7.7,-0.51013,0.11834,0.032381,-0.84278,-0.11255,-0.009287,0.070461,1.4027,19.904,-0.58044,-16.535,0.34106,-10.65,-1.4884,-29.111,-0.53115,0.12688,-0.003399,-0.83592,-0.10877,-0.0092679,0.078722,-1.8378,19.76,-0.315,-18.086,-0.29955,-10.869,-0.83555,-30.097
7.8,-0.51855,0.13384,0.011384,-0.86039,-0.11202,-0.0075973,0.082421,1.5397,19.757,1.3278,-18.769,3.3997,-11.51,-1.4083,-30.307,-0.52126,0.1279,0.0032101,-0.84443,-0.11705,0.00020679,0.083402,0.78492,21.381,-0.55115,-16.281,0.36162,-10.872,-3.1593,-27.982
7.9,-0.50882,0.13585,-0.004559,-0.83321,-0.12054,-0.0076989,0.079147,2.9305,20.588,0.54013,-18.372,1.8585,-11.202,-3.0299,-29.953,-0.52383,0.14611,0.009826,-0.85053,-0.10228,0.0042446,0.080341,-0.023125,20.762,-1.9389,-17.714,-2.4194,-10.533,-1.052,-29.535
8,-0.50518,0.1429,0.015378,-0.85125,-0.1145,-0.0084292,0.079125,0.91436,20.657,-2.0022,-19.419,2.0447,-10.396,-0.8658,-31.21,-0.5117,0.12059,0.010313,-0.84974,-0.1125,-0.0080536,0.083928,-0.11805,19.943,-2.0796,-20.236,1.5849,-9.0669,-0.15401,-29.407
8.1,-0.5066,0.13255,0.022717,-0.85808,-0.11663,0.0018321,0.083362,-1.5932,21.245,-1.892,-19.18,0.69977,-11.686,0.49239,-29.686,-0.49226,0.13391,0.014841,-0.85269,-0.12721,-0.0055858,0.089112,0.96499,21.723,0.31816,-20.322,-0.11362,-9.786,-0.59372,-30.336
8.2,-0.49619,0.15203,0.0028542,-0.83729,-0.11345,-0.0069008,0.082845,0.085877,22.143,-2.423,-18.892,-0.053013,-8.8859,1.1389,-30.084,-0.495,0.16755,0.0065937,-0.83686,-0.1189,-0.013749,0.069459,1.1941,23.022,-0.43205,-19.056,0.27508,-8.1601,-0.25219,-30.988
8.3,-0.47359,0.14497,-0.0062699,-0.84652,-0.13192,-0.0089847,0.081124,0.38263,21.316,-1.9749,-18.258,-0.28691,-10.006,-1.4323,-31.558,-0.49596,0.1546,-0.0065317,-0.87581,-0.12528,-0.001991,0.086258,0.01043,21.374,-2.2511,-20.609,2.4959,-9.1321,0.067465,-28.494
8.4,-0.48165,0.14153,0.0034085,-0.87203,-0.12074,-0.0052652,0.069338,0.28075,22.107,-0.91442,-20.521,-0.55042,-8.3346,-2.1337,-33.091,-0.48124,0.13471,-0.010765,-0.87084,-0.12633,-0.0044239,0.087337,0.96238,22.379,-2.1319,-19.762,1.462,-8.3708,0.7169,-32.042
8.5,-0.49556,0.15094,-0.0014837,-0.85047,-0.12636,-0.0076015,0.075705,0.28633,22.557,-3.1322,-18.933,-0.55706,-8.0283,-0.025468,-31.724,-0.48021,0.15205,0.009552,-0.8802,-0.1206,-0.0028159,0.077648,1.1862,22.617,-1.067,-21.218,0.75457,-8.1148,-1.1573,-32.201
8.6,-0.46889,0.15395,-0.011832,-0.86833,-0.12971,-0.0035258,0.077745,0.20573,20.771,-1.9386,-21.454,0.62686,-9.3575,-1.6737,-31.889,-0.48804,0.15489,-0.0069294,-0.87217,-0.11996,-0.012831,0.070336,-0.6023,22.477,-1.349,-21.313,-1.8009,-6.8257,-0.18616,-32.771
8.7,-0.46455,0.15743,-0.018394,-0.84803,-0.12299,-0.00036012,0.076117,2.3665,21.032,0.38235,-20.706,0.87541,-8.5635,-0.21663,-31.454,-0.45949,0.13217,-0.015058,-0.87227,-0.12697,-0.00072454,0.073044,-0.55178,22.718,-0.59569,-22.232,-0.18869,-5.8218,-3.1875,-32.613
8.8,-0.47116,0.15621,-0.010423,-0.87031,-0.12476,0.0072221,0.081042,-0.1377,22.177,-2.4943,-21.386,0.22698,-7.612,-1.4975,-32.353,-0.48289,0.15339,0.0044924,-0.88357,-0.11949,-0.0013765,0.071041,2.1697,22.849,-1.2304,-20.303,0.46542,-7.9531,-0.25747,-32.145
8.9,-0.46378,0.14696,-0.013067,-0.88105,-0.1283,-0.0037668,0.077623,1.2574,22.39,-1.5175,-22.483,1.1104,-9.2387,-0.29118,-32.153,-0.45855,0.16563,-0.032567,-0.85341,-0.12694,0.0032248,0.081973,0.37226,20.999,-0.58419,-22.577,0.43864,-8.5813,0.067044,-32.37
9,-0.43449,0.15935,-0.00011165,-0.89202,-0.12818,0.0036753,0.082023,0.43772,23.491,0.36577,-25.678,-0.88964,-6.4026,-1.0768,-34.173,-0.442,0.16127,-0.031194,-0.8708,-0.12451,-0.0018822,0.077997,1.2758,23.027,-1.5484,-21.354,1.6984,-5.4502,1.0667,-32.739
9.1,-0.44778,0.16111,-0.035308,-0.87483,-0.13766,0.006552,0.085815,2.2753,23.404,-0.19087,-23.571,1.0559,-6.2024,0.20682,-33.567,-0.44315,0.15509,-0.029646,-0.89733,-0.13136,0.0010607,0.068903,0.65558,23.309,0.64383,-24.919,1.1787,-6.8575,0.3479,-35.071
9.2,-0.42949,0.15555,-0.03273,-0.88651,-0.12983,0.0037451,0.080813,-0.88478,21.728,-0.051333,-25.126,0.4039,-7.0008,-0.53228,-33.589,-0.42717,0.14704,-0.039141,-0.89139,-0.12621,0.00090452,0.074677,-0.97995,23.143,-2.4523,-23.754,0.088297,-7.28,-0.33736,-32.733
9.3,-0.41797,0.18358,-0.034333,-0.90187,-0.13302,-0.0010767,0.081296,0.63692,23.728,-1.9306,-23.113,-0.82343,-7.2412,-1.8542,-33.163,-0.43356,0.16422,-0.0093794,-0.88563,-0.13715,0.0005815,0.074239,0.064587,23.521,-0.44227,-23.961,-0.5137,-7.1941,-0.49321,-35.966
9.4,-0.43569,0.17244,-0.024655,-0.88079,-0.13447,-0.0042213,0.073269,0.64144,24.553,-1.5511,-24.361,0.69334,-4.5313,-0.33788,-33.13,-0.43305,0.15258,-0.022185,-0.88809,-0.12625,0.0035922,0.073053,-0.31547,24.85,-0.40549,-25.553,-0.7639,-8.2752,-0.17627,-33.421
9.5,-0.41734,0.16345,-0.033591,-0.90009,-0.12811,0.00037401,0.077104,-0.62689,24.228,-1.5354,-23.589,1.0396,-5.6766,-0.69066,-34.593,-0.40936,0.16549,-0.021901,-0.91831,-0.13447,-0.0017784,0.070614,2.1894,23.188,-2.687,-25.03,-0.9083,-8.615,-0.28635,-32.392
9.6,-0.41434,0.16721,-0.034009,-0.90772,-0.13075,0.00069111,0.080811,-1.7087,24.194,1.2548,-25.724,1.3691,-4.9984,-0.24248,-33.995,-0.40731,0.15501,-0.028347,-0.89538,-0.13941,-0.0032957,0.070378,-1.3862,23.09,0.75289,-24.947,1.2859,-3.5736,-1.9868,-34.742
9.7,-0.39704,0.18734,-0.04075,-0.91327,-0.13202,-0.010131,0.07274,-0.67638,22.877,-3.5214,-26.015,2.4065,-5.3853,-1.1361,-33.301,-0.38506,0.17751,-0.027159,-0.88902,-0.1394,0.00051098,0.062353,1.103,24.912,-0.91928,-26.389,0.53189,-4.4853,-0.41583,-31.692
9.8,-0.38324,0.18378,-0.05401,-0.91531,-0.13941,0.011261,0.069086,2.7011,23.959,-2.6519,-26.118,-1.1364,-2.8373,1.2461,-35.214,-0.40333,0.19308,-0.053006,-0.89392,-0.13883,-0.0074117,0.066125,0.26699,23.303,-1.0494,-23.742,1.0696,-4.3418,-1.0068,-32.974
9.9,-0.39534,0.16605,-0.046405,-0.92275,-0.13037,0.012116,0.069738,0.1973,25.841,-0.9229,-25.254,0.46738,-3.4081,1.3332,-33.517,-0.39111,0.16444,-0.053858,-0.90454,-0.13537,0.003638,0.067365,2.2188,24.538,-0.72639,-25.678,1.2154,-2.884,0.54499,-34.026
10,-0.38227,0.18216,-0.051212,-0.90477,-0.13492,0.0010167,0.068855,1.4796,26.304,-0.96084,-24.788,1.3475,-4.669,1.0158,-31.624,-0.37637,0.17394,-0.048172,-0.90604,-0.13728,0.011092,0.0651,0.37487,26.075,-0.14978,-26.755,0.19639,-3.3311,-0.34592,-32.916
10.1,-0.3645,0.15278,-0.042603,-0.90707,-0.14092,0.013306,0.0686,1.0906,26.981,-1.3445,-26.846,0.66312,-2.9522,0.55545,-33.717,-0.36691,0.18057,-0.054525,-0.90112,-0.13785,0.0067979,0.070105,-0.89718,25.358,-3.5482,-26.555,1.5831,-3.3279,1.004,-33.001
10.2,-0.36977,0.17253,-0.039274,-0.93343,-0.13289,0.014035,0.070274,-0.52834,25.542,-0.71866,-28.045,1.9756,-3.4032,0.64489,-32.889,-0.36575,0.18354,-0.029992,-0.91748,-0.13648,0.0059643,0.070605,-0.27979,26.269,-1.2131,-27.567,0.86503,-3.34,-0.16832,-32.192
10.3,-0.35932,0.17916,-0.035588,-0.92258,-0.13276,-0.0020251,0.06659,-0.92987,25.649,-2.3527,-27.837,-0.9089,-3.3505,0.72725,-33.373,-0.36395,0.17821,-0.04027,-0.92216,-0.14139,0.0049325,0.071141,0.24186,26.282,-3.1508,-28.13,2.0446,-1.5817,0.80543,-32.729
10.4,-0.36343,0.18678,-0.069804,-0.92945,-0.13424,0.01834,0.066361,0.86214,26.008,-0.54441,-28.315,0.74287,-2.1459,-0.43689,-30.565,-0.34655,0.19758,-0.038517,-0.92735,-0.13904,0.015903,0.060026,-0.055368,25.98,-1.8298,-28.321,0.47715,-4.3808,1.2719,-32.352
10.5,-0.34794,0.18032,-0.051133,-0.93571,-0.13901,0.0090686,0.066358,0.13614,26.459,-2.9326,-29.201,-0.59911,-0.89376,-0.44727,-31.302,-0.35522,0.17981,-0.052136,-0.91134,-0.14248,0.017119,0.062199,1.1849,25.247,-0.8876,-29.164,0.62273,-1.0312,-1.3362,-33.397
10.6,-0.34811,0.17915,-0.050791,-0.93248,-0.14807,0.0067749,0.064447,0.074839,26.591,-1.9455,-29.168,1.8195,-0.49091,-0.23979,-31.073,-0.34281,0.17747,-0.034349,-0.9193,-0.14778,0.023352,0.058745,0.88558,28.953,-1.6223,-31.705,-0.052136,-1.7216,0.92009,-32.031
10.7,-0.33668,0.16348,-0.062933,-0.91692,-0.13875,0.015715,0.058137,2.0449,27.961,-0.5542,-30.904,0.3225,-2.1557,0.22266,-32.476,-0.35113,0.18103,-0.035828,-0.92028,-0.14233,0.017945,0.063645,0.094904,27.946,0.13391,-29.355,1.2884,-2.3094,0.38017,-30.662
10.8,-0.32102,0.18644,-0.047704,-0.90459,-0.1318,0.025809,0.061782,1.8625,26.782,-0.8346,-30.558,0.56293,-0.074777,0.58586,-32.351,-0.34226,0.19191,-0.038314,-0.92406,-0.13453,0.010889,0.056899,1.125,27.559,-2.2437,-30.257,0.095446,-0.50639,1.4095,-29.763
10.9,-0.30096,0.1828,-0.071748,-0.91474,-0.13016,0.015122,0.05751,1.958,25.079,-1.301,-28.294,-0.28517,-0.33695,1.5051,-29.307,-0.33205,0.19854,-0.04143,-0.9243,-0.14065,0.019876,0.060464,0.62429,28.084,-0.46871,-29.34,1.0942,-0.95098,1.2774,-33.272
11,-0.31046,0.18156,-0.068065,-0.9376,-0.13712,0.014415,0.05793,0.40212,27.015,-0.99154,-30.329,-0.58287,-0.11205,0.0034106,-30.492,-0.3199,0.18314,-0.066146,-0.93346,-0.13665,0.019409,0.052277,0.071636,27.801,0.085854,-29.046,0.44174,0.92686,1.7491,-28.768
11.1,-0.30627,0.19335,-0.088198,-0.93432,-0.13646,0.012659,0.060889,-0.73481,27.369,-3.4764,-29.575,1.5429,-0.88508,0.32083,-29.16,-0.30592,0.21452,-0.051936,-0.94036,-0.13978,0.026207,0.055665,0.40445,28.579,0.56992,-31.041,3.1007,0.27582,2.9219,-29.398
11.2,-0.29032,0.1788,-0.07697,-0.95474,-0.14101,0.013637,0.061645,0.14322,28.908,0.034195,-31.722,1.9258,1.6913,0.93066,-29.868,-0.29892,0.18844,-0.064976,-0.92867,-0.13914,0.022554,0.048351,0.24498,29.066,-1.5419,-30.129,0.90416,2.2821,1.4015,-30.421
11.3,-0.28063,0.17813,-0.071122,-0.93532,-0.13993,0.017119,0.058879,0.16952,28.967,-2.2707,-34.168,0.063863,0.22918,1.8227,-29.079,-0.31346,0.19377,-0.065396,-0.92307,-0.15201,0.025298,0.060296,1.1951,29.083,-1.3194,-32.276,2.2458,-1.0808,-0.15161,-28.651
11.4,-0.29571,0.17782,-0.050268,-0.95536,-0.14208,0.022377,0.050216,0.54871,28.13,-0.52641,-31.431,0.97097,0.07643,1.7581,-29.688,-0.28747,0.20037,-0.058305,-0.95767,-0.14056,0.030495,0.047567,0.48523,28.101,-0.13822,-30.988,0.31394,1.0982,0.8159,-28.496
11.5,-0.27806,0.19438,-0.07937,-0.93987,-0.14165,0.022722,0.055093,1.6399,28.406,-0.31428,-32.491,0.72706,0.90427,-0.91879,-28.706,-0.28325,0.17495,-0.062387,-0.94829,-0.13608,0.030248,0.052365,1.1706,27.516,-0.1414,-31.613,-1.7013,0.58574,0.26913,-28.91
11.6,-0.2611,0.19553,-0.053042,-0.93822,-0.13979,0.029982,0.04851,1.5361,28.148,-1.8068,-31.548,2.724,2.9279,3.4748,-27.725,-0.25634,0.19203,-0.061356,-0.95837,-0.14507,0.034437,0.046869,0.96832,27.049,-1.6219,-33.191,-0.70302,2.0057,-0.10968,-29.192
11.7,-0.25685,0.17434,-0.073597,-0.94188,-0.14627,0.033321,0.056614,-0.87392,29.469,-1.5856,-32.088,0.69605,2.9807,-0.85345,-27.505,-0.26007,0.19097,-0.046675,-0.94169,-0.14986,0.029646,0.058314,0.41739,28.346,0.6224,-32.994,1.5608,1.9967,-1.0122,-27.075
11.8,-0.23512,0.19025,-0.05621,-0.95412,-0.1362,0.036012,0.040271,0.74203,29.839,-1.9848,-31.468,1.3263,2.537,2.3874,-27.77,-0.2513,0.19365,-0.080677,-0.94305,-0.14853,0.026916,0.043284,0.6498,31.254,-1.5505,-33.357,1.2102,2.5237,0.77713,-27.526
11.9,-0.26852,0.2029,-0.0886,-0.95309,-0.13774,0.037255,0.039044,3.3792,30.311,-0.39024,-35.705,-0.41074,2.407,2.5923,-27.933,-0.24618,0.20443,-0.059294,-0.96314,-0.14221,0.035135,0.039291,-0.60648,30.263,-2.1275,-34.391,1.3876,1.6201,1.4009,-28.067
12,-0.24204,0.19948,-0.074827,-0.94422,-0.1359,0.037011,0.039677,1.0094,28.676,-3.1908,-34.28,1.8079,3.7917,0.90125,-27.145,-0.27921,0.1951,-0.071145,-0.97284,-0.1524,0.036652,0.046074,-0.058246,29.459,-0.46537,-34.675,1.1009,2.5341,1.1035,-27.418
12.1,-0.22782,0.18406,-0.069283,-0.95872,-0.14185,0.032238,0.050396,2.2404,30.206,-0.54404,-37.166,-0.20836,1.6975,-0.1483,-27.14,-0.24011,0.1821,-0.078918,-0.95365,-0.14412,0.039933,0.039322,2.1246,29.556,-0.92404,-33.607,1.7405,2.1189,1.3843,-27.677
12.2,-0.21604,0.16204,-0.060088,-0.94081,-0.14369,0.03431,0.043085,1.2484,32.006,-0.99877,-35.284,1.5252,4.5811,2.9637,-25.004,-0.21995,0.18205,-0.067453,-0.94136,-0.15205,0.032328,0.044115,0.047364,29.957,-0.89969,-37.171,0.80878,1.902,0.0575,-26.671
12.3,-0.21465,0.16722,-0.065801,-0.93918,-0.14203,0.036313,0.04252,0.41685,31.218,-0.81441,-34.841,2.1704,1.9263,0.082775,-24.937,-0.23325,0.17948,-0.060938,-0.95589,-0.14744,0.038014,0.02501,-0.2162,29.575,-0.55935,-34.376,0.7045,3.8989,0.0018198,-24.442
12.4,-0.22855,0.18471,-0.061664,-0.97248,-0.14214,0.048006,0.040007,0.78294,30.634,-1.4558,-35.25,-0.72097,3.956,-0.80538,-25.841,-0.22003,0.1728,-0.075195,-0.95942,-0.14347,0.032738,0.033912,-0.59043,32.015,-0.021735,-38.286,1.0742,4.0338,0.58429,-27.051
12.5,-0.21252,0.15903,-0.062454,-0.96925,-0.14518,0.046409,0.033725,-0.73633,30.324,0.41337,-37.495,-1.305,4.6307,0.61732,-25.94,-0.20014,0.19641,-0.09198,-0.95987,-0.13923,0.037894,0.037723,-0.95978,30.402,-0.073821,-34.64,1.3528,2.6366,-0.76036,-25.076
12.6,-0.19041,0.17798,-0.071233,-0.96658,-0.13634,0.034117,0.035328,1.9998,31.072,-1.5324,-34.014,0.58448,2.4029,0.98888,-24.787,-0.17284,0.17521,-0.069493,-0.96918,-0.14501,0.041968,0.032501,-0.29686,30.705,-0.7424,-36.983,2.6617,4.3442,0.34491,-23.897
12.7,-0.18522,0.18424,-0.086816,-0.95669,-0.14505,0.033642,0.042299,0.47616,31.152,-0.21259,-35.127,1.1009,4.3461,1.365,-23.784,-0.18383,0.16926,-0.082588,-0.97443,-0.13682,0.038949,0.038068,0.86717,31.864,-1.5954,-36.237,0.74762,4.4749,2.0081,-25.572
12.8,-0.18942,0.18649,-0.086972,-0.97472,-0.14229,0.039521,0.03005,0.8315,31.911,-1.7526,-36.039,1.7523,5.6347,-0.88319,-23.747,-0.17635,0.18033,-0.077173,-0.98421,-0.14975,0.045255,0.028098,1.1926,31.272,-1.8893,-36.52,-0.28956,2.6567,-0.40671,-25.935
12.9,-0.15997,0.17629,-0.082043,-0.94746,-0.14214,0.029932,0.038206,-0.55584,29.345,-0.5743,-36.62,0.35766,5.4625,2.0931,-25.127,-0.15894,0.17776,-0.085043,-0.95631,-0.13762,0.048634,0.035133,0.57314,32.102,-1.0485,-36.763,1.2682,3.7497,1.3281,-25.623
13,-0.17115,0.15346,-0.081684,-0.96211,-0.14778,0.047333,0.031536,2.1549,31.963,-2.444,-36.319,1.3225,5.3026,1.9177,-23.567,-0.17747,0.17139,-0.075945,-0.96564,-0.14454,0.042354,0.025292,1.4821,32.978,0.24913,-37.804,1.4575,6.5099,1.7947,-23.491
13.1,-0.17157,0.16343,-0.0874,-0.98165,-0.1451,0.040479,0.025601,1.248,32.053,-1.6146,-37.751,1.388,5.2652,1.1489,-23.608,-0.16786,0.17973,-0.085766,-0.96611,-0.14664,0.046822,0.025586,-1.1784,32.301,0.22546,-40.129,0.26476,3.432,-1.059,-23.577
13.2,-0.15287,0.15875,-0.074637,-0.9605,-0.14855,0.040145,0.031808,-0.34563,30.785,-2.4585,-38.44,-0.68449,5.772,1.559,-22.561,-0.15939,0.18165,-0.063471,-0.97165,-0.14366,0.058446,0.027461,0.63771,32.078,-1.0207,-37.824,-1.8377,6.8904,1.3341,-23.466
13.3,-0.14352,0.16563,-0.087232,-0.96488,-0.14587,0.052003,0.027576,-0.44018,32.083,-0.50409,-40.128,0.37545,8.0814,0.17417,-21.738,-0.15106,0.16914,-0.079659,-0.96551,-0.14585,0.061285,0.026544,1.2073,32.188,0.10531,-40.711,1.3009,5.4844,0.71531,-23.123
13.4,-0.12783,0.17519,-0.091444,-0.98038,-0.14447,0.059543,0.026558,0.72479,33.484,-2.9306,-38.375,-0.49698,6.6308,0.26234,-24.619,-0.12337,0.16731,-0.078641,-0.9731,-0.13916,0.051586,0.032024,-1.3794,30.785,-3.0221,-39.615,3.5058,4.3138,0.95916,-22.307
13.5,-0.13046,0.13894,-0.07164,-0.96116,-0.13709,0.051768,0.020286,-0.41473,30.015,-1.954,-41.692,0.16786,7.9042,0.63518,-21.166,-0.11876,0.17284,-0.074421,-0.9816,-0.15037,0.058276,0.024287,0.91895,33.017,0.37488,-38.758,1.2038,5.3331,0.394,-22.804
13.6,-0.12541,0.16059,-0.092588,-0.96658,-0.13755,0.059164,0.03043,-1.9505,32.605,-0.31439,-41.901,1.9593,7.1161,-0.69966,-22.606,-0.1468,0.16529,-0.076463,-0.9722,-0.14677,0.055454,0.026073,0.60997,31.526,-0.6046,-40.213,0.57192,6.633,1.0824,-21.95
13.7,-0.10307,0.17281,-0.067463,-0.97311,-0.14425,0.055506,0.028837,-1.8462,31.365,-1.5194,-42.283,-0.22287,6.042,1.3411,-21.604,-0.11788,0.15849,-0.07405,-0.98255,-0.14451,0.048151,0.02168,-0.44969,30.713,0.35623,-41.767,0.91241,6.3557,-0.62395,-21.556
13.8,-0.10542,0.18094,-0.084319,-0.98932,-0.13692,0.060494,0.017857,-0.80814,28.852,-0.67965,-42.111,1.8361,8.1363,1.4402,-21.709,-0.11436,0.17521,-0.075671,-0.96674,-0.13737,0.05112,0.020118,-0.58689,31.732,-1.7501,-40.851,-0.20182,7.8966,0.87152,-21.132
13.9,-0.088643,0.15971,-0.088528,-0.97592,-0.1347,0.068277,0.017386,-0.78492,31.819,-0.41934,-40.5,0.43693,8.1696,0.83551,-22.636,-0.096268,0.1651,-0.083173,-0.97773,-0.13505,0.061744,0.011556,0.87966,29.375,-2.0012,-42.797,1.0976,8.2982,1.3793,-20.39
14,-0.096089,0.14212,-0.093732,-0.98311,-0.12385,0.05277,0.019582,-0.51246,30.107,0.25501,-45.082,-0.55233,7.1913,1.3484,-20.295,-0.10615,0.16264,-0.086922,-0.98337,-0.13032,0.07033,0.015528,-0.67301,30.416,-2.3018,-40.554,-0.14498,6.4067,1.0325,-21.305
14.1,-0.075057,0.15096,-0.081787,-0.98479,-0.12611,0.060433,0.024989,-0.43123,29.966,-0.17763,-39.492,0.025912,8.8937,0.071287,-21.246,-0.090955,0.15675,-0.09916,-0.98201,-0.13244,0.066262,0.010444,-0.89474,30.963,0.52301,-41.787,0.37131,7.2238,0.28688,-19.556
14.2,-0.0895,0.15116,-0.063917,-0.97881,-0.12322,0.065583,0.013025,-2.3265,28.991,-1.7282,-41.673,0.15588,8.1844,0.055781,-20.818,-0.097865,0.14565,-0.08857,-0.98213,-0.12104,0.068921,0.0087419,-1.1606,29.398,-0.75141,-42.764,1.6931,9.267,0.61235,-21.279
14.3,-0.079765,0.1504,-0.091776,-0.98196,-0.13124,0.066802,0.0085755,-1.7707,28.538,-2.2763,-45.036,0.72916,7.2455,1.0489,-19.567,-0.073579,0.135,-0.10569,-0.98822,-0.12599,0.065747,0.022085,-1.5884,30.196,-1.2271,-44.273,3.1132,9.4172,2.285,-20.068
14.4,-0.051853,0.14706,-0.091849,-0.98659,-0.12658,0.060037,0.011983,-1.9869,26.509,-1.0087,-41.439,0.079811,9.1736,1.2633,-19.362,-0.047967,0.13918,-0.082176,-0.96798,-0.12504,0.067013,0.0079976,-0.071276,29.431,-1.4264,-42.925,1.2936,6.9268,3.2728,-17.809
14.5,-0.051703,0.12883,-0.094766,-0.98657,-0.1227,0.064615,0.011289,-2.6023,28.11,-1.4561,-43.127,0.89242,10.8,-2.0058,-18.041,-0.062801,0.14059,-0.072676,-0.98179,-0.12291,0.066856,0.017713,-0.27411,28.657,-3.1659,-42.629,-0.24962,7.841,-0.13488,-18.296
14.6,-0.043161,0.15044,-0.09169,-0.97471,-0.1216,0.062495,-0.0035091,-2.5662,28.227,-2.1891,-44.939,1.6759,9.46,-0.5152,-19.302,-0.055576,0.13278,-0.070406,-1.0031,-0.12247,0.069451,0.0090166,-1.1897,27.243,-1.6191,-44.827,-0.47356,10.472,0.79526,-18.012
14.7,-0.040624,0.15018,-0.088894,-0.9838,-0.11875,0.06912,0.0056743,1.4229,26.598,-2.4785,-45.166,2.0477,10.235,-0.55623,-19.158,-0.047783,0.1468,-0.080865,-0.99466,-0.12078,0.076302,0.0088703,0.071083,28.396,-0.34229,-47.102,1.2533,10.093,1.6195,-17.846
14.8,-0.05038,0.14794,-0.080309,-0.98667,-0.11245,0.072268,0.011726,-1.9523,26.504,-2.2462,-44.524,2.0714,5.8741,0.62105,-17.458,-0.048945,0.13692,-0.090029,-0.99019,-0.11473,0.067605,0.01131,-1.1378,23.333,-2.3779,-44.678,1.2991,9.7081,-0.86111,-17.909
14.9,-0.034605,0.14208,-0.06433,-0.97616,-0.12303,0.086913,-0.0014698,-0.72629,26.271,-2.6193,-45.342,-0.81798,9.9154,0.19987,-15.845,-0.046678,0.14854,-0.091283,-0.97177,-0.12147,0.072789,0.01098,0.80658,26.31,-1.7319,-45.486,1.8759,9.9593,2.4517,-17.192
15,-0.023387,0.12565,-0.07008,-0.98743,-0.11837,0.076362,0.018326,-1.9435,26.289,-1.4832,-44.723,-0.43216,10.544,2.0145,-18.894,-0.023549,0.1171,-0.072783,-0.98431,-0.10948,0.072399,0.0045925,-0.90191,23.321,-0.59908,-46.841,0.80952,9.5298,0.65259,-17.151
15.1,-0.020547,0.11252,-0.083645,-0.96589,-0.10972,0.080743,0.01403,-2.4773,26.124,-0.74726,-45.902,-0.29349,7.4182,1.1748,-17.562,-0.035484,0.13066,-0.092208,-0.98703,-0.10343,0.075556,0.0090038,-2.0958,24.905,-2.773,-46.334,0.74175,10.279,0.97017,-17.954
15.2,-0.020611,0.12049,-0.080874,-0.99441,-0.11462,0.078716,0.0060315,-1.8635,26.147,-0.09993,-47.609,3.6989,11.666,1.4798,-16.854,-0.0024637,0.11721,-0.085993,-1.0076,-0.11226,0.067847,0.010169,-2.705,25.263,-0.038882,-47.044,2.5827,12.045,1.9557,-16.779
15.3,-0.00091805,0.11986,-0.092437,-0.98997,-0.11321,0.079381,-0.00025956,0.41438,23.621,-1.9026,-48.049,1.5935,10.262,0.78858,-17.37,-0.017682,0.12909,-0.074441,-0.953,-0.11417,0.086019,0.0010218,-0.45511,23.479,-2.8387,-49.95,0.45722,11.2,-1.1334,-16.634
15.4,-0.0088993,0.12187,-0.0845,-0.99328,-0.10639,0.081524,0.0071998,-0.5893,25.919,-2.8095,-49.005,2.3402,11.994,-1.3897,-17.059,0.0059725,0.11538,-0.078395,-0.98935,-0.10221,0.077157,0.0042055,-1.2997,24.012,-1.722,-48.105,0.29352,11.781,0.057638,-15.217
15.5,0.022821,0.11164,-0.069453,-0.97596,-0.10451,0.076989,-0.002716,-2.4613,22.127,-1.9409,-49.289,1.0909,10.37,1.3921,-15.209,-0.0015691,0.12006,-0.086536,-0.99592,-0.10623,0.085206,-0.0075688,-0.39826,22.801,-1.1735,-49.017,0.68801,11.501,-1.2353,-16.68
15.6,0.0050153,0.096412,-0.07355,-0.99222,-0.098406,0.096695,-0.00044075,-1.8864,22.337,-1.5537,-48.833,1.0363,11.987,0.54791,-15.979,0.0042259,0.096744,-0.08544,-0.99612,-0.090578,0.079151,0.0044336,-0.60355,23.749,-1.1229,-48.702,1.0838,10.647,0.72125,-15.21
15.7,0.010541,0.10948,-0.09686,-1.0024,-0.098995,0.086819,-0.00083971,-1.2807,23.496,-0.555,-48.866,-0.18129,10.805,0.57237,-15.561,0.0017894,0.10983,-0.067691,-0.9879,-0.10581,0.085911,-0.0024037,-1.6384,21.95,-2.25,-48.56,-0.11639,12.58,0.80792,-17.006
15.8,0.011993,0.10452,-0.090106,-0.98998,-0.099997,0.087074,-0.001494,-0.81928,22.03,-1.8144,-49.37,-0.53802,11.039,0.32213,-17.073,0.034452,0.08164,-0.098701,-1.0049,-0.090247,0.080812,-0.00028402,-1.4632,21.598,-1.6883,-49.017,0.93888,10.908,-0.57485,-14.473
15.9,0.031439,0.092246,-0.07828,-0.98827,-0.082884,0.091483,0.0014224,-0.72049,22.517,-0.58961,-50.126,0.82709,12.875,0.14691,-16.293,0.012523,0.10695,-0.07159,-0.97813,-0.084919,0.094187,-0.00026865,-2.5011,21.905,0.23917,-48.713,1.688,11.918,1.6983,-13.576
16,0.020577,0.10429,-0.0922,-1.0102,-0.082508,0.087067,-0.0030087,-2.2446,22.023,0.60101,-48.594,0.267,13.358,2.0637,-15.989,0.041304,0.076262,-0.091346,-0.99472,-0.093319,0.099103,-0.01297,-1.3418,20.646,0.81453,-50.071,-0.23171,13.482,1.3252,-15.298
16.1,0.017898,0.078097,-0.059972,-1.0016,-0.09532,0.08862,-0.015737,-1.4965,20.667,0.48077,-48.374,0.92112,12.074,-0.54918,-14.944,0.040966,0.10153,-0.075301,-0.99719,-0.08539,0.091742,-0.008129,0.54368,21.561,-1.4857,-51.619,0.91217,12.381,1.2116,-14.493
16.2,0.037269,0.10004,-0.070488,-0.9961,-0.085881,0.09116,-0.0078635,-1.5089,21.532,-1.6751,-51.561,1.7184,14.423,-0.21266,-14.656,0.022934,0.08183,-0.069089,-1.0013,-0.091497,0.085213,-0.013399,-0.59338,21.094,-0.78921,-49.026,-0.20844,13.104,1.1684,-13.203
16.3,0.04795,0.072566,-0.094646,-0.9934,-0.080278,0.0971,-0.012117,-0.22459,19.062,-0.97429,-49.924,2.1736,11.244,0.9937,-13.031,0.040588,0.068198,-0.073697,-0.99449,-0.083731,0.088076,-0.008529,-0.84001,21.462,0.66744,-47.977,0.65322,13.969,-0.357,-15.194
16.4,0.033067,0.061928,-0.075644,-0.9865,-0.088504,0.094572,-0.0060665,-1.0287,20.738,-0.033824,-49.863,1.2262,15.928,-0.93067,-12.967,0.047419,0.073293,-0.071214,-0.99408,-0.092761,0.087641,-0.013695,-1.7186,19.371,0.8514,-50.218,1.1684,13.246,0.36791,-12.636
16.5,0.058368,0.059957,-0.082633,-0.99362,-0.088255,0.089795,0.0016656,-1.2791,20,1.5524,-49.199,1.2028,13.751,-1.1726,-14.304,0.034102,0.079282,-0.077949,-1.0109,-0.08128,0.089131,-0.010431,-0.31949,17.834,1.4629,-51.09,0.72195,13.293,1.311,-12.008
16.6,0.049174,0.068704,-0.083015,-0.99026,-0.085221,0.084262,-0.013132,-0.96577,17.477,2.2598,-49.04,0.78635,15.147,0.33091,-13.582,0.064923,0.080893,-0.076771,-0.99003,-0.072258,0.096071,-0.008256,0.96395,17.092,-1.3417,-50.149,0.68393,15.464,1.2956,-14.459
16.7,0.057321,0.073243,-0.062421,-0.98925,-0.07366,0.088432,-0.014265,0.83586,17.537,-1.3293,-50.097,0.50877,15.908,1.4,-14.712,0.042497,0.070941,-0.068248,-0.95622,-0.074136,0.093616,-0.014545,-2.5158,16.766,0.98053,-50.967,1.0712,15.331,-0.20313,-11.533
16.8,0.050194,0.049049,-0.071849,-0.97677,-0.072415,0.091792,-0.0014065,-1.8849,16.374,1.4818,-50.496,0.52849,16.105,1.087,-11.878,0.079337,0.048704,-0.067971,-0.99931,-0.072423,0.091935,-0.017906,-1.2867,17.382,0.068158,-50.446,-1.1709,15.705,-0.63315,-13.813
16.9,0.086144,0.051002,-0.062813,-0.99877,-0.065827,0.081487,-0.0031953,-1.5956,16.488,1.1083,-48.828,0.60956,15.865,2.5083,-12.595,0.047796,0.06633,-0.067809,-0.99127,-0.086623,0.092064,-0.01663,-1.6138,15.757,0.77851,-49.763,-1.7293,14.377,1.6335,-10.245
17,0.073284,0.049246,-0.070622,-0.99468,-0.06832,0.079044,-0.010028,-0.48739,16.979,1.8853,-49.526,-0.27357,15.252,0.76986,-11.386,0.058701,0.056076,-0.065502,-1.0053,-0.073335,0.087137,-0.019651,-1.7788,15.989,1.1184,-47.748,-0.00271,16.77,-1.3309,-9.9945
17.1,0.057135,0.04554,-0.060297,-0.99623,-0.06395,0.093703,-0.017779,-0.086487,15.945,1.3604,-49.577,0.91815,14.33,1.1261,-10.728,0.062097,0.041534,-0.057575,-0.97782,-0.067695,0.092069,-0.016646,-1.6207,15.131,1.3003,-47.636,1.1128,15.299,0.87489,-10.876
17.2,0.077262,0.037286,-0.064562,-0.9807,-0.0812,0.085242,-0.011912,-0.48336,15.95,0.5342,-47.59,-0.6326,15.44,1.7724,-9.5341,0.10176,0.049307,-0.078165,-0.99576,-0.065774,0.081933,-0.017111,-0.93893,15.599,1.5995,-48.592,1.4286,17.673,0.84886,-10.779
17.3,0.084465,0.01016,-0.049329,-0.99884,-0.061742,0.08817,-0.0088219,-1.3129,16.508,1.6212,-48.123,1.4707,16.33,0.068049,-9.2553,0.086344,0.043958,-0.057487,-0.98405,-0.061818,0.090306,-0.024194,-1.7172,17.028,2.6826,-50.505,1.5397,16.868,1.1166,-12.011
17.4,0.086466,0.04022,-0.057531,-0.99637,-0.061697,0.090643,-0.012535,-3.0954,14.221,0.26347,-45.273,0.96134,17.272,0.2556,-11.494,0.087022,0.035535,-0.060809,-0.99868,-0.074955,0.083108,-0.018812,-2.7596,16.03,2.1501,-47.188,1.7975,17.937,0.79866,-10.887
17.5,0.088744,0.027315,-0.043169,-0.97968,-0.063999,0.08484,-0.020714,-0.93283,14.169,0.38012,-46.657,-0.19723,17.395,1.4968,-8.3864,0.0845,0.048583,-0.055443,-1.0018,-0.065533,0.087805,-0.023944,0.11659,14.567,-0.57833,-46.187,0.29503,16.781,0.86066,-8.8316
17.6,0.093766,0.019614,-0.057267,-0.99301,-0.06281,0.088865,-0.023365,-1.1031,13.766,-0.29893,-47.967,1.0169,17.654,1.2715,-8.8651,0.08711,0.018007,-0.065666,-0.99525,-0.057309,0.080756,-0.033944,-0.73765,14.029,-0.10709,-48.242,1.0719,15.204,0.20016,-8.1717
17.7,0.10602,-0.0056033,-0.053307,-0.98827,-0.062283,0.083055,-0.017633,0.06648,13.389,0.49839,-46.256,-1.4174,17.851,-0.44339,-10.356,0.0994,0.016829,-0.062703,-0.9865,-0.064359,0.089334,-0.012042,-0.34118,12.403,0.97859,-48.167,0.52516,16.686,0.23653,-9.0027
17.8,0.10814,0.038203,-0.055666,-0.99561,-0.061753,0.088621,-0.019442,-1.7833,12.887,-0.85671,-45.131,1.3727,16.55,0.7588,-10.027,0.087631,0.019329,-0.052827,-1.006,-0.051772,0.094463,-0.020759,0.070859,12.98,-0.51957,-47.858,-0.023532,17.314,1.7163,-9.177
17.9,0.092038,0.018518,-0.053386,-1.0012,-0.057339,0.091362,-0.01586,-0.99471,11.187,1.5553,-46.768,1.0531,17.366,-0.097108,-9.2199,0.10938,0.007061,-0.048739,-1.0037,-0.056945,0.09038,-0.021448,-1.6153,13.646,1.7712,-44.819,-1.0433,18.26,1.0998,-8.4009
18,0.10772,-0.0062079,-0.041606,-0.98688,-0.052445,0.090997,-0.027227,-1.0536,10.959,1.0476,-45.795,1.4633,18.859,1.712,-6.1735,0.10717,0.014865,-0.05889,-1.0083,-0.052062,0.092416,-0.02564,-2.4118,12.279,1.4161,-44.889,-0.18574,17.848,0.72565,-7.6945
18.1,0.097087,-0.009225,-0.049226,-0.99979,-0.051649,0.092674,-0.02229,-1.006,10.495,0.54695,-45.927,1.765,17.823,0.97444,-8.7671,0.095712,-0.012107,-0.048882,-0.99251,-0.049946,0.079587,-0.032465,-0.98141,9.6933,-0.32782,-45.667,2.1949,17.72,-0.80704,-6.5462
18.2,0.11411,-0.0088817,-0.047931,-0.98213,-0.040584,0.08467,-0.030397,-1.1675,11.281,0.55883,-45.799,1.9765,17.919,0.24268,-9.01,0.11023,0.010088,-0.046,-0.99052,-0.042767,0.086125,-0.030945,-0.21618,10.162,1.8868,-45.531,0.52316,19.373,0.25234,-6.6793
18.3,0.10813,0.012126,-0.043154,-0.98574,-0.050085,0.083041,-0.028862,-1.7167,12.229,0.0081317,-46.47,1.7043,19.058,1.2459,-7.6863,0.11782,-0.024666,-0.055161,-0.96982,-0.046787,0.086999,-0.022901,0.035113,9.4945,0.47489,-45.264,-0.93563,18.611,0.047428,-7.2849
18.4,0.12903,0.0071364,-0.039407,-0.9761,-0.047723,0.087671,-0.034191,-0.6259,8.7355,1.7362,-44.49,-0.30927,18.901,1.8215,-7.9628,0.10206,-0.020626,-0.043858,-0.999,-0.04249,0.085384,-0.026357,-1.4677,9.5718,1.1109,-43.271,-1.0312,16.414,1.4331,-7.1824
18.5,0.12109,-0.010748,-0.038704,-0.98803,-0.038455,0.090446,-0.029695,-1.1502,12.357,-1.1398,-45.01,0.10786,17.985,1.1461,-6.9172,0.11863,-0.01594,-0.063888,-0.97399,-0.035737,0.080923,-0.026992,-1.4331,10.065,2.1885,-43.41,0.23028,19.025,1.8265,-8.6486
18.6,0.12817,-0.023345,-0.045406,-0.99412,-0.039633,0.081933,-0.028497,-1.2497,10.335,1.7781,-43.986,1.0389,18.246,0.91587,-4.7691,0.10943,-0.0082588,-0.047839,-0.98607,-0.035891,0.083002,-0.039911,-1.1495,8.3358,2.0136,-43.09,1.1394,17.506,0.01823,-5.0242
18.7,0.1112,-0.024283,-0.018932,-1.001,-0.037837,0.078444,-0.02644,-1.139,9.1718,0.97799,-44.137,2.2815,20.421,1.0076,-5.8274,0.13646,-0.018459,-0.027672,-0.99446,-0.037089,0.07516,-0.029056,-0.18598,8.87,0.63188,-43.649,1.2222,19.94,0.47721,-5.9505
18.8,0.11666,-0.027243,-0.041896,-0.98816,-0.026261,0.091724,-0.026879,-3.0324,8.5507,0.70131,-44.15,0.028807,19.204,-0.47921,-4.7995,0.11562,-0.026288,-0.03509,-0.98683,-0.033032,0.081666,-0.042714,-0.12374,8.2777,-0.022644,-42.142,-0.70619,18.815,1.7745,-4.5481
18.9,0.11969,-0.048547,-0.042333,-0.99903,-0.028368,0.082586,-0.029002,-0.74438,8.1571,1.5403,-42.145,-0.86531,18.018,0.21905,-6.3822,0.12926,-0.023764,-0.017436,-0.99345,-0.036512,0.084415,-0.037971,0.12803,8.1,2.8372,-42.119,-0.3425,19.086,1.5341,-4.0449
19,0.13251,-0.039673,-0.026829,-0.97878,-0.030287,0.073367,-0.029021,-1.5611,7.6272,0.75087,-42.143,-1.0216,19.832,-0.11946,-4.6242,0.10657,-0.024078,-0.040126,-0.98115,-0.032668,0.07985,-0.034966,0.50299,6.4895,1.5923,-43.247,1.5041,17.628,1.4323,-5.7611
19.1,0.131,-0.041276,-0.038037,-0.9892,-0.031297,0.081372,-0.02649,-1.4176,7.7375,1.0217,-42.958,-1.1077,17.915,0.24217,-5.668,0.11917,-0.039252,-0.028222,-0.99167,-0.024854,0.082434,-0.029499,-1.4005,6.6188,1.7811,-43.125,-0.61906,18.14,0.91763,-3.7791
19.2,0.12902,-0.02968,-0.025292,-0.98688,-0.028294,0.072079,-0.028971,-0.36418,7.1427,-0.57124,-41.618,0.96683,16.321,2.3555,-3.9279,0.12689,-0.043271,-0.027796,-0.98412,-0.032763,0.078704,-0.033178,-0.41164,5.5368,0.18859,-41.151,-1.4233,19.303,0.63728,-4.0561
19.3,0.12777,-0.058486,-0.0093068,-0.98536,-0.028691,0.079056,-0.033482,-0.83879,5.9702,-0.17891,-43.144,1.3955,18.064,-0.62099,-3.8303,0.12434,-0.03653,-0.02672,-0.96379,-0.029298,0.072325,-0.035143,-1.4392,6.407,0.20239,-42.29,-0.70115,17.107,2.4214,-3.2966
19.4,0.12617,-0.047529,-0.017372,-0.98845,-0.023542,0.068016,-0.036129,-2.3113,5.6693,-0.75941,-40.201,0.52216,16.851,0.10973,-2.4926,0.12902,-0.040945,-0.0079065,-0.98803,-0.018419,0.079292,-0.031544,-1.4715,5.9873,0.27241,-42.819,1.4249,17.618,1.715,-4.6068
19.5,0.13145,-0.041402,-0.031465,-0.98146,-0.026947,0.075472,-0.027559,-2.1818,3.1863,1.7891,-41.535,-1.8845,20.108,-0.11384,-4.1262,0.11888,-0.056127,-0.022548,-0.9871,-0.021362,0.070609,-0.030422,-1.636,6.2002,0.72966,-43.052,0.30388,17.861,-1.5296,-5.1722
19.6,0.13638,-0.046969,-0.035229,-0.98702,-0.016409,0.080551,-0.029674,-1.926,4.8114,1.5351,-40.967,-0.19147,15.59,2.1013,-5.0977,0.12994,-0.058732,-0.021167,-0.98141,-0.019052,0.07727,-0.030549,-1.2883,5.9955,0.7444,-39.791,1.6759,16.728,-0.17675,-3.6236
19.7,0.12234,-0.049784,-0.024717,-0.96661,-0.017173,0.071399,-0.031277,-0.49217,4.9902,1.3643,-40.346,0.39911,19.112,-0.37093,-3.298,0.14253,-0.039852,-0.0083638,-0.99856,-0.02256,0.073684,-0.034347,1.4508,4.8955,-1.0583,-41.685,0.68448,15.969,-1.3092,-3.9275
19.8,0.15822,-0.052938,-0.026675,-0.98206,-0.018498,0.075017,-0.030462,1.1351,4.2849,0.091657,-38.887,-0.25386,18.001,-1.433,-2.5038,0.14224,-0.076251,-0.0096567,-0.97829,-0.013459,0.071429,-0.026819,-0.84056,2.2239,-0.65321,-41.465,-0.014433,16.775,0.15633,-4.1699
19.9,0.12393,-0.061191,-0.0097642,-0.989,-0.014563,0.071925,-0.033459,0.65841,3.0035,0.55171,-40.209,-0.69263,15.502,-1.671,-6.2227,0.14974,-0.056574,-0.013552,-0.98892,-0.005368,0.075158,-0.024708,-1.0544,2.963,0.66223,-41.865,0.34678,16.991,1.1586,-4.7823
20,0.13349,-0.076641,-0.0007697,-0.97157,-0.018837,0.065922,-0.032615,0.31329,1.8734,3.4219,-39.571,1.0136,16.683,-1.8479,-2.1907,0.15446,-0.069286,-0.0081095,-0.97291,-0.016453,0.072679,-0.023382,0.067103,3.7734,-0.58642,-39.417,-1.6184,15.985,1.4575,-3.4239
20.1,0.14294,-0.05815,-0.010211,-0.98131,-0.015248,0.076141,-0.037241,-0.58437,3.5653,0.72919,-39.77,-2.5711,17.735,-1.2112,-4.5337,0.12165,-0.072486,-0.0047172,-0.99029,-0.016677,0.065051,-0.027335,-1.1427,0.77276,-0.41333,-40.84,-0.64099,14.723,0.60978,-3.7583
20.2,0.15743,-0.076794,-0.019112,-0.97915,-0.011152,0.075508,-0.030922,-1.6651,4.4184,-0.60535,-39.235,-0.81997,16.668,-0.66726,-3.8337,0.15593,-0.081004,-0.003143,-0.98735,-0.014008,0.070792,-0.022807,-0.70459,2.1321,2.1881,-38.746,-0.99757,15.792,-1.1646,-5.2313
20.3,0.10799,-0.080828,-0.016118,-0.98988,-0.013736,0.068874,-0.025339,-0.79856,2.7991,1.5192,-39.275,-0.7767,17.109,-0.67541,-3.0744,0.14169,-0.079462,-0.002466,-0.99901,-0.013953,0.063017,-0.035647,-1.6814,3.9407,1.9507,-39.11,-1.8362,16.125,-0.64076,-3.3015
20.4,0.1502,-0.090917,-0.0085949,-0.98545,-0.0068791,0.058762,-0.029937,-1.2857,0.89162,2.5941,-40.037,-0.64073,14.879,-2.4502,-4.9435,0.1435,-0.074944,-0.0028881,-0.99246,-0.0088117,0.054116,-0.024925,-1.3721,2.9825,0.60638,-40.687,-1.4494,17.614,1.1138,-3.5889
20.5,0.13172,-0.062969,0.0030958,-0.99149,-0.011836,0.071151,-0.022523,0.45004,2.1568,1.2545,-36.527,0.27396,13.46,1.4863,-2.0703,0.15472,-0.069482,0.010275,-0.97965,-0.013904,0.06875,-0.030772,-0.53742,0.4381,-1.1075,-38.264,-1.8917,15.146,0.57022,-5.7215
20.6,0.15407,-0.076884,-0.013456,-0.98674,-0.010046,0.058638,-0.029912,-1.9472,2.4097,0.37592,-37.375,-0.99077,14.652,-0.2027,-5.23,0.14069,-0.099109,0.010722,-0.97979,-0.0022746,0.071863,-0.039851,-2.1698,1.5467,0.78247,-37.182,-0.75777,14.685,-1.5355,-7.7012
20.7,0.15689,-0.066565,0.0012359,-0.99108,-0.0019607,0.069292,-0.027517,-1.902,-1.3158,-1.0081,-37.624,-0.2492,15.56,-1.8613,-4.6945,0.14782,-0.084403,-0.0023521,-0.98327,-0.0047719,0.064638,-0.02963,-0.89459,-0.22246,2.4884,-37.081,-0.83653,13.982,-1.0031,-5.0158
20.8,0.15025,-0.090326,0.024308,-1.009,0.0025076,0.067002,-0.018002,-2.3367,-1.2699,1.0207,-39.275,0.16613,13.584,-0.39021,-4.8526,0.15734,-0.089451,0.00068928,-0.98891,-0.0083864,0.061773,-0.012637,0.51367,0.097633,0.86381,-36.804,0.33903,14.362,-1.5194,-4.7307
20.9,0.14883,-0.086707,0.024443,-0.97461,-0.0032036,0.069542,-0.013652,-2.3102,-0.25616,-1.459,-36.781,-0.39723,13.399,-0.29772,-6.7717,0.13562,-0.095996,-0.014011,-0.98446,-0.0013076,0.063909,-0.014822,-1.7869,-2.7835,0.74659,-38.089,0.25261,15.36,-0.69382,-6.556
21,0.14231,-0.090645,0.010729,-0.97466,0.003872,0.056956,-0.017537,-0.88012,-2.5488,0.17901,-34.988,-2.4478,14.807,-0.044374,-5.5877,0.14587,-0.10741,0.0074582,-0.97564,0.0053613,0.062815,-0.023106,-2.0898,0.36145,1.422,-37.268,0.35795,13.9,-1.0224,-5.7412
21.1,0.135,-0.081358,-0.0058757,-0.99534,0.00099476,0.059898,-0.02527,-0.61853,-0.20023,0.091924,-38.752,-0.024616,14.362,-1.888,-5.35,0.13113,-0.095969,0.026302,-0.9959,-0.00075675,0.055055,-0.026621,-0.3401,-1.8672,1.9392,-37.751,-0.81069,14.797,-0.51613,-5.7028
21.2,0.14417,-0.11698,-0.0006103,-0.97565,0.0076401,0.066826,-0.017151,-1.692,-1.3295,-0.59562,-36.959,-1.1502,12.095,-0.39908,-6.558,0.13973,-0.11349,0.0063233,-0.9718,0.0060457,0.057085,-0.016415,-0.31418,-0.3419,0.36036,-35.374,-1.8926,15.279,-1.0803,-5.0416
21.3,0.15123,-0.10003,0.019101,-0.96704,0.0021717,0.057268,-0.014999,-1.6136,-0.48145,0.79661,-34.322,-1.4632,11.806,-1.7121,-4.5329,0.12312,-0.097086,0.0095575,-0.98482,-0.0079939,0.057044,-0.017024,-2.2999,-1.4895,1.7492,-34.801,-0.87203,12.448,0.44248,-7.4365
21.4,0.13862,-0.1065,0.003547,-0.97846,0.0018733,0.055995,-0.015937,-1.2512,-3.1844,0.38305,-35.16,-2.0663,14.084,1.0675,-6.8312,0.14449,-0.10343,0.025104,-0.97449,-0.001673,0.050646,-0.0088549,0.44169,-2.9227,1.0558,-33.744,-1.0524,11.512,-1.7132,-6.3342
21.5,0.13453,-0.1094,0.0040812,-0.99365,0.00263,0.046475,-0.012232,-1.8021,-3.0526,-0.16833,-35.393,-2.6836,11.272,-0.58475,-6.0259,0.14454,-0.10899,0.0099724,-0.97347,-0.0021168,0.054236,-0.019037,-1.1915,-3.8604,0.95854,-35.344,-0.28749,10.188,-1.0412,-5.567
21.6,0.14136,-0.11403,0.001722,-1.0047,0.0056718,0.063187,-0.016405,-2.8557,-2.5789,1.0455,-34.276,0.13313,13.266,-1.0765,-4.8403,0.1201,-0.11343,0.0011452,-0.98592,0.0039721,0.050226,-0.0091771,-1.7559,-3.5219,0.96213,-37.098,-1.1461,12.882,0.28256,-6.4244
21.7,0.13456,-0.10447,0.0091115,-0.99468,-0.0016747,0.048525,-0.011267,0.74422,-3.3,2.0367,-33.913,-0.19313,11.375,-0.70582,-9.3965,0.1481,-0.10135,0.0091863,-0.98504,-0.0075217,0.052717,-0.0095935,-0.30462,-3.9468,-0.26717,-35.394,-0.3142,12.232,-0.68649,-6.8695
21.8,0.13137,-0.13843,0.019149,-0.98966,0.010883,0.051581,-0.0066171,-0.65777,-3.5807,1.9795,-34.341,-0.64171,10.649,-0.90571,-6.8241,0.14964,-0.11039,0.030398,-0.98241,0.005141,0.041242,-0.012026,-0.11182,-4.6252,0.30604,-35.059,-1.4654,11.096,-0.093463,-5.5239
21.9,0.1456,-0.14446,0.010433,-0.96352,0.0035118,0.052831,-0.01833,-1.1132,-4.4705,1.4223,-32.806,-0.64479,9.5631,-1.6746,-7.1063,0.13192,-0.11226,0.015948,-0.9955,0.0013069,0.046148,-0.0054914,-0.60305,-3.2829,0.73182,-35.627,0.44607,9.8363,-0.85864,-6.5631
22,0.13795,-0.1369,0.011857,-0.98622,0.0074619,0.051309,-0.013723,0.27295,-3.2234,-1.1704,-32.744,-1.3304,11.674,0.21283,-4.8419,0.14508,-0.11686,0.0050602,-0.95719,0.01288,0.048606,-0.0046195,-1.8702,-4.3156,0.58131,-33.795,-2.0305,12.121,-1.4176,-7.2939
22.1,0.13266,-0.10771,0.021879,-0.97147,0.0088019,0.046805,-0.017261,1.0885,-5.0638,1.4816,-33.282,0.70023,9.951,-1.1782,-6.699,0.13987,-0.12559,0.020869,-0.96889,0.0047977,0.054196,-0.006886,-3.6428,-5.3536,0.90593,-34.248,-0.98766,11.57,-2.4849,-7.9595
22.2,0.12562,-0.11188,0.027962,-0.97522,0.008014,0.042303,-0.0080041,-1.3354,-6.4603,0.9465,-33.046,-1.3556,9.2863,-0.20702,-8.1823,0.13511,-0.11527,0.022279,-0.99454,0.011778,0.03467,-0.004233,-2.3364,-5.3145,-0.68835,-31.373,0.53735,11.115,-0.024873,-8.8319
22.3,0.14013,-0.11636,0.022217,-0.98199,0.020524,0.037651,-0.00074268,0.39056,-7.4594,0.58082,-34.375,-2.1937,10.202,-0.11228,-7.6094,0.14051,-0.1216,0.013939,-0.98863,0.01251,0.045586,0.00081273,0.76529,-4.8563,-0.61809,-31.375,-0.52336,9.8351,-0.23705,-6.6505
22.4,0.14736,-0.13185,0.030847,-0.99512,0.0086505,0.050122,-0.001806,0.13729,-5.5742,0.3406,-33.334,-1.2473,9.171,-2.9841,-9.5881,0.13905,-0.12041,0.023064,-0.99632,0.012359,0.029793,-0.0021668,-1.4929,-4.5246,-1.0607,-30.882,0.52015,8.8967,-0.89985,-9.1053
22.5,0.13877,-0.13307,0.0083695,-0.97922,0.013199,0.048756,-0.00046571,-0.31513,-7.6732,1.4369,-31.105,-1.0571,10.883,1.7062,-9.6041,0.13613,-0.14303,0.011741,-0.9766,0.018564,0.034967,0.0038517,-1.2596,-5.9664,0.65747,-31.593,-1.7758,10.238,-2.3263,-10.678
22.6,0.15128,-0.1319,0.0028049,-0.98841,0.0089114,0.029216,-0.0036098,-2.0683,-6.5689,0.10345,-32.639,-1.452,9.026,-2.0211,-10.451,0.14387,-0.095655,0.039746,-0.97958,0.012746,0.045966,-0.0067013,-0.97525,-4.6381,-0.38265,-30.476,-1.6044,9.5331,-1.0069,-9.5783
22.7,0.1347,-0.13909,0.021035,-0.98962,0.0205,0.031028,5.9835e-05,-1.5414,-6.8083,-0.26081,-30.685,-0.43415,9.6047,-0.7938,-9.735,0.13883,-0.15024,0.027109,-0.971,0.015256,0.040644,0.00025523,-3.1328,-6.2692,1.1866,-31,0.51072,7.4302,-0.5101,-9.0034
22.8,0.12638,-0.14144,0.031027,-0.97765,0.020176,0.037368,-0.00019384,0.27345,-6.3962,2.715,-29.687,-1.2928,9.5717,-0.49215,-10.521,0.11726,-0.1426,0.017284,-0.98714,0.020128,0.023011,-0.0075171,-1.3856,-6.543,-0.14927,-30.687,-0.96375,9.3079,-3.5122,-11.016
22.9,0.14251,-0.12521,0.015536,-0.96798,0.011567,0.028221,-0.0013053,0.2273,-7.9607,-1.1108,-29.606,-1.6701,9.0571,-2.5022,-8.7145,0.14681,-0.15063,0.032184,-0.98762,0.016817,0.036993,0.015171,-1.649,-6.5186,2.4915,-32.227,-0.33163,8.4927,-0.61476,-13.7
23,0.12486,-0.14239,0.018102,-0.96897,0.026544,0.027776,0.0035719,-0.51878,-7.3516,1.858,-29.353,-0.052867,10.487,-1.1415,-11.282,0.13633,-0.10886,0.025083,-0.96947,0.016328,0.033158,0.0064675,-2.4476,-9.27,0.74341,-27.274,-0.22236,8.2045,-2.7946,-10.273
23.1,0.13224,-0.12295,0.024837,-0.97272,0.0079235,0.015636,0.012307,-1.3402,-8.4843,1.7136,-31.977,0.10403,7.7432,0.79922,-12.792,0.12785,-0.13912,0.020364,-0.9674,0.0080807,0.027383,0.0010473,0.62519,-10.07,0.66682,-29.903,-0.62439,6.7334,0.63069,-10.943
23.2,0.12592,-0.13637,0.012629,-0.96502,0.018856,0.029206,0.0029112,-0.35613,-6.8104,2.3529,-28.886,0.47702,7.1892,1.5117,-12.338,0.14044,-0.15059,0.021797,-0.97346,0.018284,0.02955,0.0045121,-1.3802,-8.3542,-0.060961,-28.257,-0.81095,7.5064,-0.91247,-12.665
23.3,0.12395,-0.15969,0.02613,-0.98907,0.015297,0.029819,0.014358,-2.7696,-9.4001,1.6318,-29.544,-0.68672,6.6067,-0.21328,-11.781,0.12746,-0.15012,0.019419,-0.97925,0.016894,0.021205,0.009971,0.14464,-10.598,-1.0065,-28.326,-0.80602,6.9259,0.27763,-11.364
23.4,0.12919,-0.13364,0.02903,-0.98038,0.015588,0.021838,0.0079747,-0.47472,-8.7233,1.4393,-28.172,-0.93431,8.4796,-2.0449,-13.094,0.1253,-0.15401,0.02506,-0.99162,0.016191,0.024333,0.0088665,-0.42376,-8.3243,0.6043,-30.438,1.5072,8.1119,-0.43559,-12.103
23.5,0.13907,-0.15589,0.0284,-0.97103,0.01121,0.020881,0.012894,-0.13864,-11.637,1.1088,-30.888,0.39717,7.443,0.88794,-12.533,0.13418,-0.14478,0.0090839,-0.97757,0.021443,0.031081,0.009083,-1.6097,-8.7032,0.66702,-28.914,-1.1712,5.595,-2.1595,-13.459
23.6,0.12313,-0.15945,0.021003,-0.99421,0.025421,0.021194,0.011701,1.3939,-11.483,2.1706,-27.785,0.21547,7.2926,-1.773,-12.373,0.13342,-0.16275,0.045674,-0.97083,0.022731,0.020626,0.014612,-2.4086,-8.7677,-0.59756,-29.305,-0.04757,6.3877,-1.2775,-12.414
23.7,0.11788,-0.14137,0.014983,-0.96266,0.022857,0.023525,0.0060591,-2.1585,-11.406,2.9714,-26.158,-0.7046,7.1563,-2.0735,-14.383,0.13782,-0.15442,0.010514,-0.99644,0.017465,0.010912,0.016584,0.06708,-9.4993,-1.2005,-28.642,-0.38475,6.184,-0.011658,-11.693
23.8,0.12775,-0.14285,0.035234,-0.9762,0.021179,0.021604,0.011244,-1.7955,-12.255,1.5749,-30.887,-0.94617,5.6445,-0.6236,-12.946,0.12828,-0.15445,0.015936,-0.99143,0.033745,0.019435,0.018944,-0.16831,-12.598,1.8638,-27.864,0.42422,5.5823,-0.18318,-13.584
23.9,0.1321,-0.13741,0.02765,-0.96558,0.025273,0.01403,0.010499,-0.45935,-11.2,1.557,-27.398,0.26495,6.2375,0.23598,-13.581,0.13289,-0.15846,0.026346,-0.98565,0.02129,0.012498,0.0056586,-0.88576,-11.982,1.4042,-27.564,-0.053645,5.9619,0.25458,-13.956
24,0.13329,-0.14966,0.013823,-0.98322,0.025864,0.017619,0.012997,-0.75229,-10.716,0.52005,-25.796,0.9149,7.8554,-1.721,-14.747,0.11807,-0.13765,0.011409,-0.97115,0.019117,0.010283,0.020607,-2.1152,-10.171,-0.8425,-26.986,0.11028,4.9919,-0.27477,-14.77
24.1,0.10939,-0.15689,0.013231,-0.97534,0.017956,0.018645,0.0015526,-0.75804,-11.483,-1.2341,-26.76,-0.1537,6.1688,-2.3782,-14.29,0.12812,-0.14696,0.013839,-0.97378,0.018809,0.008064,0.010856,-0.96637,-12.626,1.8773,-27.762,0.35196,5.4538,-1.1395,-14.2
24.2,0.11517,-0.15946,0.029121,-0.99396,0.021981,0.010038,0.016312,-1.7028,-13.26,-0.53237,-26.014,-0.13727,7.5602,-0.739,-16.386,0.11374,-0.14501,0.014222,-0.99076,0.02497,0.012497,0.017424,0.010015,-13.863,1.243,-28.378,-0.48955,5.3241,0.089521,-14.872
24.3,0.11408,-0.14823,0.013823,-0.96925,0.023248,0.0056192,0.019729,0.083364,-13.285,2.2213,-27.296,0.31945,7.4625,-0.62653,-14.142,0.14676,-0.15228,0.0010291,-0.996,0.020636,0.0078458,0.019979,-0.63414,-14.646,0.74103,-26.791,-1.263,8.7888,-0.2733,-14.751
24.4,0.11135,-0.16155,0.016744,-0.97021,0.020554,0.014183,0.017572,0.043577,-14.621,0.48043,-25.235,-1.6668,3.4496,-1.3968,-16.609,0.11802,-0.15014,0.014287,-0.98809,0.036247,0.010365,0.017415,-2.2957,-11.821,0.85541,-24.818,-1.5627,6.311,0.16247,-14.836
24.5,0.12838,-0.14922,0.022615,-0.98641,0.016514,0.002589,0.017659,-0.36165,-14.092,1.2026,-25.959,-0.97988,5.8563,-1.3232,-15.426,0.12007,-0.14797,0.025942,-0.9721,0.024787,0.014225,0.024104,-1.4704,-15.038,2.4022,-25.088,-0.40988,4.4857,-2.6566,-15.268
24.6,0.11731,-0.1455,0.019617,-0.9757,0.028192,0.0074106,0.023969,-1.631,-14.764,0.84936,-24.605,0.93617,5.2268,-1.8208,-18.944,0.11419,-0.14604,0.017327,-0.98635,0.02923,0.0045721,0.017104,-1.7679,-13.598,-0.37303,-25.571,-0.4693,4.2588,-2.7001,-17.537
24.7,0.11058,-0.14877,0.0092612,-0.98643,0.025816,0.006181,0.024034,-2.0306,-13.934,1.2549,-23.232,2.5343,5.2466,-2.1929,-15.796,0.10348,-0.1584,0.028658,-0.97946,0.040283,-0.0063868,0.021016,-0.43678,-14.547,1.884,-25.525,-0.79745,5.6672,0.26902,-17.422
24.8,0.12544,-0.16207,0.018908,-0.98517,0.020863,0.003219,0.027559,-1.2114,-14.563,1.2383,-25.797,-0.08383,6.1168,-1.7437,-17.207,0.11577,-0.15213,0.02743,-0.98633,0.01967,-0.0016269,0.025703,-0.24075,-16.884,0.72656,-25.025,-0.92297,5.6222,0.73444,-15.897
24.9,0.11928,-0.16773,0.017182,-0.97463,0.036388,-0.0014243,0.031495,-0.014904,-15.58,0.47531,-25.154,0.28842,5.9716,-1.6468,-18.172,0.12016,-0.14392,0.011224,-0.98102,0.024826,0.00049819,0.018149,-0.45913,-13.748,3.1707,-23.279,0.56181,6.6991,-0.93344,-18.055
25,0.11249,-0.14669,0.0020767,-1.0016,0.031224,0.0024421,0.026384,-2.2545,-15.837,0.051609,-23.46,0.20402,5.2819,-1.3427,-15.449,0.11201,-0.15937,0.0091834,-0.99115,0.031735,0.0015602,0.021342,-0.42458,-15.595,1.2241,-23.151,-0.67621,4.7674,-2.013,-18.858
25.1,0.11049,-0.15784,0.0057919,-0.97979,0.029797,-4.3607e-05,0.029962,0.55189,-17.245,2.1103,-21.502,-0.45952,5.0048,-0.832,-17.34,0.12252,-0.165,0.0036402,-0.95967,0.03308,-0.0037426,0.020806,-0.32428,-15.138,-0.15263,-23.658,-0.10286,4.3549,-2.4288,-19.625
25.2,0.10658,-0.15386,0.03354,-0.98084,0.024985,-0.0025986,0.027005,-1.9761,-17.475,2.0892,-23.273,0.24685,6.3446,0.08623,-17.792,0.13083,-0.1573,0.0037939,-0.98228,0.034444,0.005549,0.040452,0.73965,-14.961,1.8148,-24.017,-0.9105,4.0906,-0.91031,-18.652
25.3,0.1011,-0.15763,0.007986,-0.97084,0.03398,0.0014762,0.026087,0.27438,-17.199,-0.77728,-22.944,2.0667,5.0577,-2.6936,-20.253,0.10437,-0.15799,2.9832e-05,-0.99489,0.027683,-0.008448,0.025318,-0.62317,-16.904,1.5222,-21.645,0.7137,4.6121,-0.030674,-17.235
25.4,0.091606,-0.14394,0.023174,-0.96438,0.030802,0.00019351,0.024705,-1.5266,-17.792,0.27808,-22.499,0.1337,4.9901,-0.61844,-17.008,0.10195,-0.15524,0.0032402,-0.98088,0.026346,-0.0059285,0.016905,-1.6552,-18.081,0.92882,-22.246,0.92929,3.8785,-1.1975,-18.301
25.5,0.10444,-0.15492,0.0092561,-0.98555,0.034449,-0.0019988,0.031947,-1.2775,-17.788,1.6888,-21.904,-1.2745,7.9644,-0.48852,-19.416,0.096343,-0.12682,-0.0079136,-0.97529,0.035189,-0.0035678,0.020943,-0.94615,-18.346,1.1918,-21.547,-0.3815,6.7508,-1.4546,-19.234
25.6,0.10891,-0.14769,0.0084035,-0.97768,0.037827,-0.012407,0.028619,-0.04246,-18.807,-1.3342,-23.323,0.20575,4.439,-0.042589,-18.714,0.097817,-0.15883,0.0036087,-0.97151,0.046313,-0.0074358,0.02751,-0.60043,-17.99,0.50971,-21.976,0.1768,8.1983,-1.6436,-20.848
25.7,0.11584,-0.14979,0.010735,-0.97796,0.03445,-0.0015953,0.025035,-0.1254,-18.984,0.47941,-20.562,0.80627,7.5863,-1.7881,-19.591,0.10769,-0.16485,0.018277,-0.99988,0.029936,-0.013692,0.021319,-1.3298,-19.333,-0.21792,-21.436,0.66564,5.6126,-1.1652,-18.748
25.8,0.094996,-0.15542,-0.016404,-0.99533,0.032726,-0.011987,0.022503,0.030772,-18.662,-0.33284,-20.971,1.5514,7.5779,-2.0871,-20.921,0.10848,-0.15211,-0.0029791,-0.97511,0.042811,-0.0091492,0.03114,-0.88813,-19.028,0.53955,-20.402,-0.36651,5.1444,-0.30528,-19.544
25.9,0.091044,-0.1589,0.0020284,-0.98075,0.031602,-0.0088165,0.033751,-1.1758,-21.374,2.2952,-20.95,0.80756,7.3385,0.40646,-19.565,0.10296,-0.16936,0.012485,-0.97353,0.03783,-0.015519,0.023396,-1.0248,-19.434,-0.78954,-21.995,-0.73587,7.0595,-0.82424,-19.461
26,0.098511,-0.16221,0.0073542,-0.98388,0.04599,-0.0086126,0.033699,-0.58764,-16.138,-0.21682,-19.814,0.7276,6.6722,-1.2903,-21.738,0.086822,-0.15304,-0.024831,-0.99488,0.042727,-0.013882,0.02272,-1.9391,-19.984,-0.4127,-21.375,1.0627,7.1248,0.77159,-21.612
26.1,0.092325,-0.13813,-0.0025791,-0.99184,0.040882,-0.014593,0.022818,-1.3596,-22.33,3.0478,-21.456,0.2977,8.0564,-1.1572,-19.416,0.084757,-0.16312,-0.0023009,-0.99036,0.044292,-0.013825,0.02969,-3.2279,-20.761,1.5181,-20.179,-0.42905,7.4385,-0.95328,-21
26.2,0.10437,-0.13959,0.0071226,-0.98567,0.03649,-0.022684,0.020634,-2.9418,-21.26,0.44233,-18.95,3.0096,7.5953,-1.6458,-22.589,0.0928,-0.1438,0.0037158,-0.98097,0.044193,-0.017629,0.030556,-1.7336,-20.317,0.54156,-19.712,-0.0083035,7.8059,-1.1697,-21.056
26.3,0.10611,-0.147,-0.0010218,-0.98296,0.044326,-0.017467,0.026996,0.23304,-20.496,0.97783,-18.715,0.6338,6.951,-0.84085,-19.644,0.094381,-0.14556,0.0092743,-0.98278,0.046451,-0.020676,0.022053,0.68949,-22.409,1.6453,-19.181,1.1678,8.1616,-0.47892,-20.95
26.4,0.086591,-0.13625,-0.018979,-0.98591,0.036133,-0.017569,0.025705,0.26811,-22.126,0.20109,-19.817,-0.4469,7.4836,-0.4149,-23.076,0.095865,-0.1393,0.016703,-0.97401,0.04196,-0.020153,0.031536,-1.4343,-22.343,-0.994,-19.381,-0.95695,9.5088,0.069157,-22.369
26.5,0.07373,-0.15645,-0.010382,-0.97139,0.040669,-0.016833,0.029839,-0.9287,-22.664,1.4109,-18.846,1.1925,10.256,-1.8422,-21.187,0.073801,-0.16991,-0.0078891,-0.99742,0.036323,-0.021199,0.035483,-2.5047,-22.706,0.99644,-19.624,0.29993,8.1256,-1.5102,-21.357
26.6,0.090697,-0.14916,0.0074237,-0.96669,0.043748,-0.028734,0.02973,-0.93253,-22.475,0.34929,-18.637,1.7076,7.9243,-0.12247,-24.191,0.078335,-0.14269,-0.013742,-0.99616,0.039116,-0.014421,0.017977,-1.9634,-21.872,0.27139,-17.525,1.9618,7.6231,-0.38441,-22.929
26.7,0.061874,-0.14512,-7.2435e-05,-0.97859,0.042892,-0.026695,0.039883,-1.6415,-22.116,0.77637,-18.025,2.489,9.9616,-0.51323,-22.102,0.072891,-0.14932,-0.0038382,-0.99488,0.044276,-0.022627,0.031148,-1.5142,-22.273,0.34825,-18.963,1.7425,8.8816,-1.5777,-22.731
26.8,0.064819,-0.13004,-0.0089233,-0.99753,0.054012,-0.019573,0.028979,-1.2291,-23.816,0.47209,-16.149,1.077,9.6669,-2.4166,-22.884,0.067324,-0.13825,-0.012862,-0.97814,0.048251,-0.024474,0.021736,-1.7495,-23.388,-1.0464,-18.184,1.9519,8.8441,-1.1553,-21.779
26.9,0.075067,-0.132,-0.021827,-0.97624,0.036111,-0.032035,0.02904,0.4538,-24.149,2.7707,-19.822,0.85501,8.9875,-1.3769,-23.88,0.052528,-0.14455,-0.022436,-0.97221,0.047323,-0.01936,0.021994,0.41201,-24.875,1.7811,-17.029,0.62419,8.1765,1.1876,-24.752
27,0.078064,-0.1404,0.0065365,-0.97835,0.043509,-0.032885,0.023665,-1.2723,-25.428,1.6439,-17.928,0.82501,9.3758,-2.655,-24.36,0.064718,-0.14614,-0.014567,-0.99003,0.041586,-0.030121,0.021593,-1.7499,-21.955,-1.3042,-17.974,-0.048113,9.5533,-0.43018,-24.239
27.1,0.061585,-0.13793,-0.011511,-0.97671,0.037876,-0.029368,0.012295,-0.19265,-24.112,1.6386,-17.188,1.55,9.2292,-0.67722,-24.248,0.071137,-0.14712,-0.014488,-0.99341,0.04746,-0.026173,0.026761,-1.8008,-22.916,1.5517,-18.43,-0.42528,10.743,-0.38422,-23.642
27.2,0.069161,-0.14856,-0.017974,-0.985,0.047209,-0.032663,0.030182,-0.2879,-26.168,0.31069,-17.73,0.039491,10.689,-0.65231,-23.175,0.062811,-0.13525,-0.019561,-1.0103,0.045396,-0.028558,0.027448,-0.48985,-24.268,-0.34171,-16.867,0.62818,9.4224,-0.79247,-25.725
27.3,0.061455,-0.15667,0.00083388,-1.0002,0.041267,-0.02967,0.026038,-0.24034,-24.886,0.21039,-14.815,0.72906,10.939,-0.57915,-24.781,0.060096,-0.13162,-0.018841,-0.99239,0.044841,-0.029516,0.025086,-1.9206,-25.187,-0.53764,-15.504,1.5806,9.3227,-1.5442,-24.265
27.4,0.056279,-0.15129,-0.028172,-0.98525,0.050132,-0.024311,0.030393,0.10458,-25.184,0.64491,-16.528,0.84197,11.751,0.19921,-25.024,0.074485,-0.14211,-0.036122,-0.98938,0.050961,-0.027355,0.024089,-1.9118,-24.681,0.61417,-17.042,0.61396,8.9865,0.30942,-25.052
27.5,0.042579,-0.14426,-0.0065962,-0.99543,0.039807,-0.031164,0.02604,-0.89548,-25.287,0.56672,-17.173,1.6136,10.897,-0.45949,-24.457,0.043902,-0.11778,-0.014505,-0.98358,0.051078,-0.034884,0.029116,-1.0797,-25.432,1.6771,-15.43,1.9667,10.469,-0.78312,-23.782
27.6,0.038895,-0.15833,-0.015042,-0.97963,0.053183,-0.032986,0.019017,-0.028733,-26.888,0.25322,-16.318,0.24994,9.6896,1.2675,-23.825,0.072043,-0.10894,-0.034329,-0.99558,0.052487,-0.038241,0.024253,-2.3674,-23.498,0.14183,-14.608,0.2418,11.405,-0.67831,-24.155
27.7,0.041088,-0.1226,-0.017869,-0.98921,0.04494,-0.040627,0.031981,-0.57676,-25.816,1.5295,-17.169,1.8724,7.3163,0.7443,-25.117,0.043136,-0.12193,0.0058009,-0.98764,0.051272,-0.042841,0.022035,0.83904,-26.109,0.27678,-15.092,1.1005,11.731,-0.27233,-23.742
27.8,0.040197,-0.13049,-0.030257,-0.99063,0.048427,-0.040325,0.026779,0.06052,-25,2.3083,-14.11,0.08836,10.577,-0.56135,-25.008,0.051552,-0.12922,-0.022303,-0.98501,0.045837,-0.039749,0.031204,-1.1219,-27.434,0.1304,-17.27,1.6183,10.795,-0.52459,-25.47
27.9,0.05849,-0.13834,-0.030912,-0.97773,0.045866,-0.038335,0.022905,1.3506,-26.6,-0.24142,-14.444,0.28551,11.923,-0.80821,-27.363,0.046849,-0.12005,-0.022065,-0.99141,0.04727,-0.039622,0.029972,0.41732,-25.262,1.8208,-14.171,-0.81557,12.313,-1.6684,-27.641
28,0.047416,-0.12969,-0.011951,-0.99712,0.045579,-0.040982,0.02494,-0.24949,-26.498,1.9781,-14.853,-0.64019,10.942,0.020154,-24.136,0.056272,-0.12699,-0.024097,-1.0097,0.038652,-0.051611,0.03131,-1.0541,-26.636,0.004694,-13.986,0.62502,10.437,-0.90574,-27.402
28.1,0.037363,-0.13996,-0.028174,-0.97763,0.047116,-0.045246,0.02657,-1.2079,-24.651,0.37454,-13.298,1.4429,11.338,0.050311,-26.998,0.039657,-0.11889,-0.0138,-1.0013,0.042657,-0.0444,0.02633,0.38457,-26.359,-1.0019,-15.882,0.25342,12.647,-1.2455,-25.967
28.2,0.038814,-0.10754,-0.011528,-0.98406,0.048901,-0.050957,0.034276,0.11874,-25.573,1.7496,-12.839,1.8091,11.849,0.11922,-29.376,0.042653,-0.12266,-0.041099,-0.97819,0.044447,-0.051791,0.0257,0.15457,-25.343,0.70264,-14.292,1.3359,14.334,-2.0321,-27.743
28.3,0.039246,-0.11975,-0.036895,-0.99643,0.0518,-0.050185,0.031371,-0.22449,-24.515,1.293,-13.613,1.5736,13.065,-0.66013,-27.698,0.026181,-0.11554,-0.017719,-0.99701,0.049932,-0.048187,0.020409,-1.3342,-27.075,-0.72769,-14.369,1.0093,11.286,-1.2693,-26.328
28.4,0.035712,-0.11086,-0.028424,-0.99836,0.047947,-0.040365,0.022714,-0.99918,-24.943,2.2645,-13.517,1.4009,13.46,-0.21209,-27.528,0.033123,-0.11554,-0.019435,-0.98573,0.046105,-0.042251,0.022161,-0.12931,-25.881,0.24197,-13.874,0.87715,12.489,-0.3982,-27.885
28.5,0.047914,-0.12105,-0.042366,-0.98826,0.040581,-0.050087,0.028986,-0.027834,-25.031,0.73571,-13.48,1.0859,14.424,0.85778,-27.959,0.051141,-0.134,-0.026734,-1.0007,0.050265,-0.051312,0.039306,0.67887,-25.785,0.32877,-13.717,-0.6769,12.722,0.26997,-29.096
28.6,0.049812,-0.12142,-0.029264,-0.9977,0.038171,-0.051789,0.027992,-0.38274,-24.888,0.069657,-12.73,1.4454,12.79,-1.2968,-29.108,0.034305,-0.10341,-0.026647,-0.98122,0.03865,-0.058711,0.035341,-0.66959,-25.468,0.4452,-11.937,0.97704,14.359,1.1269,-29.249
28.7,0.041767,-0.11922,-0.031297,-0.98383,0.041015,-0.055157,0.022852,1.8328,-23.97,0.59554,-13.41,2.468,12.163,-1.0491,-28.972,0.03317,-0.09498,-0.033664,-0.98927,0.049078,-0.051092,0.018065,2,-25.928,-0.51172,-13.804,2.0955,14.196,-0.52826,-29.634
28.8,0.031601,-0.11357,-0.023861,-0.99333,0.033236,-0.051228,0.019869,0.60001,-25.907,0.69408,-12.373,0.57155,16.004,-2.9372,-27.859,0.030084,-0.089883,-0.022892,-0.99737,0.039915,-0.056365,0.02732,-1.163,-26.57,0.58002,-10.315,2.0074,16.045,0.9613,-25.933
28.9,0.035681,-0.10606,-0.034198,-0.99586,0.048116,-0.056369,0.01587,-0.36071,-24.176,1.6149,-11.532,0.41287,14.179,-3.0298,-27.708,0.024527,-0.11501,-0.050102,-0.98735,0.03914,-0.050139,0.023467,1.321,-26.074,0.91433,-11.958,0.26177,14.527,-1.0587,-28.479
29,0.024976,-0.095772,-0.020583,-0.97345,0.045764,-0.053056,0.022447,-0.35362,-26.069,2.0708,-9.628,1.2888,12.665,0.047032,-27.705,0.030725,-0.11586,-0.035751,-1.0007,0.033465,-0.046535,0.017684,0.31394,-22.914,1.352,-12.862,0.06054,12.529,1.4226,-28.443
29.1,0.033286,-0.10097,-0.025954,-1.0058,0.036119,-0.055443,0.019717,1.5542,-23.598,-0.1394,-10.6,2.0785,14.253,-1.1637,-29.397,0.035148,-0.10747,-0.034961,-0.9973,0.047339,-0.05434,0.027805,0.11862,-23.699,1.5932,-10.616,0.37193,15.402,0.25343,-28.608
29.2,0.0011101,-0.10166,-0.03688,-0.97927,0.035827,-0.064089,0.019332,0.12021,-25.078,-0.6742,-10.669,0.77598,15.461,0.79136,-29.534,0.017268,-0.097055,-0.04054,-1.0022,0.039769,-0.052518,0.02161,2.0385,-24.589,1.62,-11.405,0.6187,14.881,0.12344,-27.721
29.3,0.024856,-0.096808,-0.04306,-1.0003,0.04155,-0.05012,0.023829,1.3098,-25.539,1.0335,-10.75,0.80177,15.114,-0.75502,-29.42,0.011755,-0.10498,-0.032202,-0.99655,0.038397,-0.05745,0.022409,0.46578,-23.993,2.009,-9.8565,0.91796,15.645,-1.0249,-27.89
29.4,0.00065692,-0.085973,-0.046437,-1.0058,0.034052,-0.059283,0.028989,0.55798,-23.191,0.10365,-10.959,1.6945,14.995,2.0961,-30.245,0.010825,-0.085957,-0.030594,-0.98622,0.041377,-0.060987,0.022901,0.095648,-23.528,2.5553,-10.186,-0.62014,15.613,1.9011,-30.135
29.5,0.017442,-0.075953,-0.028773,-0.9888,0.032546,-0.065763,0.017339,2.3514,-22.382,-0.28497,-8.5693,0.0094211,16.738,-0.54624,-28.083,-0.0038943,-0.08924,-0.043755,-0.99189,0.040175,-0.057917,0.017981,0.26702,-22.738,-0.95467,-9.7186,1.2635,16.978,-0.53912,-29.059
29.6,0.017906,-0.086789,-0.047623,-0.99995,0.032157,-0.058545,0.016521,-0.99749,-22.454,-0.28239,-9.2882,0.96886,16.277,0.79184,-27.269,0.011985,-0.073308,-0.037684,-0.99967,0.036423,-0.06382,0.010523,0.8069,-22.833,0.69983,-9.5083,3.0537,16.016,-0.80861,-27.576
29.7,0.0015548,-0.0823,-0.037374,-0.99947,0.040231,-0.062606,0.018236,2.2909,-23.275,0.40937,-8.5507,1.0385,16.124,0.4135,-26.693,-0.0094905,-0.079785,-0.047257,-0.9807,0.041731,-0.064789,0.02087,-0.48247,-23.509,0.60919,-9.5351,1.2093,17.431,1.5217,-26.827
29.8,0.0050145,-0.075056,-0.02027,-0.99906,0.033098,-0.057151,0.019213,-0.6081,-20.98,0.090094,-9.4396,0.12419,15.147,1.3768,-28.083,-0.0010671,-0.10561,-0.052606,-0.98697,0.039138,-0.058658,0.016998,-0.52549,-21.923,1.5363,-9.4694,2.1166,15.815,-0.22905,-26.801
29.9,0.0085629,-0.074882,-0.041437,-0.9924,0.035578,-0.058675,0.024494,1.0013,-25.163,1.0508,-8.6987,-0.28426,16.961,-0.71976,-28.069,0.017608,-0.090057,-0.044182,-0.98708,0.027623,-0.065524,0.01709,0.68851,-21.013,-0.38225,-6.2144,0.34477,16.798,2.5842,-26.804
30,-0.0060085,-0.069701,-0.042532,-0.99187,0.041134,-0.059577,0.021917,1.0186,-22.248,0.75561,-8.4571,0.027033,14.926,1.0814,-26.679,-0.0071964,-0.086639,-0.033682,-0.98838,0.031878,-0.063163,0.012962,1.4402,-20.528,0.54196,-9.6658,-0.89172,18.365,0.51982,-26.927
30.1,0.0099575,-0.077957,-0.036797,-1.0053,0.042173,-0.067054,0.015816,1.1304,-21.59,1.2507,-7.0686,2.4069,15.371,0.60948,-27.041,0.0081147,-0.073384,-0.053357,-1.0181,0.035565,-0.068811,0.015753,0.28026,-20.517,1.6662,-6.5419,0.52253,16.836,2.4256,-26.115
30.2,-0.00029059,-0.078761,-0.057636,-0.98678,0.036148,-0.057665,0.022992,1.9744,-18.702,-1.0733,-5.7018,0.055697,18.093,-0.2852,-26.411,-0.012493,-0.059434,-0.044996,-0.99616,0.029624,-0.06016,0.020512,0.54833,-20.007,0.88834,-8.6111,1.6383,17.073,1.2982,-24.875
30.3,-0.0071602,-0.069737,-0.036103,-0.98364,0.030767,-0.062565,0.0036675,-0.18759,-21.089,0.98534,-7.0452,-0.036078,16.319,-0.061169,-25.091,-0.0081512,-0.044943,-0.041697,-1.0032,0.035838,-0.061351,0.010736,0.35674,-20.554,0.75606,-9.3572,-0.95924,17.028,1.3363,-24.052
30.4,-0.019333,-0.062731,-0.032292,-0.98245,0.032402,-0.062998,0.014902,0.77662,-19.37,-0.33632,-6.9043,0.93174,20.308,0.48093,-24.337,-0.012999,-0.052068,-0.034674,-0.99989,0.03422,-0.054454,0.0056479,2.1162,-20.915,-0.97319,-5.416,0.74398,17.576,0.78889,-25.022
30.5,-0.026093,-0.059392,-0.023215,-0.98791,0.029695,-0.06407,0.010436,1.3393,-19.87,0.72118,-8.6802,-1.4436,19.14,1.213,-24.329,-0.0090558,-0.075757,-0.031225,-1.006,0.025234,-0.069069,0.0048083,0.85486,-20.585,0.97841,-6.9003,0.22286,18.584,1.0654,-25.739
30.6,-0.0098421,-0.043136,-0.040998,-0.98214,0.028884,-0.062957,0.013542,-0.78152,-20.789,1.8045,-6.526,-0.12051,18.691,0.065243,-24.188,0.00070642,-0.045034,-0.059444,-1.0066,0.032056,-0.061972,-0.0044744,0.31454,-18.627,-1.2231,-6.0469,1.4966,18.324,1.9825,-24.073
30.7,-0.023589,-0.0698,-0.035596,-0.99614,0.030626,-0.056735,0.012763,0.38377,-18.785,0.15989,-6.3544,2.4539,18.181,0.4425,-23.875,-0.017853,-0.043217,-0.056962,-1.0042,0.03775,-0.056256,0.012665,0.2199,-20.347,-0.91779,-8.3891,1.2855,18.912,-1.2755,-23.321
30.8,-0.0085409,-0.037266,-0.051936,-1.0005,0.032776,-0.061601,0.012341,2.0485,-18.956,0.11667,-8.49,2.122,20.194,1.7634,-26.515,-0.017504,-0.032622,-0.03807,-1.0036,0.025472,-0.060516,0.0023993,1.5892,-19.663,0.59034,-7.2243,0.3942,18.591,0.86609,-24.314
30.9,-0.017403,-0.038731,-0.045811,-1.0068,0.02769,-0.066797,0.00097105,0.80776,-19.054,0.49904,-9.9184,2.5155,18.376,0.68739,-25.759,-0.028113,-0.051587,-0.043662,-1.0007,0.020508,-0.066878,-0.0026656,1.9549,-19.044,-0.44174,-8.2574,0.41448,18.114,0.3691,-23.268
31,-0.02053,-0.056265,-0.047859,-0.98595,0.027722,-0.062767,0.003259,0.33142,-18.536,-1.7845,-9.0502,1.221,19.309,0.56603,-22.527,-0.0097198,-0.041582,-0.028149,-0.99342,0.028256,-0.067052,0.0008923,0.8885,-16.735,-2.6068,-8.679,-0.056299,19.517,-0.71787,-22.401
31.1,-0.018608,-0.053856,-0.037982,-1.0088,0.022148,-0.0608,0.007071,0.19864,-17.949,-0.92504,-8.9307,0.52831,19.999,-1.7565,-24.1,-0.030344,-0.044612,-0.033967,-0.99548,0.032129,-0.066448,0.0077354,0.4519,-17.75,-0.49588,-8.5977,0.76827,20.942,2.0168,-24.16
31.2,-0.023578,-0.050239,-0.040502,-1.002,0.030745,-0.065623,0.0041509,-0.54264,-19.096,-0.26646,-8.2463,-0.076197,21.59,-0.86479,-23.121,-0.031261,-0.036308,-0.042446,-0.99712,0.032928,-0.062541,0.010307,0.6839,-17.381,-0.82945,-8.5943,1.6178,18.412,0.31883,-23.332
31.3,-0.037713,-0.038946,-0.033548,-0.99384,0.027132,-0.055002,0.0037985,0.095449,-17.842,0.76171,-9.1115,2.4353,20.425,0.079855,-22.357,-0.044027,-0.02783,-0.037001,-0.98902,0.023488,-0.058347,0.0049249,-0.12875,-17.657,-1.5031,-8.5329,1.8083,21.835,0.50051,-22.255
31.4,-0.025411,-0.022803,-0.033271,-1.0029,0.022793,-0.054667,0.005989,0.61964,-18.164,0.19036,-9.2225,2.672,20.167,1.1707,-20.498,-0.0097022,-0.030775,-0.045381,-0.99359,0.033012,-0.048204,0.0067529,1.0205,-15.945,-2.0039,-8.8011,0.30718,19.79,-0.5362,-20.679
31.5,-0.016988,-0.017169,-0.040458,-0.99294,0.03382,-0.053609,0.00046984,0.94174,-14.744,0.3942,-9.0132,1.4334,21.167,1.4268,-21.751,-0.017047,-0.044117,-0.039432,-1.009,0.027286,-0.058642,0.0033814,0.45818,-16.689,0.31487,-9.2928,0.51957,22.025,1.1167,-20.506
31.6,-0.027104,-0.023099,-0.05279,-0.99509,0.028044,-0.050713,-0.0027584,0.23555,-15.651,-1.7771,-12.161,2.5115,21.609,0.44981,-23.551,-0.022507,-0.027653,-0.032074,-1.0165,0.028612,-0.050324,0.00049712,0.34425,-16.817,-0.26815,-9.8072,-0.5527,20.38,1.6571,-21.79
31.7,-0.019756,-0.025519,-0.03846,-1.0032,0.026179,-0.056614,-0.0023133,1.8999,-14.502,-0.76036,-9.6268,2.296,21.236,1.1232,-20.323,-0.0076252,-0.033576,-0.054922,-0.99177,0.024897,-0.051891,-0.013113,-0.50802,-16.99,-2.0108,-11.673,0.93711,20.966,0.27247,-20.125
31.8,-0.028691,-0.02616,-0.040127,-0.99621,0.03276,-0.058392,-0.0054042,0.15166,-16.001,-1.5634,-11.174,0.55301,21.935,1.2569,-22.207,-0.031129,-0.017846,-0.043887,-0.99064,0.024795,-0.055684,-0.0064307,0.38979,-14.914,0.33136,-11.148,-0.42489,20.103,-2.232,-20.162
31.9,-0.021658,-0.0089055,-0.040076,-1.0074,0.020631,-0.036812,0.0045765,1.4475,-16.414,0.18577,-11.393,0.3973,21.092,1.2836,-22.45,-0.027628,-0.029336,-0.04131,-1.001,0.024993,-0.050904,-0.0034565,-0.54856,-15.266,-2.7883,-11.351,0.701,21.839,0.95853,-21.795
32,-0.040731,-0.0067243,-0.045634,-0.99299,0.017872,-0.044751,-0.00045364,-1.694,-17.521,-0.67379,-12.749,-0.45875,22.207,2.4484,-20.245,-0.015093,-0.02059,-0.060068,-1.01,0.01847,-0.047118,-0.014162,1.481,-13.217,-2.659,-13.579,-0.15568,20.97,1.8422,-20.326
32.1,-0.03526,-0.015834,-0.046144,-0.9887,0.026953,-0.045633,-0.0021215,0.73315,-13.499,0.022107,-13.257,-0.94383,21.04,2.1222,-20.664,-0.020025,-0.0085628,-0.061356,-1.0038,0.018981,-0.030003,-0.01111,1.8895,-15.516,-1.849,-11.397,-1.3449,22.698,2.496,-20.185
32.2,-0.015659,-0.010947,-0.030641,-0.98225,0.016199,-0.042681,-0.013461,0.055924,-14.62,0.28191,-11.911,1.594,21.401,0.012259,-21.128,-0.03296,-0.032122,-0.046513,-0.98723,0.02726,-0.042316,-0.002628,-0.31965,-13.129,-0.29687,-13.363,1.6253,24.031,-1.9725,-18.922
32.3,-0.057433,-0.013783,-0.030189,-0.99292,0.021326,-0.040686,-0.0093535,2.5961,-13.787,-2.3462,-12.798,-1.2403,22.563,-0.59227,-21.36,-0.036932,-0.020874,-0.04201,-1.0097,0.012014,-0.045569,-0.022672,2.5316,-12.772,-0.40161,-11.065,2.3479,22.317,-0.68218,-18.238
32.4,-0.038152,-0.0063864,-0.042835,-0.99859,0.023294,-0.04128,-0.012749,2.2622,-14.271,-2.134,-14.11,0.58166,23.976,-0.19829,-19.203,-0.031958,-0.0023726,-0.050897,-0.99197,0.026885,-0.045587,-0.0086895,0.22413,-13.467,-0.25631,-13.706,-0.15746,22.569,1.0751,-20.218
32.5,-0.030827,-0.0047945,-0.054627,-1.0098,0.012187,-0.03995,-0.014779,3.48,-13.764,-1.1602,-14.527,0.81353,21.051,0.48744,-18.078,-0.014748,-0.02247,-0.041492,-0.99011,0.015829,-0.039308,-0.020247,2.0544,-12.041,-1.5671,-12.014,0.6902,21.495,1.3127,-19.574
32.6,-0.032207,-0.0092928,-0.041806,-1.0028,0.022322,-0.030725,-0.012359,0.52688,-13.991,-2.1388,-14.663,0.1367,24.024,0.30982,-21.509,-0.043141,-0.0097186,-0.028761,-0.99036,0.013689,-0.041419,-0.0080243,1.0258,-12.926,-1.5682,-14.316,-0.80381,24.37,0.52186,-19.409
32.7,-0.036527,0.010504,-0.04546,-0.99891,0.017118,-0.035787,-0.014779,1.0256,-13.911,-0.75815,-13.911,0.86815,23.247,0.54371,-19.752,-0.035267,-0.021023,-0.055022,-0.98817,0.016442,-0.035672,-0.010516,1.2012,-13.335,-1.0075,-15.035,0.85625,22.374,-0.6733,-19.739
32.8,-0.02626,0.0048744,-0.022771,-1.0035,0.026991,-0.040027,-0.014178,1.7543,-11.399,-1.799,-15.88,0.49099,24.059,-0.16738,-19.457,-0.056911,-0.010739,-0.02234,-0.99789,0.018453,-0.025312,-0.016116,0.16013,-14.651,-1.5649,-16.732,1.1839,24.732,0.67432,-19.198
32.9,-0.044672,-0.0013686,-0.05042,-1.0019,0.015831,-0.033662,-0.022087,-0.45106,-12.528,-2.6469,-13.927,0.51076,25.395,-0.94495,-18.214,-0.042145,0.018824,-0.040376,-1.0037,0.019361,-0.036382,-0.021464,1.8253,-12.306,-2.0958,-15.098,1.06,25.31,-0.15835,-17.484
33,-0.053605,0.011188,-0.039425,-0.98791,0.006782,-0.024521,-0.011437,-0.36701,-10.866,-0.83207,-14.818,0.79017,23.423,1.3461,-17.505,-0.045709,0.0029824,-0.036617,-0.99511,0.013681,-0.03825,-0.014416,0.51229,-11.65,-1.1062,-15.928,2.9622,23.788,-1.0564,-18.444
33.1,-0.036809,-0.018823,-0.029814,-0.99603,0.017533,-0.035192,-0.0087342,0.19047,-12.24,0.20125,-17.725,1.0892,24.922,-0.26974,-18.901,-0.039988,0.011542,-0.030956,-0.98297,0.0051654,-0.033939,-0.018007,1.4771,-10.635,-0.7939,-16.157,1.3836,23.707,-0.34145,-17.044
33.2,-0.046749,0.006035,-0.01355,-0.99828,0.015206,-0.032884,-0.019234,0.56946,-11.818,-2.4919,-16.9,1.8142,25.018,0.92363,-19.557,-0.025658,0.0061535,-0.01945,-0.99764,0.0096429,-0.037256,-0.023107,0.21812,-11.082,-1.3585,-14.225,3.3748,24.155,-0.11821,-19.33
33.3,-0.031561,-0.0035358,-0.036962,-0.99991,0.011987,-0.025397,-0.010826,0.052723,-10.262,-1.5143,-17.473,0.57298,25.6,-1.7992,-20.332,-0.03494,0.0036193,-0.018792,-1.0062,0.018921,-0.026887,-0.015699,-0.68345,-11.908,0.68477,-18.669,1.4631,24.938,-0.43655,-19.439
33.4,-0.030908,0.015777,-0.048834,-1.0073,0.017427,-0.027575,-0.020778,0.70451,-10.282,0.12143,-17.346,1.5247,22.422,-0.071048,-17.928,-0.047201,0.0030448,-0.038877,-0.99569,0.0013957,-0.027428,-0.019278,0.2482,-12.336,-0.35228,-17.783,3.0899,25.558,-1.2883,-19.982
33.5,-0.059443,0.0033048,-0.031947,-0.99116,0.01249,-0.025958,-0.015809,-0.55132,-8.7831,-1.451,-15.962,1.7162,26.11,0.85288,-19.138,-0.06092,0.0023066,-0.034951,-0.98567,0.012686,-0.023796,-0.022336,0.86397,-10.83,-0.82222,-19.529,1.159,25.238,-1.2171,-20.45
33.6,-0.045481,0.022123,-0.035567,-1.0087,0.0016252,-0.027919,-0.014364,1.49,-11.433,-2.8738,-15.599,2.1254,25.77,-1.1205,-19.262,-0.035536,0.020598,-0.020447,-1.0053,0.012618,-0.0258,-0.008965,-1.6782,-9.0116,-0.7564,-18.391,-0.52144,24.845,0.1609,-20.16
33.7,-0.035356,0.0048613,-0.010805,-0.97978,0.0050242,-0.022899,-0.012733,1.564,-11.784,-0.94211,-17.649,0.79627,27.726,-0.38321,-20.24,-0.027915,0.021705,-0.027866,-0.98932,0.0063742,-0.029482,-0.023592,-0.14773,-11.972,-0.1905,-19.209,0.47231,25.748,0.0010793,-18.407
33.8,-0.05106,0.021504,-0.035156,-1.0103,0.010751,-0.035105,-0.018331,0.61051,-9.7982,-1.0882,-19.427,0.24701,25.448,-1.0766,-19.553,-0.06082,0.013611,-0.039515,-0.99549,0.014244,-0.020957,-0.020228,1.6278,-9.5977,-0.71938,-18.476,0.83723,25.499,-1.3677,-19.332
33.9,-0.05929,-0.0077719,-0.021288,-1.0042,-0.0012388,-0.026404,-0.020006,3.3074,-8.2001,-0.54282,-18.742,0.75536,24.097,-0.31091,-19.982,-0.057881,0.0093874,-0.02356,-1.0001,0.01167,-0.024218,-0.011635,-0.44046,-11.361,-2.2965,-18.671,0.2207,26.694,-1.7009,-19.593
34,-0.048111,0.028452,-0.034901,-1.033,0.011082,-0.018817,-0.013484,1.0438,-9.4797,-1.3843,-19.581,-0.028745,24.755,-0.69956,-16.964,-0.060213,0.018533,-0.034385,-0.99223,0.0045176,-0.028601,-0.017316,-0.61224,-8.0089,-0.71534,-19.839,0.5334,26.412,-0.047686,-20.022
34.1,-0.05416,0.030461,-0.01514,-0.99793,-0.0014542,-0.021535,-0.025328,0.46699,-9.4722,-0.14191,-19.841,1.0431,26.349,-0.18357,-19.991,-0.047775,0.016087,-0.030203,-1.015,0.0041748,-0.025079,-0.01693,0.2021,-5.8539,0.6547,-18.704,2.164,25.638,-0.63974,-17.46
34.2,-0.046042,0.01836,-0.015188,-1.009,-0.0036623,-0.018325,-0.014536,-0.61476,-9.4441,-1.5091,-20.142,1.6389,26.894,1.0427,-20.37,-0.053444,0.024476,-0.011911,-0.99231,0.0083107,-0.026423,-0.0053526,0.45846,-7.9198,-1.7619,-17.849,-0.82167,26.885,0.93653,-19.434
34.3,-0.025458,-0.0030634,-0.024172,-0.99917,0.0058159,-0.020957,-0.019162,1.33,-8.1909,0.27723,-19.822,0.76354,27.074,-0.89808,-20.08,-0.059705,0.021386,-0.016145,-0.98001,0.0047638,-0.016992,-0.019674,1.2904,-6.3541,0.024611,-20.69,-0.6039,26.857,-0.18713,-19.736
34.4,-0.042276,0.028027,-0.0036936,-0.99038,-0.0021869,-0.022641,-0.010087,-0.34083,-7.2094,0.17119,-19.591,1.13,25.733,-0.81019,-20.531,-0.043093,0.017401,-0.0043513,-0.99438,0.0020665,-0.022174,-0.017097,1.2225,-8.6348,-1.9446,-21.16,1.3833,25.414,-1.7171,-19.084
34.5,-0.073972,0.0077427,-0.021185,-1.0038,0.00091924,-0.027378,-0.022529,2.7139,-4.2699,-2.2428,-20.654,0.22325,26.407,-1.2743,-22.263,-0.058289,0.020728,-0.019997,-1.0119,0.0052219,-0.016696,-0.013239,1.0828,-6.7139,-2.1046,-21.325,-0.27823,26.307,1.0205,-20.834
34.6,-0.049263,0.032839,-0.032369,-0.98382,0.0035889,-0.017128,-0.010968,-0.6304,-8.3534,-0.74393,-21.376,-1.5011,27.269,-0.51896,-18.497,-0.054661,0.036692,-0.014012,-1.0133,-0.0049382,-0.023702,-0.019638,0.35709,-5.4527,-1.7127,-23.119,-0.51008,26.31,-0.57315,-21.13
34.7,-0.049858,0.0058353,-0.02212,-1.0101,-0.0052351,-0.016584,-0.016978,1.4487,-8.3984,-2.2653,-22.158,-1.114,27.165,-0.69768,-18.538,-0.052174,0.027618,-0.01835,-1.0025,0.0032376,-0.0098498,-0.018521,1.2641,-5.4201,-1.8406,-24.175,-0.83135,25.438,-0.75792,-21.358
34.8,-0.054063,0.019482,-0.033395,-1.0069,0.00068849,-0.016313,-0.012458,1.3485,-8.8236,-1.6937,-22.451,-0.22168,26.862,-1.8544,-20.435,-0.062403,0.024047,-0.0078287,-1.0147,-0.0032818,-0.018554,-0.026997,2.1462,-5.711,0.28263,-22.428,2.2546,26.436,-0.94018,-19.702
34.9,-0.054509,0.015782,-0.031532,-0.99051,-0.0050558,-0.017402,-0.015057,2.3608,-6.4027,-1.4672,-23.503,-2.6893,25.807,-0.57629,-18.591,-0.051765,0.024509,-0.014639,-0.98302,-0.010719,-0.029122,-0.017315,0.78333,-5.2683,-2.219,-22.249,0.32626,25.368,-0.89827,-20.142
35,-0.042137,0.017404,-0.0075778,-0.98729,4.9213e-05,-0.0060443,-0.017015,-0.0084283,-6.185,-0.14934,-26.068,-0.12244,25.961,-0.95107,-19.918,-0.063606,0.03156,-0.0062801,-0.99514,-0.013649,-0.0083906,-0.01771,2.25,-6.9103,-2.5348,-22.834,-0.95133,25.928,-0.14249,-24.371
35.1,-0.048222,0.026609,-0.016824,-0.99534,-0.0099269,-0.023991,-0.01662,0.9754,-4.4794,-0.88709,-23.826,-0.018639,24.995,0.44162,-21.159,-0.049096,0.024084,-0.028692,-0.9941,-0.0023757,-0.016061,-0.0050238,0.76969,-5.0924,-2.1864,-24.731,-1.8308,26.217,-0.51632,-19.523
35.2,-0.045774,-0.010077,-0.012826,-0.9992,-0.014113,-0.015143,-0.01644,1.5729,-4.9622,-1.5759,-24.167,0.81617,27.002,-0.8627,-21.029,-0.045602,0.029558,-0.002346,-1.0046,-0.0016698,-0.024117,-0.019744,-0.10857,-6.1381,-1.4014,-25.744,0.25897,25.457,0.13115,-20.722
35.3,-0.040323,0.031136,-0.0055448,-0.99933,-0.013836,-0.010719,-0.015907,1.1636,-2.6635,0.2339,-25.25,-0.88267,24.521,0.6093,-21.581,-0.061846,0.017877,-0.0083782,-1.0096,-0.011068,-0.010524,-0.017657,0.99295,-4.4664,-1.3234,-23.607,-1.3719,24.932,0.39784,-21.265
35.4,-0.042562,0.019598,-0.020724,-0.99998,-0.003847,-0.0031605,-0.0146,1.8415,-2.6861,-0.91441,-24.05,0.47248,25.269,0.22943,-20.384,-0.049378,0.0090155,-0.0053763,-1.0156,-0.018444,-0.014495,-0.013156,0.56742,-5.2635,-0.88736,-24.884,1.154,24.711,-1.7007,-21.637
35.5,-0.035936,0.029091,-0.021494,-1.0043,-0.014116,-0.013858,-0.012105,1.1549,-3.5529,-1.7461,-26.418,-1.0365,25.314,-0.13753,-20.174,-0.039779,0.031391,-0.0082815,-0.9906,-0.0083866,-0.0035064,-0.020715,-0.23261,-4.5422,-0.80418,-24.843,-0.41569,24.61,0.52148,-19.648
35.6,-0.038383,0.019659,-0.0073418,-0.99955,-0.021333,0.0018096,-0.020674,1.0523,-4.5907,-1.0768,-23.718,0.2288,22.992,0.62656,-21.062,-0.065926,0.041634,-0.0093265,-0.99346,-0.014715,-0.014371,-0.006854,1.8389,-5.3954,-2.0919,-26.94,-1.2355,25.693,0.17643,-21.515
35.7,-0.040044,0.039154,-0.043347,-1.0125,-0.014044,-0.010375,-0.015749,-1.0419,-1.4809,-1.447,-26.331,-1.7614,26.145,0.22767,-21.271,-0.054798,0.04277,-0.021301,-0.99592,-0.017855,-0.0082098,-0.020978,1.4618,-3.6346,-2.7995,-23.478,-0.95828,24.983,-1.191,-22.625
35.8,-0.036957,0.030564,-0.029497,-0.9986,-0.018503,-0.0052327,-0.01204,0.89682,-3.3579,-0.24446,-28.229,-1.699,24.554,-0.99196,-20.749,-0.042965,0.016985,-0.0011227,-0.99235,-0.020048,-0.011767,-0.0095927,0.52834,-2.6912,-1.8709,-25.742,1.0774,23.343,-1.6301,-22.688
35.9,-0.034871,0.020557,0.0014202,-0.99473,-0.025328,-0.0065191,-0.0053103,2.0797,-3.6906,-1.3606,-27.645,-0.15976,25.899,-1.2006,-21.558,-0.045167,0.03225,-0.0032444,-1.0047,-0.017833,-0.0060966,-0.0059109,0.40376,-1.4177,-1.6583,-26.718,-0.13201,24.102,0.6775,-21.493
36,-0.046728,0.024676,-0.012496,-0.96345,-0.021959,-0.0061569,-0.0037793,0.18539,-2.5252,-2.2978,-27.01,-0.55682,23.277,0.32106,-21.215,-0.035268,0.017521,-0.0093793,-0.99167,-0.019437,-0.010451,-0.0099999,0.20483,-0.37357,-1.0113,-28.645,-1.5786,23.589,0.12885,-21.75
36.1,-0.039096,0.021407,-0.034131,-1.0004,-0.018876,-0.0021871,-0.019239,0.84443,-1.3079,-0.15477,-29.118,0.23833,22.923,0.63846,-21.433,-0.041251,0.029449,-0.0011756,-0.99708,-0.02259,-0.0070642,-0.013345,2.5583,-1.8846,0.13859,-27.748,0.81062,23.927,1.0538,-22.471
36.2,-0.023781,0.0313,-0.0022297,-1.0014,-0.018711,-0.0055718,-0.011584,0.38191,-2.247,-0.28071,-27.102,-0.38101,23.993,1.0042,-20.099,-0.04973,0.034374,-0.020101,-0.98273,-0.015379,0.0045332,-0.012089,1.8119,-0.35091,-2.1834,-28.684,-1.6303,23.876,-0.24497,-19.579
36.3,-0.046311,0.03083,-0.0019984,-1.0003,-0.019003,-0.0075952,-0.0051293,0.73224,-0.83941,-1.1854,-28.585,-1.0556,22.214,1.7258,-20.124,-0.048434,0.03482,0.012725,-1.0042,-0.025349,0.0024774,-0.014484,0.61928,-2.255,-0.36025,-27.773,-1.1338,23.266,-0.47888,-21.555
36.4,-0.04188,0.041885,-0.0090859,-1.0015,-0.02521,0.0016836,-0.0056959,0.99586,-1.9905,-1.1838,-28.904,1.539,24.842,1.471,-19.917,-0.025343,0.028168,0.0014189,-1.006,-0.032611,0.00075743,-0.0073729,-1.1301,-2.5855,-1.9909,-28.242,-0.13534,21.756,1.0282,-22.434
36.5,-0.040008,0.041848,-0.0056691,-1.0089,-0.018889,-0.0011144,-0.016998,0.39608,0.99517,-0.46571,-30.286,0.60578,22.039,0.3901,-19.73,-0.042828,0.035802,-0.0075069,-0.9902,-0.023161,-0.0038465,-0.024696,0.84596,-0.66469,-2.2063,-29.324,-0.014583,23.991,-0.19519,-21.349
36.6,-0.016131,0.030099,0.0015566,-0.99642,-0.02802,0.0011377,-0.0035834,0.24272,-0.088191,-1.7994,-28.784,0.4346,20.493,1.0058,-21.213,-0.060955,0.033043,-0.013797,-1.0032,-0.029077,-0.0012712,-0.019097,1.0113,0.4389,-1.0442,-30.853,0.01409,23.292,0.17733,-20.131
36.7,-0.041794,0.043511,-0.0020599,-0.99225,-0.0268,0.0081087,-0.011342,-1.2342,-1.8986,0.074127,-31.167,0.67035,23.993,0.13661,-21.282,-0.021664,0.040435,-0.0037184,-0.96986,-0.025343,-0.0041522,-0.015341,0.95401,0.79612,-1.1846,-30.531,-0.45125,23.257,1.5666,-19.686
36.8,-0.034922,0.014127,0.00036677,-1.0178,-0.025517,0.0098558,-0.0083427,0.011267,-0.23885,-1.1271,-29.942,-1.6876,21.118,1.534,-19.652,-0.01656,0.033878,0.0042822,-1.0024,-0.028531,0.011289,-0.011377,0.77785,-0.2665,-3.2693,-28.05,-1.7075,23.446,0.63034,-21.392
36.9,-0.02481,0.041611,-0.0076045,-0.99113,-0.021243,-0.0014392,-0.012804,-0.59549,0.97189,-3.0695,-29.03,-2.9938,22.191,0.3008,-21.76,-0.050898,0.026675,-0.01275,-0.98969,-0.019281,0.0047061,-0.016841,0.54825,2.6029,-1.6822,-30.676,0.87676,20.194,-0.2278,-18.842
37,-0.043958,0.040517,-0.0069545,-0.99132,-0.024326,0.0041285,0.0030859,1.0711,-0.27879,-0.88797,-33.828,-0.42698,21.951,1.2725,-18.913,-0.036548,0.032825,-0.012024,-0.99213,-0.024673,0.004982,-0.0060554,1.9781,1.0673,-0.34297,-30.511,0.3617,19.038,0.53128,-20.227
37.1,-0.027537,0.027207,0.0057319,-0.99567,-0.020484,0.0093787,-0.0038034,0.94967,0.67986,0.41331,-31.002,-0.97543,20.381,0.94048,-18.262,-0.010119,0.028437,-0.0092362,-0.98948,-0.033417,0.0029908,-0.0095584,1.2218,0.48819,-0.1626,-31.792,-0.57306,21.579,2.178,-18.184
37.2,-0.043579,0.033477,0.0047396,-1.0116,-0.018808,0.015123,0.00048269,1.7244,0.41881,-1.9002,-32.01,-0.81911,21.818,1.168,-19.024,-0.032878,0.033275,-0.0088419,-0.99192,-0.021571,0.0096181,-0.0058654,1.4621,1.2854,-1.638,-30.691,-0.26217,20.34,0.9342,-20.859
37.3,-0.027334,0.0315,-0.01986,-0.99946,-0.024541,0.0085768,-0.021311,1.1742,3.1275,-1.0405,-32.139,-0.40169,20.72,-0.7219,-17.289,-0.02623,0.022115,-0.0183,-0.98507,-0.022712,0.01284,-0.0046879,0.12134,0.63236,0.72325,-33.344,-0.18346,21.024,1.6493,-20.415
37.4,-0.029657,0.030295,0.0079978,-1.0063,-0.013348,0.0095735,-0.0057931,1.2035,0.44239,-2.0076,-33.994,-2.0428,21.102,1.0003,-18.674,-0.03647,0.029255,-0.0067096,-1.0051,-0.018037,0.012196,-0.00010465,-0.23305,1.16,-1.3654,-33.905,-1.2407,21.373,-0.0080642,-17.811
37.5,-0.021182,0.014654,0.0034695,-1.0103,-0.030789,0.017267,-0.0003905,0.9183,0.74535,-1.2823,-32.241,-2.589,20.821,0.43633,-17.917,-0.034469,0.028444,0.0042932,-0.99448,-0.027031,0.010017,-0.004951,0.030769,2.5359,-2.3451,-33.051,0.48471,19.669,1.1224,-17.273
37.6,-0.03011,0.036627,-0.029755,-0.99308,-0.025982,0.010598,-0.0010784,-1.228,0.25618,-1.3723,-35.245,-3.1444,19.93,1.6115,-18.882,-0.03423,0.02635,0.011289,-1.0065,-0.027105,0.020589,-0.0060786,-2.1753,1.1777,-0.6871,-33.979,-0.25434,21.088,1.3653,-17.751
37.7,-0.024181,0.032457,-0.0035113,-0.99294,-0.020164,0.014266,0.0060574,-2.5082,1.4604,0.69852,-33.659,-1.3417,18.321,0.50436,-17.121,-0.04481,0.034453,-0.0096349,-0.99605,-0.032295,0.014017,-0.0003481,-1.7222,1.6883,-2.588,-35.667,-0.86627,20.09,0.23004,-16.108
37.8,-0.019491,0.030997,0.01209,-0.99847,-0.014066,0.014338,-0.0032849,0.20772,1.0634,-0.82498,-35.042,0.93002,19.09,1.9592,-19.318,-0.023036,0.01188,-0.014926,-0.99616,-0.024887,0.015747,-0.00586,-0.072442,0.26524,-0.8909,-34.536,-0.053854,18.68,0.99646,-17.591
37.9,-0.03087,0.034147,9.0487e-05,-0.99093,-0.015367,0.012271,-0.003974,-2.3599,1.0009,-0.5062,-35.979,-0.71929,17.348,0.54881,-15.746,-0.036535,0.029632,0.011195,-0.98888,-0.023799,0.023234,-0.0072471,-0.74961,0.88831,-1.1492,-34.067,-0.89799,17.677,2.3216,-17.679
38,-0.015478,0.026879,0.00058199,-0.99778,-0.024366,0.022021,0.00028307,1.1699,0.14698,-1.6806,-36.461,0.53114,17.452,-0.70233,-18.316,-0.0050848,0.014964,-0.014753,-0.98335,-0.020882,0.014911,-0.014206,0.46848,-0.9403,-0.02789,-35.367,-0.87557,16.655,-0.6306,-17.593
38.1,-0.014699,0.043409,-0.0025761,-1.0126,-0.025366,0.027659,-0.0063997,0.48861,0.3399,-1.8809,-35.266,-2.2701,17.502,-0.12577,-18.365,-0.013932,0.014847,0.0093275,-1.0264,-0.029762,0.021752,0.0043109,0.34375,2.2745,0.17621,-35.262,-2.5262,17.088,0.98571,-16.411
38.2,-0.014208,0.016548,0.0045531,-1.0024,-0.016105,0.029849,-0.0049889,-0.28451,0.43991,-0.45488,-35.113,1.7377,15.83,-0.69096,-17.129,-0.011116,0.015453,-0.0036636,-0.99709,-0.024347,0.019345,-0.0066023,0.043748,-0.36808,0.95196,-35.244,0.0019415,17.52,0.41791,-17.899
38.3,-0.018095,0.0068835,-0.010623,-0.99682,-0.018057,0.020929,0.0032808,-0.92497,0.21756,-0.33897,-35.041,0.54838,18.111,-0.050465,-17.062,0.0044269,0.011762,0.00047218,-0.98094,-0.018598,0.028123,0.0097813,-1.318,0.85196,0.84555,-35.194,0.70705,17.419,1.1945,-18.453
38.4,-0.026521,0.013233,0.0074331,-0.99917,-0.014179,0.018899,-0.010806,-2.041,-0.2255,1.5306,-34.223,1.7657,19.77,0.12614,-17.531,-0.037312,0.0055981,0.014581,-0.99166,-0.014317,0.025276,0.0055335,-1.2714,-0.095904,-0.53511,-36.287,0.7769,16.454,-1.0649,-18.955
38.5,-0.016072,0.0081519,0.0080162,-0.97594,-0.020327,0.023272,-0.0071778,-1.0722,-1.2289,0.5338,-35.554,-0.85762,17.47,-1.0048,-17.891,-0.031582,0.014551,-0.0085049,-1.0153,-0.010467,0.022022,0.0014156,-2.5144,1.703,1.9426,-33.677,1.2814,17.015,-1.8792,-16.427
38.6,-0.019979,0.021345,0.010021,-1.0019,-0.02814,0.019239,0.0026764,-0.23861,-1.5863,1.2201,-36.18,0.264,18.769,-1.3604,-18.768,-0.026289,0.0051071,-0.0019466,-0.99569,-0.018033,0.019252,0.0077063,-0.2079,1.7907,1.1022,-35.149,1.4807,18.988,-1.8656,-19.676
38.7,-0.016086,0.021663,0.022134,-0.99178,-0.013381,0.017303,-0.0033975,-2.0532,-3.4102,-0.63126,-34.635,0.83488,20.021,0.64037,-19.661,-0.0056364,0.021263,-0.0058523,-0.98676,-0.011459,0.015829,0.0082651,-1.8132,-2.8239,-0.54733,-34.844,-0.24539,18.508,0.12138,-18.795
38.8,-0.028065,0.019235,0.00029125,-0.99993,-0.01484,0.0064613,0.0025811,-0.0066511,-0.83822,0.69084,-32.976,1.9128,18.262,-0.059685,-17.226,-0.0068474,-0.0041096,0.0037785,-0.99748,-0.012033,0.01898,-0.0038423,0.38025,-2.3422,1.3906,-34.087,0.48992,17.775,0.33003,-17.579
38.9,-0.016579,0.00072937,-0.0077436,-0.99097,-0.011355,0.016277,0.0052964,-0.3677,-0.7333,1.0641,-32.628,-0.50573,18.679,-0.56541,-17.297,-0.013047,0.011015,-0.0034159,-0.99173,-0.013337,0.00941,0.003562,-1.7668,-2.3929,3.2533,-34.485,-0.25235,17.177,-1.4552,-19.048
39,-0.015051,0.024742,0.0023764,-0.99769,-0.0090881,0.011621,0.00040066,-0.43919,-3.3698,-1.3852,-34.23,0.78857,18.698,-0.61716,-17.492,-0.0056847,0.017368,-0.0076631,-1.0019,-0.016272,0.0089357,-0.0084365,0.19387,-2.6151,-0.061103,-31.691,-0.37704,20.335,-1.5044,-19.112
39.1,-0.019165,0.005726,-0.0063167,-1.0108,-0.010177,0.012674,-0.0018489,1.0996,-1.4245,3.1018,-31.942,1.4696,18.786,-1.7598,-17.316,-0.015636,0.018604,-0.0047328,-0.98888,-0.0092471,0.0098352,-0.0070701,0.50635,0.90207,0.41707,-35.094,-0.10457,17.675,-0.58707,-19.089
39.2,-0.01311,0.00042218,0.0095575,-1.0047,-0.006908,0.011059,0.0070263,-1.6324,-3.774,0.085049,-32.422,1.2115,15.906,0.10754,-18.127,-0.0074874,0.016145,0.012553,-1.0139,-0.014567,0.0066856,-0.0068089,-0.26738,-2.7584,-1.2109,-33.287,-0.19444,18.976,1.3355,-17.537
39.3,-0.011326,0.0091216,-0.0057368,-0.99765,-0.006127,0.0088715,-0.0051334,0.99332,-6.1424,-1.88,-31.599,3.5303,18.235,0.11757,-18.294,-0.0010536,0.009842,-0.0015387,-1.0049,-0.01148,0.007848,0.0044738,0.72597,-2.4461,-3.2771,-32.062,0.51148,18.686,-0.48336,-19.887
39.4,-0.0045486,0.01764,-0.015526,-1.0111,-0.0054341,0.0044125,-0.00089468,0.81762,-2.1583,0.59251,-33.378,-1.6587,18.17,-0.2447,-16.959,0.00055414,0.0096201,0.0017992,-1.0023,-0.017934,0.0051,0.0023668,1.1544,-3.1449,2.063,-30.996,0.49695,16.55,-0.44842,-17.622
39.5,-0.012655,0.010604,-0.0051253,-1.0029,-0.016002,0.007606,-0.011235,-0.17631,-3.387,-1.1706,-32.614,-2.8152,18.363,-1.5395,-16.956,-0.00031884,0.021967,0.011726,-1.0079,-0.020971,0.014756,0.0045538,1.6952,-2.1116,1.6198,-31.413,-0.059063,18.216,-0.18045,-17.003
39.6,-0.018267,0.0041216,-0.0027963,-1.0092,-0.00078975,0.014659,-0.0054084,0.066835,-2.2983,1.7473,-32.899,-0.48722,18.292,-1.8786,-19.547,-0.0012964,0.0092866,-0.005062,-0.97217,-0.0089363,0.010947,0.0021137,-1.9559,-3.7336,1.0276,-31.426,1.5344,18.213,0.0869,-18.111
39.7,-0.005457,0.010823,0.0010884,-1.0032,-0.0095254,0.013188,4.4334e-05,-0.5942,-3.085,1.238,-31.03,1.4226,18.591,-0.16252,-19.367,-0.00081621,-0.012424,0.0025867,-0.99343,-0.0058898,0.004905,0.0025673,0.86858,-1.5411,-0.92998,-31.534,-0.57191,18.141,0.82538,-16.628
39.8,-0.012237,-0.010226,0.00094285,-0.99849,-0.015526,0.0059698,0.0061117,-0.26243,-2.5845,-2.5477,-33.082,0.15429,17.523,-0.15069,-17.23,-0.013324,-0.008992,-0.0068543,-1.0019,-1.2878e-05,0.0029419,0.0047081,-0.35909,-5.7529,-0.093042,-32.172,-0.32452,17.499,-0.97418,-16.476
39.9,0.0034765,0.0033039,0.0073421,-0.99672,-0.0081232,0.0097798,-0.0061284,-0.51927,-2.5966,-0.2303,-30.062,-0.83312,18.158,-0.073039,-16.912,-0.011463,0.022076,-0.0053058,-0.99278,-0.008184,0.011704,-0.0042762,-0.34291,-3.6411,0.28107,-32.15,0.43825,17.436,-0.34911,-16.65
40,0.0001141,0.0079279,0.0047387,-1.0073,-0.007036,-0.0031171,0.0026931,-0.92146,-3.6849,0.15702,-30.632,-0.22035,16.045,-0.9992,-17.577,-0.010062,0.0013682,-0.011079,-0.99979,-0.0041073,0.001748,0.0046598,1.2052,-1.4252,0.51458,-30.464,0.85754,17.052,-2.4193,-18.627
40.1,-0.00029826,0.0018094,0.0079081,-0.99881,-0.01068,0.0018085,-0.0075373,-0.89483,-3.7254,0.48699,-31.023,0.99836,19.225,1.1195,-17.046,-0.0016067,0.022816,0.01444,-1.0035,-0.0014796,0.010842,-0.00023054,0.24403,-3.8332,0.11088,-31.017,-0.15283,17.316,-0.043118,-18.835
40.2,0.013113,0.0015947,-0.0071166,-0.98704,-0.0015843,0.011008,-0.0024777,-0.66963,-4.5874,-0.6557,-31.895,-0.32617,17.405,-0.78604,-18.381,0.0017822,-0.00020012,-0.0074467,-1.0065,-0.0067681,0.0072825,-7.231e-05,-0.10209,-3.7884,-2.459,-30.682,-0.2518,17.647,1.1804,-18.88
40.3,-0.018489,-0.0016171,-0.020048,-1.0032,-0.0022541,0.0067378,-0.0039071,-0.64827,-3.3104,0.46886,-33.43,1.1649,18.752,1.9098,-17.962,-0.0038547,-0.0036115,-0.031382,-0.98765,0.0019879,0.0098348,-0.006453,0.43366,-5.6879,0.4753,-32.87,1.5703,16.506,-0.094755,-17.587
40.4,-0.019667,0.0011323,-0.0054734,-0.98721,-0.0013426,0.0042593,-0.0070675,-1.1579,-2.2489,1.2062,-31.187,-0.84209,18.045,-0.44396,-17.568,-0.00082898,-0.0066723,-0.025242,-0.99249,-0.0087581,0.00057095,-0.0096261,-0.89834,-3.7341,1.063,-32.339,-0.20539,18.451,0.13268,-18.257
40.5,0.0039428,0.0018312,0.0097669,-1.0128,-0.010277,0.0063593,0.0053928,0.034254,-3.9169,-0.58707,-31.971,-0.2126,16.927,-0.94927,-20.141,-0.0042563,0.002918,-0.014771,-1.0048,-0.0034216,0.014958,-0.002427,-0.73513,-3.3102,0.054725,-31.443,1.3984,19.127,-2.0841,-18.39
40.6,-0.021841,-0.0025515,0.0084229,-1.0012,-0.01851,0.003316,0.012886,-0.79483,-2.6561,0.22933,-29.972,0.43439,17.509,-0.18405,-17.562,0.0021164,0.020962,-0.015702,-0.98674,-0.0088614,0.01479,0.0040344,0.21989,-4.9926,1.5207,-31.044,-2.1667,16.974,-0.62372,-18.786
40.7,-0.017444,0.01747,-0.015101,-1.0004,-0.00058738,0.0048795,0.0026573,-2.4184,-3.6745,0.71921,-33.376,1.6733,17.713,1.0529,-19.717,-0.011537,-0.0071063,-0.013052,-0.99062,-0.017065,0.0067086,0.0012777,-1.6655,-4.9639,-0.7476,-29.667,0.54013,18.07,-0.47655,-18.553
40.8,-0.0040771,0.0079446,-0.0016744,-1.0229,-0.0027557,0.0017206,0.00090183,-2.4097,-4.0082,0.56532,-31.496,0.33016,17.975,0.38232,-17.672,0.0021961,0.00026409,0.0019162,-1.019,-0.010994,0.009316,0.0026364,-0.14894,-3.8804,-1.1142,-31.416,-0.11558,19.523,1.5591,-15.402
40.9,-0.02387,0.0064323,0.013438,-1.0038,-0.0040234,0.0058867,0.0017767,0.10095,-3.4002,0.62078,-30.559,-0.11892,20.145,-0.70055,-16.556,0.018939,0.0054083,0.0031871,-0.98758,-0.0063629,-0.0036439,0.0010237,0.76067,-3.8661,0.39955,-30.556,0.78975,19.432,-0.082435,-15.71
41,0.015437,-0.0035046,-0.0084122,-0.99504,-0.0072635,-2.2209e-05,0.00025547,-0.27924,-3.2079,1.128,-29.331,0.034842,16.572,-0.17356,-16.682,0.0022204,0.016395,-0.01197,-1.0082,-0.0051423,0.0071534,0.0062763,0.57882,-5.1944,-0.34692,-31.632,-0.093202,17.248,-0.86187,-18.587
41.1,-0.007974,-0.0035013,-0.0017873,-0.99641,-0.0065822,0.0097216,-0.0077571,-0.021463,-3.6255,0.71123,-31.822,0.80115,17.511,0.55087,-15.829,0.010942,0.0084176,-0.0082997,-1.0095,-0.010925,0.004331,0.0016757,-0.32586,-4.0434,0.22461,-30.642,1.0571,17.196,0.97176,-17.936
41.2,0.0081877,0.012506,0.0079518,-1.0018,-0.0053962,0.0015352,0.0038964,-0.72691,-4.8918,-2.4225,-30.245,-0.3987,17.823,-0.098489,-19.27,-0.006833,0.0053198,0.0064952,-0.96642,0.00097441,0.011614,-0.0027341,-0.84894,-5.4057,0.29673,-30.82,1.2664,18.953,-0.15646,-17.513
41.3,0.0020765,-0.0021061,0.011818,-0.99825,0.00076338,0.0097286,-0.0038546,-0.079171,-4.5889,-1.8378,-29.036,-0.61391,17.674,-0.068906,-16.795,0.0010649,0.0031113,-0.0010333,-0.99784,-0.0013501,0.011945,0.0073253,-0.61507,-5.022,-1.9025,-30.323,-0.68588,17.421,1.343,-16.668
41.4,-0.0021878,0.006896,0.0015735,-0.99627,0.009596,0.0015445,-0.0081573,0.093645,-4.9532,0.57412,-31.333,-0.62202,17.057,0.42773,-18.363,-0.029005,-0.0023191,0.0024306,-0.998,-0.0054517,-0.0041454,-0.0036209,-0.54682,-4.2082,1.1165,-31.442,0.087319,18.006,-0.038265,-17.067
41.5,-0.020407,0.0011967,-0.0069078,-0.98678,-0.0061029,-0.0024261,0.0044459,-0.76583,-4.6807,1.4439,-29.028,-1.4895,18.328,-2.5528,-17.424,0.0033065,-0.002902,-0.023882,-0.98835,-0.003739,0.0060988,-0.0018751,1.1337,-2.9035,1.9763,-30.05,-1.1446,17.514,-0.35882,-16.108
41.6,-0.024888,0.0017595,-0.014586,-0.99027,-0.0039395,-0.00049106,-0.0014628,-0.24834,-4.7734,1.0916,-28.732,-0.7137,18.616,0.0074293,-19.138,-0.022707,0.0041348,-0.0033471,-0.99068,0.00060878,-0.004993,0.00018981,-1.3333,-4.4872,-0.4364,-31.345,-2.1411,17.572,0.38723,-17.192
41.7,0.00053525,0.0058658,-0.012577,-1.005,-0.0037632,0.00028283,0.0022804,-0.047177,-4.7823,-0.081573,-31.4,1.3434,17.565,0.84056,-18.25,-0.023681,-0.025309,-0.0031361,-1.0019,0.00075491,-0.0015742,0.0025366,-0.89642,-4.0639,0.11005,-30.702,1.2921,17.34,0.11579,-19.22
41.8,0.010336,0.011133,-0.0079955,-1.0193,0.0053511,0.0089573,0.0083071,-0.092352,-3.9188,-0.032651,-30.135,-0.42845,18.716,1.2917,-17.328,-0.008447,0.026908,-0.0036353,-1.0026,-0.0031149,0.0010788,-0.0043408,0.036371,-5.3256,-1.395,-31.558,0.13581,18.286,-1.1674,-17.944
41.9,-0.0012569,0.0094551,-0.0088951,-0.98736,0.0027188,0.0053935,0.0026309,0.50294,-3.4452,0.25789,-30.445,-0.30777,15.828,0.23893,-17.448,-0.0058803,-0.010185,0.00453,-1.0212,0.00068986,0.0024899,0.0058039,0.16691,-7.2724,0.5419,-31.144,1.1727,18.072,-1.0134,-16.181
42,0.0014608,0.016935,-0.0041862,-1.0121,-0.0048893,0.0021124,-0.0032361,1.7397,-4.1515,-1.8225,-30.871,0.17206,19.287,-0.76431,-17.018,0.018127,0.015666,0.0061503,-1.005,0.0020663,0.0037081,-0.0011512,1.7685,-3.7867,1.1014,-30.549,-0.085903,18.75,0.39647,-17.635
42.1,-0.0023759,-0.00032653,-0.0029317,-0.99477,-0.0033795,0.0017331,0.004094,2.2102,-4.4462,0.042686,-32.064,-0.57603,18.14,-0.53345,-17.439,0.013286,-0.0062951,-0.0028281,-1.0129,-0.0047445,0.0020635,0.0014338,-2.9266,-6.4069,-0.99965,-31.158,0.069133,17.591,1.0235,-18.224
42.2,-0.0094354,-0.0077217,0.01648,-1.0082,0.0049816,0.0016993,-0.0046427,-0.98808,-4.1815,-0.34463,-29.242,0.22131,17.966,1.8788,-17.28,-0.0071622,0.0026146,0.0012336,-1.0008,-0.0067821,-0.0027328,-0.0011665,-0.17427,-5.0316,-0.17118,-31.082,0.82942,18.186,1.6077,-16.965
42.3,-0.0070668,0.0054599,-0.0028495,-1.0095,0.0078002,0.0056834,-0.0017064,-0.54115,-4.2969,-1.8898,-30.231,1.9917,17.198,-0.4217,-19.287,0.0031465,-0.0054116,-0.010008,-0.99101,0.0049125,-0.0086398,-0.00034536,0.23725,-4.4377,-2.1469,-31.462,0.26081,17.886,-0.42624,-18.857
42.4,-0.0062494,0.0018907,0.0049443,-0.98314,-0.0041185,-7.3146e-05,-0.0083964,0.14399,-4.6679,-0.51697,-32.13,-1.8963,16.847,-2.0298,-18.297,0.00047007,-0.011209,0.019246,-0.98169,-0.00028005,0.00011823,0.0045817,1.2707,-5.4979,-1.1098,-28.871,-2.17,17.246,-1.719,-18.635
42.5,-0.0082597,0.0055693,-0.0086879,-0.97761,-0.0033265,0.00039654,0.0014387,1.5359,-6.5657,0.32269,-30.555,-1.4278,18.823,-0.44021,-16.792,0.015769,0.014118,0.013733,-1.0077,-0.0040156,0.0071728,0.001144,0.98308,-2.8822,0.42643,-32.319,-1.0457,18.989,-1.0788,-17.049
42.6,-0.0011383,0.0040428,-0.010628,-1.0095,-0.0012611,0.004886,-0.0002428,-1.8707,-4.9747,0.8577,-28.318,0.81555,17.865,-0.68728,-18.834,0.011758,-0.0017247,0.0034412,-0.99917,-0.00045758,-0.0060839,0.0077145,1.8997,-4.7963,-0.46402,-30.135,1.3802,18.907,-1.2502,-17.78
42.7,-0.0020346,0.001221,-0.0073274,-0.98681,0.0034895,-0.0071848,-0.0008655,0.22037,-5.2225,-1.3309,-29.82,0.61223,16.749,1.3345,-18.372,-0.0055003,-0.0027242,0.0017244,-1.0053,0.0037672,0.0037209,0.0016026,-0.015898,-3.7799,0.38553,-29.973,1.3166,18.991,-0.22742,-16.706
42.8,0.016113,-0.0024989,0.0088787,-0.99675,0.00070719,-0.0015947,-0.0019662,1.5885,-6.4988,-0.3896,-30.655,0.089488,17.669,2.1326,-16.675,0.0049361,-0.0094157,-0.00050819,-0.99344,0.0045365,0.0012725,-0.0088144,0.57099,-4.3287,0.99163,-30.826,2.7551,18.191,0.81213,-17.106
42.9,-0.0062683,-0.004141,-0.0010086,-1.0074,-0.0011883,-0.006654,-0.0018525,1.168,-5.4769,-0.24791,-31.019,-0.10115,18.722,-0.43957,-17.511,-0.011216,0.0099735,-0.00066906,-0.99142,0.0026547,0.0028155,0.006242,1.3673,-5.0768,0.82491,-29.803,-0.56061,16.667,1.1582,-15.541
43,0.011272,0.013187,0.0002172,-1.0044,0.0050197,0.0018417,0.0004171,0.34453,-3.4127,-1.16,-29.881,-0.97626,16.925,-2.151,-16.698,0.0037479,-0.013078,0.0026027,-1.0033,-0.0077312,-0.0029136,-0.00079373,0.51355,-3.7291,0.67275,-29.504,1.0278,16.276,-0.99218,-18.288
43.1,0.0025709,-0.01145,0.0059393,-1.0017,-0.0011135,0.002987,-0.0028808,0.1884,-3.4755,0.69682,-30.443,-0.44628,17.462,-0.60948,-18.551,-0.00036262,0.0046603,-0.00040924,-0.98372,-0.0029113,-0.0021165,0.0017993,-1.8348,-3.6485,-0.18336,-29.411,0.96506,17.133,-0.16732,-16.343
43.2,0.0056984,0.010388,0.0048286,-0.99557,-0.0051622,0.0035505,0.0036632,-0.46711,-5.6072,-0.40515,-30.244,1.9671,18.478,0.72546,-17.491,-0.0012073,0.0023588,0.0012994,-1.0041,-0.0011094,-0.00057516,-0.0083107,-0.58888,-4.6162,-0.4417,-29.896,-0.97224,18.182,-0.049821,-18.576
43.3,-0.027757,0.011784,-0.00024428,-1.0108,0.011976,-0.0077774,-0.0011347,-1.7368,-5.0733,-0.91794,-31.333,1.8464,18.905,0.44426,-16.502,0.014355,0.013853,-0.0023508,-1.0199,0.0076075,-0.0030242,0.0014892,-0.28239,-5.1659,-0.20846,-29.075,0.60898,17.991,0.65989,-16.206
43.4,0.0020937,0.0052475,-0.01662,-0.98794,0.0014024,-0.0027357,0.0015269,1.6227,-5.2314,1.0348,-28.889,-1.3308,19.638,-0.43641,-17.482,-0.00017539,-0.0087781,-0.001938,-1.008,0.014709,-4.1235e-05,0.0030537,-0.35914,-3.5232,1.3369,-30.79,-1.0427,19.096,0.11638,-18.071
43.5,-0.0068702,-0.01253,-0.0048697,-1.0051,-0.0020347,-0.0003395,-0.0030831,1.2584,-5.2635,-0.15871,-30.064,-1.8301,16.102,-1.6034,-16.287,-0.008849,-0.01195,0.0081535,-0.99957,-0.00097816,0.003689,-0.0067567,-1.3762,-4.0631,0.42705,-31.533,-2.3811,19.385,-2.1617,-16.485
43.6,0.0013375,-7.9586e-05,0.0133,-1.0049,-0.0038607,0.0004311,0.004751,2.2606,-5.6196,-0.36372,-30.478,-0.31291,18.413,1.4912,-16.169,-0.0032897,0.014378,-0.0059346,-1.0078,-0.0037786,-0.0053798,-0.010977,1.8904,-3.911,0.049206,-29.88,-0.67327,18.917,0.13192,-16.547
43.7,-0.00067977,-0.0044366,0.0034967,-1.0032,-0.0011464,-0.0069771,0.0076499,-0.72021,-3.921,-0.25273,-31.415,0.43404,17.42,0.034053,-16.175,0.016251,0.016274,0.00040358,-0.99306,0.0038586,0.0070478,0.0084786,-0.66417,-4.7292,-0.41414,-28.958,-0.0076918,19.239,2.1079,-17.244
43.8,-0.0066349,0.012418,0.017675,-0.99575,0.0009461,0.00091442,-0.001746,-2.3464,-4.7149,-0.97158,-29.774,1.5037,16.806,2.3226,-16.467,-0.014412,-0.002323,-0.013325,-0.998,0.0020309,-0.005732,0.0009904,-0.047266,-5.0771,0.5557,-31.271,0.53239,18.815,0.5368,-18.33
43.9,0.0073101,0.0078426,0.0077313,-1.0041,0.0059421,-0.00041295,0.0053136,1.5928,-4.8356,-1.46,-31.366,1.1694,17.549,-1.1678,-17.897,0.020931,0.0067654,0.024535,-1.0091,0.015222,0.0063994,0.0033899,2.9416,-3.8427,-0.9467,-31.016,0.88872,18.423,1.7599,-18.458
44,0.0065126,0.0040489,0.0087985,-1.0071,-0.0056228,0.004683,0.0073945,0.25615,-5.9689,1.9642,-30.347,-0.5192,19.572,-1.1468,-15.518,-0.015078,-0.0031898,-0.0098782,-0.99039,0.0038457,0.0020624,0.0027587,0.69514,-4.2166,0.11641,-31.545,0.21177,17.117,-1.6054,-15.378
44.1,-0.00095936,-0.006754,0.00031737,-0.99518,-0.0022863,-0.0030242,0.0034151,0.27824,-4.4569,-1.6856,-31.152,-2.2628,16.422,-1.4213,-16.809,-0.0050702,-0.0086486,-0.00078744,-1.0021,-0.0011097,0.0017967,0.0022909,1.2998,-4.3646,-0.174,-30.274,-1.3666,18.392,-0.40453,-16.362
44.2,-4.2721e-05,-0.0005117,-0.011431,-1.007,-0.00055156,-0.0028812,0.0022776,-0.65819,-3.636,-1.1789,-30.171,0.24993,16.008,0.16911,-17.904,-0.0053965,0.023726,0.001733,-1.0069,0.0015528,-0.00020806,0.0058521,-0.021478,-5.8042,1.3024,-29.559,1.986,17.874,-0.064749,-17.059
44.3,0.017905,-0.011814,-0.0022399,-0.98865,0.00084035,0.00082276,0.0055903,0.18946,-5.1374,0.85801,-29.942,0.80411,17.917,1.2211,-18.154,-0.002558,0.0068853,-0.013082,-1.0033,-0.0067347,-0.0066963,0.0027247,-2.5715,-5.4465,-1.3162,-28.264,0.61127,17.615,0.40078,-16.2
44.4,0.01579,0.0046207,-0.017005,-0.9922,0.0089803,-0.00089342,0.00049624,-0.95475,-7.2269,0.75123,-29.727,1.4839,20.282,0.65852,-18.711,0.020438,-0.0044847,-0.013614,-1.015,2.9539e-06,0.0046212,-0.0074627,-1.8389,-6.1725,-0.59748,-28.978,1.2002,16.792,0.27539,-18.34
44.5,0.0068293,0.0033792,-0.0057336,-1.0113,0.0076822,-0.0038577,0.0010961,0.45899,-5.7225,0.18102,-32.114,0.26771,17.386,-1.5597,-17.882,-0.010299,0.0016135,-0.0068743,-1.0075,0.0017039,-0.0050762,0.0057195,-0.43961,-6.5324,-1.889,-31.142,0.25635,17.186,-0.16856,-16.638
44.6,0.0042989,-0.00076883,0.0015798,-1.0195,-0.0038581,-0.003369,0.0018882,0.90523,-4.1161,-0.43718,-29.857,-1.3429,16.797,-1.7496,-18.778,-0.0064962,0.01071,0.00068065,-1.0011,0.0023492,-0.0053651,0.0024464,1.5641,-5.4506,-0.65079,-28.641,-2.6151,16.534,-0.52497,-18.447
44.7,-0.012465,-0.002776,0.013188,-1.0039,0.00074708,-0.0066323,0.0075373,0.3091,-5.5171,0.79173,-30.133,1.07,17.192,0.2686,-17.616,0.011577,-0.010061,0.0079662,-0.98338,-0.0005642,-0.0015496,0.0022259,-0.8806,-5.7791,-0.34658,-28.588,0.75342,16.775,-0.0025863,-16.563
44.8,0.010182,0.0013372,-0.014381,-1.0063,-0.0038489,0.0045976,0.0041129,-0.1773,-3.3418,0.9145,-30.771,-0.18942,16.416,-0.43882,-17.366,-0.012612,0.0037346,0.021076,-1.0287,-0.0047144,0.00077274,0.0039634,0.092742,-5.775,-0.33103,-31.247,0.81141,17.614,-1.2352,-18.565
44.9,0.0023647,-0.0044392,0.0022861,-1.0067,-0.0022905,-0.010246,0.0057685,-0.79626,-5.194,-1.2679,-31.713,-0.53544,18.057,-0.11874,-17.189,-0.015685,-0.0022364,0.0081757,-1.0041,-0.0020316,-0.0047452,0.0027447,0.16123,-4.8137,-1.165,-30.596,-0.19034,16.828,1.0096,-17.735
45,-0.0024323,-0.0029701,0.0057453,-1.0121,0.002552,-0.00065997,0.00023867,-0.74288,-7.003,-1.2,-31.571,-1.4233,17.642,0.47388,-17.022,0.0058923,-0.013975,0.00458,-1.0143,-0.0037816,-0.0028532,0.0065523,-0.43794,-5.1999,0.34745,-31.439,-0.55575,16.757,0.18299,-17.558
45.1,0.0027697,0.0022985,0.015823,-1.0102,-0.0052789,0.0035325,-0.0031812,-0.33819,-4.2979,-0.57399,-30.047,-1.4786,16.382,-2.3314,-18.809,-0.0080604,-0.0074877,0.012023,-0.9855,0.0083082,-0.0014066,0.0088214,1.4041,-4.7454,-1.6299,-31.008,-1.1928,18.151,-1.4391,-18.612
45.2,-0.00050465,-0.0011429,0.003196,-0.99567,-0.0034835,0.0025498,-0.0010632,1.0696,-4.207,0.55966,-31.261,-0.71322,17.839,1.4814,-18.121,0.011179,-0.028212,0.02084,-1.0016,-0.00049579,0.0038987,-0.0039864,-0.25198,-1.5848,2.4007,-31.368,1.9542,18.931,0.33865,-16.516
45.3,0.010738,-0.0098571,0.011121,-0.99463,0.007037,0.0069947,-0.0023432,0.7416,-5.2849,-1.864,-30.165,1.5234,16.618,1.6438,-17.926,-0.0043196,-0.0038239,0.0091753,-0.99362,-0.0046632,0.0084928,0.0064691,-0.65638,-5.9618,1.1259,-31.26,0.97386,18.051,1.1397,-17.689
45.4,-0.0068087,-0.0057477,-0.0092166,-1.0008,0.0038635,-0.0052967,-0.00053632,-0.11632,-4.6301,-2.3112,-30.645,-0.21453,17.123,0.19718,-15.085,0.003755,0.0075217,0.007481,-1.0233,-0.0064941,-0.0042892,-0.0031138,0.54176,-5.9367,0.24052,-30.081,-1.1683,19.036,-0.20779,-17.472
45.5,-0.010486,-0.011231,-0.0038555,-0.99459,0.0031811,-0.0081867,0.011174,-0.97629,-4.977,-0.86702,-30.539,-0.96317,20.429,0.70754,-15.649,0.014731,0.003062,0.0013574,-1.0001,0.006184,0.0037667,0.0032529,1.1374,-5.1574,-0.21177,-29.746,-0.49206,18.197,-0.39513,-18.097
45.6,-0.0045691,0.012837,-0.016386,-1.0091,-0.0040655,0.0049403,0.00076668,-1.3224,-4.7505,-0.47516,-31.353,-0.43083,16.701,1.6261,-18.475,-0.0020624,-0.0012161,-0.0033432,-1.0146,-0.0017064,0.0062314,-0.0016209,0.10795,-4.7416,-0.32163,-28.992,1.8172,17.462,-1.2215,-17.042
45.7,0.019531,0.0083931,0.013606,-0.99821,0.0024273,0.0026851,0.0033127,2.0445,-4.4178,0.93851,-31.084,0.84458,18.925,0.41925,-18.208,0.0012383,-0.0021402,-0.0045575,-0.99578,-0.00098967,0.0102,0.0010626,1.8674,-5.4811,-2.8954,-32.13,0.55349,17.101,0.72804,-16.068
45.8,-0.0020397,0.0091062,0.019358,-1.0073,-5.5581e-05,0.0043002,0.003464,0.48532,-5.531,0.26669,-31.238,0.84919,16.524,0.46304,-17.115,0.0023127,-0.0099089,-1.4176e-05,-0.99331,0.0054387,-0.0023376,0.0043438,-1.7162,-4.6378,-0.49694,-32.121,2.514,16.867,2.2406,-17.729
45.9,0.010473,0.011718,-0.0067559,-0.99661,-0.0014035,-0.0072679,-0.00079833,0.99488,-7.1022,0.62192,-31.005,-0.13689,16.981,-1.0839,-15.934,-0.019584,-0.0090249,-0.0014283,-0.99297,-0.0017341,0.0060984,-0.0053165,2.2947,-3.4691,0.087182,-29.182,-0.81264,16.896,-1.5953,-15.793
46,-0.0089074,0.0089906,0.0091206,-0.98326,-0.0018787,-0.00012603,-0.00079882,0.66209,-4.4872,-2.61,-29.643,0.87496,16.778,-0.4173,-17.767,-0.0067994,-0.002338,0.012121,-1.0028,0.00087774,-0.0065996,-0.0062416,1.7817,-3.6257,-2.1506,-31.622,0.081798,16.343,-0.50013,-16.955
46.1,0.012646,-0.0082795,-0.013486,-0.99944,0.0068963,0.00057052,-0.0054232,-0.76053,-4.3172,-2.0222,-31.475,-1.0352,15.447,-0.3638,-17.568,-0.012309,0.0051787,0.0023249,-1.0068,-0.0060197,-0.001277,0.0064653,-0.38417,-5.7216,-0.64994,-30.053,-1.6415,17.563,0.47642,-15.587
46.2,0.012735,0.0014423,-0.012416,-1.0022,0.0068936,0.0069003,-0.0081723,-0.024929,-5.5174,-1.6496,-32.119,0.16373,17.904,-0.61161,-16.628,0.021272,-0.011743,0.0063467,-1.0139,-0.0033231,-0.0099143,0.0061659,-1.4419,-3.4979,0.093523,-30.671,2.5742,18.186,0.62226,-15.39
46.3,0.024725,-0.014383,-0.0020535,-0.98601,0.0029837,-0.0032451,-0.0031119,-0.076596,-3.2761,-0.87365,-31.322,0.19955,17.66,1.0009,-16.345,0.00075781,-0.0062887,0.014397,-0.99059,0.0010702,-0.007699,0.0046829,0.47319,-4.76,-0.56467,-30.726,1.6572,15.235,0.86944,-18.246
46.4,-0.017583,-0.0048612,-0.0054373,-1.0018,0.0010812,0.0036434,0.0039928,0.60877,-6.1124,-0.73478,-30.162,0.1594,16.992,-1.1995,-17.219,0.010003,-0.012353,-0.012287,-1.001,-0.0020863,0.0029744,-0.0049766,0.021156,-5.5317,-1.2253,-30.741,0.15343,17.861,1.2434,-16.553
46.5,-0.014895,-0.0073036,-0.00017536,-1.0216,-0.0030769,0.0023767,0.0017774,0.21778,-4.7859,0.91124,-32.564,-1.2305,17.467,0.88379,-16.363,-0.014529,-0.0070357,0.0028682,-1.0222,8.0985e-05,0.0054726,0.0014239,1.8819,-3.563,1.2838,-31.07,-0.60521,18.034,0.253,-16.555
46.6,0.0015681,0.0059871,0.0024591,-0.98164,0.00012671,-0.0010939,-0.0016203,-1.3184,-3.1842,1.277,-31.323,0.75051,18.701,-0.20847,-15.816,0.012943,0.0088757,0.011529,-0.99904,-0.0020292,-0.012772,-0.003652,-0.30263,-4.218,-0.73852,-32.223,0.095176,17.573,3.1477,-14.519
46.7,-0.00078178,0.013954,0.016595,-0.99298,0.0044933,-0.0033999,0.01265,0.36929,-6.3885,0.73158,-30.438,-0.23455,16.8,0.71827,-15.781,-0.0080831,0.0027125,0.0027415,-1.0197,0.0055495,0.0021905,-0.0067068,-1.6723,-4.3483,-2.136,-30.4,2.6564,19.718,0.29838,-17.984
46.8,-0.0021551,-0.016425,-0.0089589,-0.99217,0.0073153,0.0051616,0.0059449,-1.2044,-5.7108,-1.1607,-30.64,0.52076,16.358,1.8654,-18.281,0.0073792,0.002702,-0.028916,-0.9997,0.002905,0.0070099,0.00077604,-0.018046,-4.8306,-0.60078,-32.395,1.3762,17.943,-0.32549,-18.412
46.9,-0.011209,-0.003397,0.00080464,-1.0044,-0.0031208,0.011261,-0.001679,0.68174,-3.6507,-0.92299,-32.568,-2.2281,16.913,-0.144,-16.344,-0.0071834,-0.0035163,0.00044439,-1.0049,-0.00088036,-0.0031753,-0.0070263,-0.17623,-4.6706,0.10184,-32.291,-0.69887,19.375,-0.37729,-16.996
47,0.0058997,-0.00344,-0.004573,-1.0114,0.0002892,0.0055882,-0.001817,0.52871,-3.9574,0.57693,-33.111,-0.65422,18.902,-1.4625,-14.892,0.018754,0.00066096,-0.00058053,-1.019,0.00015686,-2.9523e-05,0.0027883,-0.028941,-3.3643,-0.28303,-33.353,-0.018793,18.434,-1.1275,-18.458
47.1,-0.002686,-0.0055898,0.0032347,-0.99371,-0.0028254,-0.00016411,0.0029826,1.1195,-3.8962,-1.0543,-33.396,1.1294,16.965,-0.4506,-15.188,-0.010828,0.013276,0.012014,-0.99169,-0.0026816,0.002334,-0.002402,0.71918,-4.7505,0.77837,-31.417,-0.30819,17.319,-1.418,-16.563
47.2,0.0014206,0.00037579,-0.0035233,-1.0102,-0.0048075,-0.0064749,0.0016168,1.3069,-5.5373,0.27637,-29.324,1.2404,17.94,-0.98168,-16.215,0.010926,-0.012187,-0.011069,-1.0118,-0.0014304,-0.005889,-0.0025476,-0.44237,-4.5232,-0.12653,-30.643,-1.55,15.875,0.20008,-16.614
47.3,0.016387,-0.0038681,0.0014032,-1.0032,0.0062574,-0.0041142,-4.0621e-05,-1.0329,-2.8645,-0.25307,-30.61,0.94105,18.104,-0.024459,-17.447,0.0029237,-0.010101,0.013394,-1.0096,0.0041037,-0.0039123,-0.013208,-0.77831,-5.8024,-1.4928,-31.171,-0.39087,19.55,0.84061,-17.047
47.4,-0.024989,-0.0045475,0.01534,-0.99969,0.011312,0.0022537,-0.0028059,-1.6745,-5.9895,-0.92575,-31.473,0.63269,18.588,1.8399,-16.767,-0.0022848,0.0079209,0.0029343,-1.0077,0.0038839,0.0025309,-0.0062663,-0.25485,-5.7697,-1.5588,-33.093,1.5746,15.836,0.73733,-17.602
47.5,-0.0088183,0.023305,-0.009819,-1.002,-0.0062796,-0.0060686,-0.0022395,-0.38723,-5.1394,2.0999,-33.011,-0.15632,19.341,-0.084155,-17.077,0.0087119,-0.0055524,-0.011495,-0.99519,-0.00064964,0.0053454,-0.0042083,0.66454,-4.1161,0.96164,-30.951,0.411,17.839,0.32518,-16.107
47.6,0.0042221,0.0033457,0.011971,-0.9921,-0.0093712,0.0011392,0.0026814,-0.52427,-5.2669,-1.4369,-31.236,-0.26391,17.867,-0.15608,-16.569,-0.0029466,7.3246e-05,-0.0039812,-0.99017,0.0011343,-0.0043911,5.7028e-05,0.36619,-5.7395,0.48443,-31.917,-0.75495,17.338,-2.2993,-15.86
47.7,0.0036298,-0.016149,-0.0076866,-0.99702,0.0037847,0.0058868,-0.0014695,-0.38186,-3.4345,-0.57153,-30.694,0.56694,16.839,1.9307,-16.483,-0.0045461,-0.00051684,-0.0054967,-0.99246,-0.0031587,0.0039508,0.006871,-0.43224,-3.7531,-2.5852,-31.501,-0.12886,17.361,1.1592,-17.142
47.8,-0.0086631,0.0046766,-0.00091148,-0.98541,-0.0067451,0.0024848,0.005728,1.3326,-5.0976,-2.0332,-33.141,0.33841,18.08,0.73003,-16.272,0.00049218,0.0028253,0.0018544,-1.0126,-0.0021808,-0.0043944,0.0057823,0.5612,-5.0174,-1.3908,-32.379,0.80951,17.786,-0.74848,-15.963
47.9,-0.013255,0.018365,-0.0021943,-1.0036,-0.00044146,-0.003198,0.0025646,0.42321,-3.4848,-0.52417,-31.733,0.56572,14.929,-1.1708,-17.281,-0.011308,-0.0034386,-0.016383,-0.99625,-0.006737,0.0047222,-0.0046769,1.0832,-3.5099,-0.55179,-31.107,-0.45219,17.626,-0.37082,-17.244
48,-0.0099618,-0.013601,0.015182,-0.9859,-0.0011891,-0.0032456,0.0039938,-1.4895,-2.833,0.63862,-32.417,-0.28147,17.795,-1.2916,-16.366,-0.011085,-0.00055194,0.0099392,-0.9934,0.0017522,-0.0018632,0.0037612,1.0104,-4.6587,0.48159,-32.991,-2.4081,16.934,-1.0961,-17.568
48.1,-0.010034,0.0059662,-0.0042562,-1.0209,0.0037824,0.0047287,-0.0036223,-1.3099,-5.2134,-0.15539,-32.699,0.63395,20.657,-0.81773,-15.385,0.012267,0.004048,0.0011377,-1.0014,-0.0076868,0.0011598,0.0016215,0.28969,-3.3931,-0.49237,-30.216,0.58784,17.083,0.5062,-17.688
48.2,0.0029426,-0.0087032,0.0029849,-1.0104,-0.0015196,0.0027519,-0.003442,-1.3801,-7.0237,-3.1918,-32.977,1.8136,16.99,0.89275,-16.233,-0.010988,-0.0055201,0.01854,-1.0078,-0.0034432,0.0075068,-0.0030954,-0.45071,-5.4418,-1.3835,-32.434,1.2351,17.208,-0.031129,-17.606
48.3,0.00083181,-0.0023719,0.0043598,-1.0072,0.0038138,0.0029251,-0.0062535,1.9108,-6.1021,-1.3678,-31.704,-0.91799,20.107,-0.28697,-18.39,-0.0047026,-0.0090646,-0.0015461,-1.0122,-0.00081762,0.0023598,-0.0073144,-0.43796,-4.2467,-0.56713,-31.332,-0.047395,17.212,0.37836,-16.82
48.4,0.022168,0.010101,0.0042703,-0.98272,-0.011749,-0.0070914,-0.0012507,-0.55224,-3.7935,2.5455,-32.248,-0.37354,17.893,0.50194,-18.096,0.013914,0.0034156,-0.0056664,-0.98757,0.0021976,0.00049991,0.0041532,1.1757,-3.3788,-0.27642,-32.323,0.45637,18.746,-2.2005,-17.791
48.5,0.0052201,0.0083005,0.006262,-1.0048,-0.001208,-0.0018433,-0.001141,-1.1393,-4.8517,-1.8551,-32.645,0.87604,20.09,-0.19612,-15.451,0.0039122,0.0038843,-0.012888,-0.96616,-0.0013871,0.0028924,-0.0069381,-1.2004,-5.2103,-1.6412,-32.646,-0.281,16.132,0.075174,-17.251
48.6,-0.0046567,-0.011684,0.0022911,-0.99356,0.00016778,0.0063983,-0.0042485,-1.7797,-4.179,0.34332,-32.846,-1.0314,18.118,0.94843,-17.461,-0.011644,-0.0023552,-0.007099,-1.0037,0.0022544,-0.0033315,0.0014999,-0.76036,-5.44,-2.2091,-32.516,0.8912,18.584,0.39771,-16.272
48.7,0.011635,-0.004339,-0.0085532,-0.98854,0.011345,-0.0053757,-0.0068956,-0.71403,-2.6832,-0.93639,-30.293,1.1431,17.235,-0.60892,-16.178,-0.015162,-0.0051856,0.011346,-1.0025,0.002016,-0.0043116,0.0063475,-0.33946,-3.8826,0.92526,-31.232,-0.17115,18.238,2.5614,-16.131
48.8,0.013054,-0.0037984,-0.0059538,-1.0007,0.0015284,0.0072096,-0.00093939,0.35011,-4.4539,-0.25252,-31.891,0.37433,16.415,-0.96913,-15.277,-0.0083078,0.00745,-0.00022941,-1.0113,0.005609,-0.0072966,0.002223,-0.70196,-3.8294,1.9087,-30.526,-0.29787,17.562,-1.7536,-17.225
48.9,-0.010745,0.0096648,0.006931,-1.0124,0.0045023,0.0016694,-5.2103e-05,-0.40708,-3.0089,0.73273,-32.238,0.31999,18.264,-1.3297,-18.375,-0.013,0.0043168,0.0058073,-1.0097,0.014585,0.0078456,-0.00075594,0.89593,-4.9256,0.34975,-33.096,0.18814,17.512,-2.8103,-17.278
49,-0.0048479,-0.0078576,0.0046108,-0.99521,-0.006904,-0.0062273,0.0013628,1.7268,-4.4278,1.8288,-32.386,1.855,19.172,-1.8399,-15.934,-0.0012362,-0.021138,0.0074342,-1.0037,0.0034679,-0.002947,-0.00064769,-0.82957,-3.3474,-0.097621,-31.771,-0.94258,17.508,-0.85748,-16.408
49.1,-0.0053272,0.0074494,-0.0029166,-1.0146,0.0036325,-0.0011897,-0.0061017,-1.9912,-2.4418,-0.53319,-32.81,0.75434,17.237,0.4074,-18.238,-0.017384,-0.011252,0.0044504,-1.0087,-0.0040141,-0.0023928,0.0015996,0.21847,-4.3495,0.36569,-33.423,1.0059,18.921,0.11776,-17.523
49.2,0.012479,0.0038931,0.014349,-1.0176,0.0060089,0.0056612,0.0010044,-0.50521,-5.1891,-2.2209,-32.384,0.84041,16.993,-0.50359,-15.308,0.012334,6.3776e-05,0.0099566,-1.0131,0.0087134,0.0049664,-0.0027198,-0.077005,-5.8394,1.6754,-30.283,1.5101,18.582,0.24976,-15.074
49.3,0.0050043,0.0013227,0.00052648,-1.0217,0.0032468,0.0024268,-0.0080182,0.92998,-3.5207,-1.2537,-32.654,-0.24077,18.563,-1.0425,-17.296,0.0062023,-0.0018226,-0.010883,-1.018,-0.0013704,0.0019345,-0.0045652,0.61525,-3.3135,1.2567,-31.103,0.52381,17.777,-2.0971,-17.832
49.4,0.0032182,0.0025026,0.0082307,-0.99104,-0.0033875,-0.0015527,-0.002939,-0.27843,-2.98,0.27679,-32.794,-1.5251,17.379,-0.12216,-16.592,0.02469,-0.010158,-0.01734,-0.99224,-0.0031278,-0.0020846,-0.0031417,0.90522,-4.4626,0.55862,-31.811,-1.8727,16.447,-1.2692,-17.898
49.5,-0.010811,0.0056916,0.0039026,-1.0076,-0.0081823,0.0019822,-0.0022942,1.5638,-3.4881,1.3246,-31.737,1.7189,18.053,0.72514,-17.415,0.0047674,0.0071465,0.0043752,-1.0034,-0.0042626,-0.0070911,0.0050944,0.88706,-2.6299,0.53571,-32.605,0.01799,16.492,-0.5879,-19.77
49.6,0.0085311,-0.0024347,0.0091184,-1.0038,0.0020087,-0.0009394,0.001125,0.0011537,-5.087,-0.62766,-33.211,1.0428,19.108,1.8182,-15.175,-0.0065402,-0.017888,-0.014739,-1.001,-0.0145,0.0052287,0.0036248,-0.68203,-3.3063,0.46328,-31.093,0.070396,18.136,2.7777,-17.853
49.7,-0.0048715,0.012662,0.0064766,-0.99381,0.0070191,-0.0013487,0.0071009,0.88921,-4.8139,1.1323,-33.361,1.7013,19.27,2.3404,-15.931,-0.006757,-0.0020173,-0.0026411,-1.0054,0.0032835,0.0040934,-0.0061005,-2.2465,-4.7035,-1.5608,-32.464,0.31929,15.408,3.1477,-15.699
49.8,0.0091758,0.0040894,-0.0060049,-0.9946,0.0056971,0.0041087,-0.0033566,-0.51306,-4.6823,-0.40191,-30.647,0.75745,19.721,0.11457,-16.175,-0.0022736,-0.013919,0.0019557,-0.99845,0.0022822,-0.01094,-0.001856,-0.096308,-5.3638,0.067457,-30.617,0.61105,18.062,1.2522,-17.568
49.9,0.015235,0.0040835,-0.0058546,-0.99565,-0.007702,0.0025211,-0.0056533,2.722,-2.8546,1.295,-30.303,-1.4834,18.479,-1.0004,-16.273,0.0037836,0.012152,-0.001273,-0.99617,0.0029766,0.0068772,0.0035074,1.3397,-5.0422,0.91689,-31.768,0.2368,17.142,-0.28762,-15.776
50,-0.005028,-0.0021074,0.0030258,-0.99472,0.0019973,-0.0053222,4.741e-05,-0.76924,-3.9889,-1.444,-32.611,-0.65539,16.252,-0.70379,-17.334,-0.02488,0.014815,0.0049207,-0.98973,0.0047855,0.0048216,0.00165,0.14299,-4.5102,0.50638,-32.903,-0.38439,17.235,0.49963,-17.286
50.1,-0.0010962,-0.0018188,-0.0026653,-1.0075,0.0049157,-0.001027,0.0040858,-1.8365,-3.882,-0.26403,-32.909,-0.52584,18.371,2.0179,-15.926,0.013349,0.00067319,-0.0074298,-1.0121,0.0018464,0.0023696,-0.0015191,-0.40741,-4.5933,-0.26228,-33.36,1.3107,15.921,0.58732,-15.468
50.2,-0.0061794,0.014683,-0.0078867,-0.98492,0.0055432,-0.010103,0.002019,0.7972,-5.8575,-0.39256,-32.973,0.2163,18.759,-0.9873,-15.916,-0.0025252,0.0039153,0.016331,-1.0112,0.006438,0.0031283,-0.0054053,0.27587,-4.4479,-2.3134,-32.733,1.5754,18.548,-0.63929,-14.951
50.3,0.00059861,-0.017117,-0.0061485,-1.0092,0.0021428,0.0023812,0.0027874,1.8905,-4.9883,1.2087,-31.92,-0.041476,19.043,-2.3107,-16.871,0.018745,0.015617,0.0058,-1.0059,-0.0011837,0.0052455,0.00022458,0.094294,-2.3864,-1.6274,-32.788,-2.3085,18.934,-0.70566,-16.223
50.4,0.0048438,-0.0058883,0.0078871,-0.99086,0.0013103,0.0025808,-0.0057539,-1.3135,-4.1027,0.4363,-31.322,1.3621,17.685,-0.13573,-18.051,-0.0086978,0.010096,-0.0015969,-0.99289,-0.011364,0.0023366,0.0043109,2.2781,-3.8137,3.1418,-33.88,-0.19485,18.08,0.67212,-18.487
50.5,-0.01396,0.017567,-0.014124,-0.98967,-0.0090429,-0.0076429,0.0027431,1.8853,-3.2587,-0.2017,-33.476,0.035057,17.411,-0.082589,-15.99,-0.012871,-0.0078672,0.012276,-1.0127,-0.0046226,-0.00014835,0.0057633,-1.6335,-2.7428,0.26099,-31.63,-0.26806,18.211,0.41401,-16.342
50.6,-0.0060236,-0.0031082,0.0088749,-1.0032,-0.0030015,0.0051097,0.0022161,-0.84288,-2.9951,0.30488,-34.456,1.2421,17.993,-0.49979,-17.343,-0.024522,-0.0014903,0.0034278,-0.99575,0.0029907,0.0017009,0.00054166,-1.5399,-3.5403,-1.3147,-32.295,0.42484,16.726,1.8962,-18.263
50.7,-0.019291,-0.0041905,-0.018192,-0.99794,0.0024156,0.003194,-0.003923,-0.46956,-3.2304,0.050396,-33.56,1.9345,18.657,1.352,-15.908,-0.020958,-0.0031807,-0.0027215,-1.0003,-0.0033925,0.0074365,-0.014121,0.98408,-5.4804,0.061211,-31.982,-0.14225,17.623,1.0371,-16.921
50.8,-0.012655,-0.02125,0.0036732,-1.006,0.0039938,0.0066266,-0.0011926,0.011179,-5.9001,-1.511,-34.688,0.60222,18.326,-0.049505,-16.906,0.011723,0.014199,0.0099137,-1.0092,0.00040966,-0.0018399,0.0028036,0.97311,-4.4659,-0.49222,-32.878,1.2355,17.351,-1.5069,-15.334
50.9,-0.016006,-0.00020982,-0.015199,-1.0079,-0.0012923,-0.0024353,-0.0022359,0.38335,-3.4624,1.0728,-32.487,-0.20708,19.042,0.39346,-15.824,0.0036535,0.010969,-0.0071927,-1.003,0.0036603,0.0060964,0.0037365,0.43748,-4.206,0.0074214,-33.68,-1.3107,18.214,-0.82717,-16.339
51,-0.01603,-0.00057602,0.0097921,-1.0069,0.0030698,0.0095931,0.0056394,0.57495,-4.5317,1.54,-34.892,1.2044,16.906,-2.0789,-16.179,-0.003437,-0.0087305,0.010375,-1.0036,-0.0048073,0.012655,-0.0019532,1.164,-2.9541,-0.16849,-32.129,0.79075,17.621,-0.88944,-15.272
51.1,-0.00041184,0.005416,0.0077921,-1.0084,-0.0076701,0.0066478,-0.0015185,0.40679,-4.6288,0.34011,-33.129,0.86303,18.484,0.74753,-16.577,-0.01755,0.00076253,-0.0094556,-0.99687,-0.0018698,0.0071469,0.0078464,1.0941,-4.4942,-0.29413,-32.464,0.19881,17.195,0.71118,-16.775
51.2,-0.0038639,-0.015999,-0.00021014,-0.99952,0.00061898,-0.0033511,-0.0042413,-1.0041,-3.5862,-1.2147,-30.566,0.17529,19.296,0.22619,-15.887,-0.012685,0.018035,-0.0070755,-1.0016,0.0030219,0.00088842,0.0043584,-2.0653,-5.5526,0.063228,-31.363,2.2317,18.317,2.4347,-16.173
51.3,0.0049767,0.023026,-0.0079762,-1.0036,-0.00044999,0.0070327,0.0043124,-1.67,-6.1741,-2.9041,-32.167,-1.4966,19.889,1.6753,-16.682,0.0038233,-0.014348,-0.01056,-1.0048,-0.00063038,-0.0016347,-0.0012461,-0.88981,-4.1116,-1.8688,-33.945,0.10298,20.488,-0.31445,-16.051
51.4,0.005906,0.019506,0.009861,-1.0065,0.0028364,0.0078607,0.0039122,-0.97958,-4.5343,0.27352,-33.224,0.70507,18.082,0.5037,-18.081,0.002114,0.018363,0.0050327,-0.99838,-0.0012456,0.007832,0.005353,1.82,-4.7859,0.40099,-31.72,-1.8289,18.971,0.12785,-17.728
51.5,0.00019945,-0.0061079,0.017404,-0.99713,0.003794,-0.0068326,0.010583,0.36532,-4.6702,1.0713,-34.421,-0.61597,17.502,-1.0865,-16.688,-0.02376,0.0011968,-0.0016479,-0.99046,-0.0035005,-0.0013854,-0.00028348,-1.6958,-4.0813,-0.62703,-31.982,-1.9297,19.191,-3.0302,-17.427
51.6,-0.030546,-0.0070494,0.006381,-1.0115,0.0028392,0.0010108,-0.0056686,-0.03003,-3.8939,1.6014,-33.315,0.43712,16.667,-0.98401,-16.655,-0.0014641,-0.0039233,-0.014383,-0.99345,-0.0055785,0.0090299,0.0019487,0.11509,-3.6306,-0.37568,-35.485,-0.90025,17.695,0.48395,-16.761
51.7,-0.014686,0.0013411,-0.0068174,-1.005,-0.0044582,0.0026363,0.0041211,-0.77798,-4.6686,0.88828,-33.678,0.15428,17.095,0.086493,-16.616,0.0025092,-0.0026945,-0.012858,-1.0151,-0.0039303,-0.0045874,0.0025658,-4.3339,-4.4171,-0.88718,-32.02,1.5171,18.135,0.90871,-17.192
51.8,0.0032028,-0.0096142,0.022049,-1.0156,-0.0057916,0.0048424,0.0042591,-3.5447,-4.6193,-1.733,-35.387,0.8567,18.927,1.8817,-15.623,0.017877,0.003912,0.019526,-1.0056,0.0048509,0.0015947,-0.0075402,-2.1525,-4.6926,0.71682,-33.041,0.88017,15.603,-0.91605,-14.743
51.9,0.010213,-0.0079152,0.0023953,-1.0074,-0.0015625,0.004773,-0.00031635,-0.77894,-6.1077,-2.5709,-33.224,0.66349,17.886,0.42706,-16.374,-0.011519,-0.0068225,0.013069,-1.0001,-0.003386,0.0044404,-0.002081,-0.027555,-3.6302,-2.3103,-34.177,0.010683,18.518,-0.25653,-16.649
52,-0.0042437,0.0058818,0.020233,-0.98173,0.0016787,0.0097452,-0.0040657,-1.6834,-5.1193,1.1187,-33.757,-3.2563,18.046,0.15777,-18.499,0.0047612,0.019211,9.4061e-05,-1.0151,0.0055582,-0.0025677,-0.0072077,0.17191,-4.8584,0.88095,-32.149,1.2277,19.731,-1.2158,-15.272
52.1,-0.0018335,-0.0084068,0.009326,-0.99053,-0.0067693,-0.0029666,-0.0043028,1.962,-3.2326,0.12571,-31.786,0.76282,17.574,-0.57628,-17.573,0.0054104,-0.017498,-0.009255,-1.0053,0.0084841,-0.0076291,0.00066121,-0.34772,-4.467,1.0151,-35.083,0.33039,18.778,-0.5656,-16.585
52.2,0.017058,0.0066375,0.0080321,-0.99495,-0.0034936,0.0012414,0.0087693,-0.20802,-6.0152,0.22967,-35.012,1.749,18.966,0.56032,-17.844,0.011039,-0.0019153,0.0018818,-0.98335,0.00070297,-0.0021997,0.00048365,-0.73877,-3.9572,-2.3046,-32.142,2.955,17.812,0.92956,-16.033
52.3,0.013069,-0.00357,-0.0028227,-0.98864,-0.0087204,0.0028636,0.0037245,-1.173,-2.6477,-2.1241,-34.47,-1.2827,17.066,0.22094,-16.166,0.0033894,0.011788,-0.018044,-1.0068,0.0075799,0.00022341,0.004898,-0.95729,-3.8565,-1.1316,-32.257,0.23374,18.985,-1.6631,-18.338
52.4,0.0043845,-0.0032969,-0.0086279,-0.99552,0.0061088,0.0040566,0.0059864,-1.1957,-1.7245,-0.52214,-32.934,1.6923,20.296,1.6425,-15.904,0.011252,0.020048,0.0094093,-1.0046,0.00080772,0.0021295,0.0030312,-1.9879,-4.3475,-1.4118,-32.249,-1.3022,18.995,-0.45006,-14.788
52.5,0.002764,-0.0021665,0.006355,-0.99957,0.0042621,-0.0047527,-0.0026619,1.0396,-3.0917,-2.3431,-33.054,0.51814,18.139,0.25315,-15.654,-0.013321,0.0092455,0.0016518,-1.0074,-0.0013161,-0.0099937,-0.0036038,-0.25512,-3.3006,0.4878,-34.222,-2.5008,19.721,-0.60138,-15.382
52.6,0.020442,-0.0026225,-0.0048252,-0.99568,0.0028443,-0.0012595,-0.0068155,1.2408,-3.5739,0.71264,-32.89,-1.0623,18.125,-2.0859,-17.358,-0.0029589,0.00071849,0.011295,-1.0074,0.0028583,-0.0066713,-0.0086117,0.3562,-3.8157,-0.069228,-32.867,-0.5034,17.499,-1.0526,-17.613
52.7,0.0058408,0.0014308,-0.0025115,-1.0195,-0.0032303,0.0023737,-0.00019047,-0.083675,-4.9303,-0.15452,-33.458,-0.013592,18.822,0.31162,-16.835,0.0065423,-0.013733,-0.0054799,-1.0059,0.00024822,0.0067793,0.0010862,-0.09028,-6.0129,-1.0865,-34.222,1.6315,18.098,0.70323,-18.113
52.8,0.0088343,0.014801,-0.0014099,-1.0021,-0.0026976,-0.00509,0.0043005,-1.4283,-4.6817,-1.5247,-36.026,0.16905,18.787,0.30948,-18.345,-0.014575,0.017997,-0.0066164,-0.99381,0.0051576,0.00012423,-0.0033169,-0.40847,-3.5136,0.60312,-33.828,1.4025,19.265,0.57448,-15.574
52.9,0.0046564,0.014184,0.0042951,-1.0027,-0.00071002,0.010091,0.00055406,-1.1446,-3.4061,1.2296,-33.763,0.81587,17.637,1.0569,-15.11,0.012844,-0.0018991,0.0063365,-0.99334,-0.0060991,0.00012415,-0.0043582,-1.3723,-3.2469,1.4104,-34.667,0.90135,19.499,-2.2812,-16.081
53,-0.002392,0.0067978,-0.012952,-0.99083,0.0015792,0.002495,0.010535,-1.4885,-4.5986,0.73365,-32.065,0.18322,17.79,0.38677,-16.801,0.0010926,-0.011404,0.0033338,-0.99713,-0.0047615,0.0011613,0.0054367,-0.82903,-2.9521,-0.86679,-34.235,1.4883,19.38,0.79609,-15.923
53.1,-0.02089,-0.00092699,0.0091059,-1.0215,-0.0034454,0.0019324,-0.0073406,1.2659,-3.5266,0.80117,-34.184,0.75615,18.516,-1.2797,-15.147,-0.0019526,-8.6701e-05,0.0081581,-0.99139,-0.0076717,0.0041316,0.0026269,-0.77832,-2.6185,0.65215,-32.174,-0.47641,20.96,-1.2831,-15.833
53.2,0.0018176,-0.0070914,-0.0051527,-1.0022,-0.00024776,0.0013889,-0.0023125,0.22826,-2.9395,-0.33363,-33.573,2.2452,18.282,-1.5038,-16.666,0.026001,-0.0027076,0.01186,-1.0055,-0.0044021,-0.0017703,0.0010572,-0.36833,-3.7243,-0.021401,-31.709,-0.20028,17.315,1.6443,-17.321
53.3,-0.0070571,0.018808,0.020708,-1.0016,0.00094029,0.0041012,-0.00038326,-0.38711,-3.5307,-0.15052,-34.214,0.29113,19.901,1.613,-15.674,0.0055596,-0.0062071,0.01821,-1.0054,0.0016268,0.0076512,-0.0058381,-0.93586,-3.5237,1.1961,-34.73,0.41091,17.649,0.26679,-17.353
53.4,0.010021,0.014211,-0.010259,-1.006,0.0099715,0.0029872,-0.00085863,1.0157,-2.0137,-0.34651,-33.511,0.92966,18.735,-0.012335,-17.272,-0.0049975,0.011535,0.0069496,-0.98035,0.0065757,-0.0040267,-0.00424,-0.87235,-4.53,-2.0152,-33.848,1.314,17.304,-0.30908,-16.374
53.5,0.0059659,-0.0017645,0.011155,-0.99921,0.002199,0.0074019,-0.003842,0.38983,-4.5261,1.4406,-34.943,-0.31972,18.596,0.093031,-14.865,-0.0031976,-0.00053386,-0.0047369,-1.0095,-0.0032616,0.012714,0.0053473,0.20842,-5.0075,1.0955,-32.779,-2.0511,20.101,0.00373,-16.49
53.6,-0.020413,-0.0066139,-0.0024356,-0.99182,-0.0040906,8.9327e-05,0.0021954,0.4856,-2.6152,-0.89953,-33.9,1.7263,17.625,-0.65649,-17.786,0.013213,0.015852,-0.00049671,-0.9828,0.0074442,0.0015707,0.0065118,0.97747,-4.5902,0.61611,-34.473,-2.4825,19.276,-0.578,-17.958
53.7,0.0058396,0.011894,0.0026437,-1.001,-0.002675,-0.0035126,0.0013518,-1.1683,-4.4204,-2.4724,-34.497,1.4547,20.217,0.92853,-17.495,0.01322,-0.01799,-0.0080066,-1.0134,0.002238,-0.0027891,-0.00044388,-1.5856,-3.226,-0.00022745,-32.555,0.91377,17.482,0.38036,-16.827
53.8,0.0057085,0.017175,-0.0099639,-0.99698,0.0024418,0.00056297,0.0002333,-0.078873,-2.2439,0.28814,-34.752,1.0748,17.277,1.8439,-15.794,0.0089353,-0.0046684,-0.0024447,-0.99041,0.0041947,-0.0091796,-0.0030467,0.41842,-4.2208,0.79918,-34.045,0.99914,17.787,-1.1172,-16.135
53.9,-0.01987,0.028402,-0.022768,-0.98544,0.0072914,0.005306,-0.0050456,-0.76281,-3.1374,1.4361,-34.35,0.69826,20.365,1.2437,-18.327,0.0013074,0.014485,-0.0035712,-0.98342,0.0057681,0.0044692,-0.0037744,0.40189,-5.1439,-0.3519,-34.348,0.60517,20.087,0.65506,-17.182
54,-0.0050388,-0.021899,-0.01225,-1.0301,-0.012511,0.0072671,-0.010137,0.21414,-6.187,1.7853,-33.42,-0.77352,18.942,-0.25592,-15.196,0.013223,-0.015509,0.012898,-0.99203,-4.0816e-05,0.0037348,0.0049682,0.92791,-4.0908,-0.11601,-32.182,-1.1262,19.57,0.9151,-15.526
54.1,-0.00322,0.021955,0.010891,-1.0055,0.00019927,-0.0055408,0.003381,-1.3649,-3.4663,-0.67904,-34.016,-1.9146,18.237,-0.41148,-16.078,0.004232,0.0065718,0.0069448,-0.98608,-0.0028879,-0.0035603,-0.002258,0.10747,-5.6457,0.51211,-34.679,-0.485,17.212,-0.67686,-15.043
54.2,0.010231,0.015722,-0.0076362,-1.0014,-0.0012299,0.00080624,-0.00048844,-0.72925,-3.5895,-1.2362,-32.436,-0.85764,18.231,0.32907,-16.109,0.0030178,0.007208,-0.0055668,-1.0084,0.0028225,-0.0012229,0.0012537,0.97766,-3.3657,1.5953,-33.047,0.54722,16.547,-3.2108,-18.15
54.3,0.0057041,-0.0066663,-0.011582,-0.99675,0.011646,0.00042891,0.0028684,-0.66787,-5.4908,-2.0672,-32.496,0.93867,16.99,0.21314,-14.9,0.0094758,-0.013274,-0.0036123,-0.99592,-0.010694,0.0025226,0.0037072,-1.3732,-3.0318,-0.54247,-32.011,0.29358,19.185,0.77932,-16.146
54.4,0.014287,-0.0078603,0.01504,-1.0011,0.0068272,0.00096832,0.0022581,-1.4777,-4.339,0.58053,-31.505,2.4374,18.808,2.3331,-17.171,-0.015456,-0.0030977,0.0037769,-0.99919,-0.0012958,0.012821,-0.00067928,-0.90489,-3.2243,-0.66892,-34.237,0.25388,19.294,1.2934,-17.881
54.5,-0.032292,-0.0076427,-0.013092,-1.0137,0.0011004,-0.0035119,-0.0023709,0.12075,-4.6223,-0.62564,-34.107,-0.39675,19.079,-1.2572,-16.253,-0.0063236,0.017569,-0.0011066,-0.99791,0.00054467,0.0028124,0.0046023,0.64014,-5.1294,-1.3095,-34.003,-0.6978,17.947,1.3033,-17.068
54.6,-0.013137,-0.0025604,-0.017769,-0.99819,-0.0070599,0.0086567,0.0045338,-0.10847,-2.5355,1.0258,-35.083,-1.7054,19.13,-0.74908,-16.467,-0.00049527,0.000411,-0.014424,-1.0018,0.0041413,0.0050822,0.0060727,-1.2027,-2.7771,0.95008,-34.892,0.69022,19.857,0.71148,-17.09
54.7,0.024508,0.016928,0.0036283,-1.0056,-0.0023035,-0.0030697,-0.0083521,-1.056,-3.1711,-1.7126,-34.063,-0.44259,18.012,1.1114,-16.006,-0.0054812,-0.0064549,-0.010023,-1.0219,-0.00070697,-0.0028234,0.0015863,-0.99422,-5.8639,0.55701,-33.262,-2.3736,17.355,0.81846,-15.826
54.8,0.0015782,4.4809e-05,-0.0074485,-1.006,-0.0093897,-0.00072704,0.0016084,-2.1705,-4.2432,-1.3922,-33.164,-0.27103,16.968,0.97803,-16.095,-0.012497,0.016409,-0.011238,-0.99474,-0.0091553,-0.0017135,0.004509,-0.31805,-4.3118,-0.87666,-33.947,0.34806,20.251,0.60081,-16.659
54.9,-0.00087548,0.00025899,-0.0086192,-0.99462,0.0015921,-0.0045338,0.0054231,-1.0325,-2.8087,-0.36344,-33.141,0.52544,16.226,3.0224,-15.385,0.009302,0.001582,-0.022136,-1.0026,-0.0011897,0.01006,-0.0026477,-0.98854,-3.2832,-1.704,-35.208,-0.83012,18.415,1.4105,-14.94
55,-0.006788,-1.4906e-05,0.0074102,-0.9958,-0.0028369,-6.6597e-05,-0.0025725,-1.007,-4.5434,-0.5168,-36.422,-1.4252,19.014,-0.87496,-14.967,-0.017315,0.0067351,-0.0045398,-0.99506,-0.0030395,-0.002489,-0.012665,1.2452,-4.0905,-1.8718,-33.835,1.1285,18.393,2.9106,-17.925
55.1,-0.011901,0.017413,-0.0073409,-1.0201,0.0076671,-0.0024558,-0.0061383,0.2507,-5.9423,-0.90393,-32.97,-0.075391,18.237,0.77437,-16.824,-0.00030464,0.0012731,0.0011835,-1.0186,0.011496,0.012781,-0.0012362,-0.14121,-4.2637,1.4216,-35.408,0.86143,19.012,-2.6924,-16.982
55.2,0.0056743,-0.0060019,-0.0042806,-0.99877,-0.00041924,-0.0070807,0.0016722,-1.1018,-3.7098,0.51339,-34.167,-0.85758,19.39,-2.1198,-15.677,-0.010977,-0.0098823,0.0021772,-0.99372,0.0022656,0.0049292,0.013457,0.016017,-5.3566,0.67271,-35.427,0.14158,18.73,-1.2991,-16.277
55.3,0.0031567,0.0089159,-0.012643,-1.0098,0.00091297,-0.0088466,-0.0058249,-1.6224,-3.8205,-1.2399,-32.881,0.48318,20.277,0.62634,-17.328,0.013683,-0.0082955,0.0048835,-0.99926,-0.0092624,-0.0090996,0.008653,-1.6442,-4.2838,0.60337,-33.785,0.036344,20.485,0.52883,-15.681
55.4,-0.0081835,0.00081919,-0.010595,-1.0178,0.0027415,-0.0021538,0.0050444,-0.20871,-4.3669,-0.71323,-32.79,-0.080052,18.715,-0.36734,-13.708,0.012851,-0.0088477,-0.0016427,-0.99761,-0.0069443,0.0049268,-0.00074743,-1.7592,-6.4909,-1.1578,-35.827,1.8414,19.777,-0.35146,-16.193
55.5,0.0055926,-0.00056477,-0.010392,-0.99451,0.0034976,-0.0045943,-0.001581,-0.75375,-5.1003,0.18094,-32.562,1.8201,17.689,-0.083012,-16.83,-0.0032376,-0.0011318,0.020075,-0.99471,0.0019078,-0.00436,-0.010076,0.67978,-4.9312,-1.9781,-33.167,-0.87862,19.081,-1.1067,-15.165
55.6,0.0059291,0.0060223,-0.0011823,-1.0006,0.0053093,-0.0017861,-0.0025784,0.68752,-3.039,0.98879,-35.416,-1.075,19.101,0.31418,-17.401,-0.0082748,0.010872,-0.0013316,-0.98226,-0.0041612,-0.00039359,0.00593,1.2523,-3.7462,-0.14373,-33.11,-1.0294,18.967,-0.60623,-17.77
55.7,-0.0025467,0.016935,-0.00085664,-1.0079,-0.010676,0.0022141,-0.0040653,-0.76745,-2.1807,1.2351,-34.746,-0.54579,16.929,-1.1847,-17.004,-0.008324,0.0017125,0.0055888,-1.0117,-0.0042516,0.0032647,0.0058968,0.81003,-1.4278,0.48743,-36.378,-0.41412,19.03,-1.5296,-16.335
55.8,-0.017242,0.018713,7.4442e-05,-0.98909,-0.007604,0.00097548,0.0021718,1.1317,-4.5861,0.3748,-34.661,0.88518,17.823,-1.7248,-16.281,0.010204,-0.010995,-0.013787,-0.99822,0.0049774,-0.006104,-0.0036772,0.24236,-5.5945,-0.12051,-34.348,0.057068,18.509,1.2425,-16.792
55.9,-0.004467,0.010059,-0.0025757,-0.98829,0.0040582,0.0051777,-0.0048888,1.4823,-3.5844,-0.2717,-35.348,1.0495,18.077,-1.222,-16.802,-0.0053543,-0.010127,-0.0041679,-1.0098,0.0087791,-0.0033754,-0.0027691,-1.0403,-2.8567,-0.71014,-36.558,-0.35147,19.965,2.2978,-14.728
56,0.0015757,0.0076492,0.010506,-1.0203,-0.0044413,0.0085409,-0.0013513,-0.92312,-3.151,-2.0488,-34.545,2.342,18.341,1.2077,-16.523,-0.0099375,-0.004809,0.0059273,-0.97554,0.00055241,-0.0061106,0.0025758,-0.19242,-3.5383,0.83718,-33.377,-0.15346,20.495,2.2112,-15.761
56.1,-0.010047,0.014052,-0.0050355,-0.9942,-0.00068079,0.0064859,-0.0075131,-1.0409,-2.8588,-0.95191,-34.058,-0.48612,18.369,-0.2708,-17.5,0.00027409,0.0042666,-0.015623,-1.0082,0.0044593,-0.0022712,-0.0046926,1.2612,-4.1657,-1.0113,-35.438,-0.77871,19.638,-0.57022,-18.194
56.2,0.00058629,0.0078845,-0.014949,-1.006,-0.0035871,0.00012971,-0.0026064,1.7468,-2.9726,-0.76211,-35.492,-0.5443,20.451,0.80368,-16.617,-0.012151,-0.012284,0.015159,-1.0153,-0.011624,-0.0018242,-0.0067207,-1.8407,-5.0869,-1.0491,-35.671,0.88488,18.632,1.4225,-16.714
56.3,-0.0010778,-0.0080535,0.010786,-1.0038,-0.0011014,0.0010003,0.0011698,0.64156,-3.6781,-0.077957,-36.153,-1.7499,17.561,-2.4115,-17.553,0.01851,0.0018843,-0.0091578,-0.98908,-0.0077693,-0.0026777,-0.00056699,0.16503,-2.2261,-0.86341,-32.83,1.6804,18.85,-0.075139,-16.254
56.4,0.015159,0.0037832,0.002238,-0.98737,0.0062837,0.0034076,0.0014182,0.94837,-5.4509,-1.1741,-34.081,0.73195,19.455,-1.1522,-15.4,0.019336,0.002997,-0.011751,-1.0072,0.0033074,0.006793,0.0032493,-0.76258,-5.0756,-0.72975,-34.791,0.037258,18.878,0.30235,-16.518
56.5,0.0079935,0.013606,0.014845,-0.9999,0.010268,-0.0062916,0.0057125,0.52821,-3.6716,-1.3083,-35.07,0.62732,20.36,1.2973,-16.847,-0.019736,0.0075124,0.0025614,-1,0.0004642,0.0087954,0.0023871,1.1427,-4.4414,-0.16166,-34.573,1.1455,21.125,-1.7684,-15.249
56.6,0.011126,0.0098887,-0.0017291,-0.99765,0.0030811,4.1656e-05,0.0055248,-2.588,-4.0656,-1.7279,-34.067,-1.6576,19.621,-0.42936,-15.006,0.0035363,0.015291,-0.0015999,-1.0094,0.0012931,-0.0026806,-0.00097298,1.4789,-4.3653,2.1241,-33.208,-0.52589,19.222,-1.2441,-17.313
56.7,0.0015807,-0.008632,0.014492,-1.0027,0.002191,0.0011126,-0.0041228,-1.9509,-3.378,-1.7048,-36.789,2.1332,18.906,0.52248,-15.28,-0.011406,-0.015182,0.0091894,-0.99242,-0.0035264,0.00078868,0.0062864,0.89166,-2.3193,0.82852,-34.948,-0.6233,17.879,1.7671,-17.34
56.8,0.0046126,-0.003349,-0.0052598,-1.004,0.0055864,0.003026,-0.0058344,-0.11895,-2.1702,0.38712,-35.608,0.42051,19.624,-2.0976,-14.616,-0.0010394,0.012127,-0.0057278,-0.99507,0.0032486,-0.0051019,0.00061917,-0.12491,-3.6931,1.0632,-34.197,-1.1096,20.496,2.5955,-17.678
56.9,-0.0011849,0.00019928,-0.0013877,-0.98372,0.0024357,-0.00026999,-0.001808,2.741,-2.7072,0.24086,-35.671,0.43233,18.38,-3.3075,-15.816,0.019803,-0.010241,0.013277,-0.99725,-0.0057095,0.0074896,-0.00078323,-0.17522,-3.6496,-1.7405,-33.823,-0.1924,19.994,1.2435,-15.796
57,-0.0045399,-0.00022316,0.0013215,-1.0251,-0.0022034,-0.0081179,0.0027385,-1.068,-3.8097,0.11123,-34.85,0.40356,18.692,0.33894,-17.149,0.0035877,-0.0044326,-0.013239,-1.0027,0.0048053,-0.0036682,-0.0030939,0.65475,-3.475,0.11058,-34.878,0.66072,17.352,-0.66776,-14.67
57.1,0.0029733,-0.00064995,-0.010217,-0.98434,-0.0017892,0.0084668,-0.0017074,-1.1697,-4.2157,-1.7096,-34.955,-0.93137,18.553,1.0073,-16.578,0.0082013,0.011454,-0.013691,-1.0009,0.0082558,-0.0042704,0.0037797,-0.10078,-4.8327,0.41988,-33.899,-1.2717,18.577,-2.9477,-16.062
57.2,0.022241,0.013157,-0.021187,-1.0003,0.0066268,0.0022192,-0.0019681,0.10206,-3.0801,-0.1961,-35.545,0.55141,19.071,0.33696,-16.353,-0.0047441,0.01848,-0.0065968,-1.003,0.0043119,-0.0001008,0.005441,0.053406,-4.2502,-0.10478,-35.709,0.41489,18.086,-0.7321,-16.063
57.3,-0.012472,0.002145,0.0097528,-0.99918,0.0017614,0.0017725,0.0015118,-0.16524,-2.4907,-1.8168,-33.887,0.4161,19.01,-0.96759,-16.465,-0.0033893,-0.0030923,0.0044369,-1.0014,-0.0033901,-0.0048445,-0.0075549,0.29445,-4.2999,0.25421,-33.818,0.86835,18.797,-1.1785,-16.262
57.4,0.0034093,-0.021465,0.0092124,-0.995,-0.013012,0.0077604,-0.013163,2.6054,-3.7209,0.51361,-33.414,0.78145,19.291,-1.2175,-15.279,0.0036949,-0.0099821,0.0092998,-0.9945,0.0056655,-0.0019597,-0.0011655,0.16423,-4.7687,-0.77897,-34.635,1.3139,18.653,0.042381,-14.437
57.5,-0.0010517,-0.0029533,0.0058771,-0.9913,-0.00054089,-0.0027451,-0.00011044,2.2748,-3.5429,1.1301,-33.899,0.18988,18.692,-1.9652,-16.692,-0.0084088,-0.0048442,-0.0014202,-0.98431,-0.0058187,-0.0076746,-0.010623,-0.58562,-4.8892,0.61054,-36.202,0.62606,19.633,1.1756,-16.091
57.6,-0.0074069,0.0041812,0.00035241,-1.003,-0.0083756,-0.0018767,0.0022638,-0.42565,-2.7458,-1.3721,-33.888,-0.93352,19.118,1.2244,-15.566,-0.0058046,0.0050098,0.014383,-1.0173,0.0053331,-0.0032957,-0.0071934,0.16357,-4.8111,0.014406,-35.152,-0.82118,18.689,-1.4773,-15.57
57.7,0.0047277,-0.010981,-0.0033956,-1.0075,-0.0051748,0.00070216,-0.0037187,-1.9424,-1.818,-1.0588,-35.124,0.11741,17.511,-0.89552,-16.935,0.0070063,0.010466,0.0044007,-1.0144,-0.00027825,0.0042376,-0.0048806,-1.2178,-4.1231,0.49457,-35.997,-0.64486,17.596,-1.1838,-13.509
57.8,-0.0045811,-0.0027368,0.017317,-1.0202,-8.7991e-05,-0.0010643,0.0012512,0.38279,-2.8301,-0.33351,-34.687,0.63804,21.214,0.88863,-16.366,-0.0081015,-0.014512,0.010396,-0.99705,-0.0011312,0.0095393,0.00056384,-1.3817,-1.697,0.95718,-35.63,1.856,16.55,1.7103,-17.302
57.9,-0.013165,-0.00091594,0.00076842,-1.0128,0.0037731,-0.0027796,0.0012657,-0.042634,-3.8818,1.7255,-35.163,-1.2772,18.698,-0.5146,-15.775,-0.0067461,0.0067676,0.0020037,-0.99763,0.001861,-0.0038591,-0.0053996,0.94825,-3.8837,-1.1251,-36.41,-0.81865,19.387,-1.7292,-16.697
58,-0.0073417,-0.0065365,0.0028031,-1.0042,-0.0052206,-0.0040859,-0.0017192,-1.8548,-1.6058,0.75268,-34.167,-0.97133,18.009,-1.6862,-17.623,-0.014242,-0.0029618,-0.012902,-0.99938,0.0059958,0.0016486,-0.0039298,-0.18438,-2.8582,0.46146,-36.605,-0.068947,20.161,-0.65984,-16.343
58.1,-0.0089838,0.002348,0.0046326,-0.98281,-9.345e-05,-0.00074746,-0.0049401,-1.7394,-3.5047,0.90095,-36.125,0.72988,18.405,1.0748,-16.018,-0.0035307,0.022783,-0.02183,-1.0187,0.0021368,-0.0040788,0.0072462,1.9111,-3.9223,1.4176,-34.822,-0.14433,19.242,-1.7212,-15.948
58.2,0.0019228,0.011097,0.0052116,-1.0143,0.001367,0.0029887,0.0047476,-0.92114,-3.51,0.57882,-34.163,-0.71992,18.376,-0.55896,-16.833,0.0019706,0.010179,0.028118,-0.99045,-0.002182,0.0038852,0.0050473,-0.10238,-2.5444,-1.3433,-35.018,-0.2631,17.959,1.2802,-15.194
58.3,0.012186,0.001796,-0.015694,-1.0117,0.0043079,0.0075202,0.0032785,-1.2366,-2.3635,-0.94021,-36.351,1.6931,18.738,0.90811,-15.204,0.0077709,0.013024,0.012232,-0.99734,-0.0012476,-0.0018888,0.00095005,-0.40247,-5.4021,0.2304,-35.615,0.46911,18.664,1.3654,-16.762
58.4,0.0017914,0.017011,-0.0091819,-1.0136,-0.0076803,0.008383,-0.00075241,-0.61883,-4.4635,-0.46467,-37.272,-0.69796,14.193,0.33545,-17.093,-0.0070157,-0.015314,-0.0021156,-1.0036,0.0015974,0.0041941,-0.0028668,1.0026,-3.6895,-0.53279,-36.141,1.4792,18.432,-1.511,-15.636
58.5,0.002631,0.00038528,0.006927,-1.0095,0.0067709,-0.0037368,-0.00054734,1.3588,-4.2513,0.35631,-35.823,0.07,18.367,-3.1452,-17.441,-0.0030545,-0.018516,-0.0013402,-1.0053,0.0028616,-0.00051091,0.0031453,-0.17037,-2.0078,-0.2703,-35.17,-1.6741,19.3,0.67747,-15.128
58.6,-4.0531e-07,0.0014743,0.011939,-1.0045,-0.0044343,-0.0017064,-0.0066712,1.1637,-3.1037,1.5628,-36.644,-1.3475,18.782,0.40226,-17.921,-0.0027186,-0.016766,0.017006,-1.0103,-0.006988,5.6524e-05,0.0067131,2.9568,-3.122,2.2463,-34.288,-0.86061,20.29,-0.85579,-16.194
58.7,-0.0012837,-0.0070736,-0.016147,-1.0236,0.008942,-0.0011087,0.00018489,0.19415,-2.1435,-1.2874,-36.079,0.94723,19.185,-0.60546,-15.383,-0.011769,0.0096034,-0.00015981,-0.9949,0.0014807,-0.0021195,0.0057534,0.48699,-3.2584,-1.5138,-35.491,-0.29467,19.527,0.05371,-16.483
58.8,0.0067426,0.0085457,-0.010239,-1.0034,0.0074591,0.0015369,-0.0044716,0.4186,-3.7735,0.035082,-35.265,1.4758,19.437,0.76866,-17.195,0.0032512,0.0015617,0.013627,-1.0067,-0.0038011,0.0032875,0.0033298,-0.24292,-2.839,-1.0802,-34.855,-0.27232,18.76,0.62669,-16.635
58.9,-0.0082957,0.0094936,0.00494,-0.99692,0.003453,-0.0042987,0.00024646,0.95866,-3.9057,-0.57933,-36.039,0.40593,19.77,0.13576,-13.587,-0.0092982,0.0024982,-0.0085365,-0.9845,0.0037452,0.00044841,0.0075804,-0.83505,-3.6873,-0.84344,-35.931,0.012185,18.045,0.94054,-16.915
59,0.0072594,-0.0071158,-0.0091609,-1.0052,-0.0043667,0.00089692,-0.0061236,1.8935,-3.0366,1.4431,-34.209,-1.1832,18.096,-1.9674,-17.295,-0.023427,-0.013706,0.0050358,-1.0159,0.0053118,-0.0046257,0.0016039,1.369,-4.7096,-0.33017,-37.626,0.76827,18.709,-2.4128,-16.626
59.1,0.0068617,0.02632,0.0029127,-0.99933,0.00522,0.0019211,0.0033073,0.2195,-3.7007,-1.1358,-34.93,-1.446,19.188,1.3985,-16.497,-0.00050839,-0.0072301,0.0039427,-0.99925,0.0012365,0.0013263,-0.0017518,1.4414,-4.3696,-0.93551,-34.144,-2.8394,19.633,-0.84166,-18.573
59.2,0.0072667,0.012396,-0.0017113,-0.9954,-0.00047242,0.0064871,0.0045353,-0.58843,-2.7823,-0.45728,-35.295,0.40643,19.405,-0.67932,-16.482,-0.0059915,-0.0047701,0.013693,-1.0149,0.00055467,0.0016195,-0.00556,0.43203,-2.4305,-0.97107,-36.617,1.3539,19.767,-1.0282,-16.269
59.3,-0.0066231,0.011886,-0.0024625,-0.98491,-0.00087319,0.0014034,-0.0030421,-0.55375,-5.5557,0.68894,-37.072,1.5208,20.409,-0.9285,-14.99,-0.013554,0.011204,0.013119,-1.0075,0.0047888,0.0033549,0.0022759,-1.6166,-3.7224,0.94625,-36.523,-0.58593,20.456,1.3339,-16.25
59.4,-0.00096538,0.002243,-0.0050734,-1.0155,0.0076917,0.0062024,0.00065049,0.36293,-3.9773,0.15573,-37.426,-0.34462,18.797,-2.781,-16.158,0.027975,-0.016797,-0.0083096,-1.0042,0.0017628,0.0063697,0.0041936,0.30285,-3.3117,-0.40389,-36.885,-1.5024,19.349,1.5942,-15.998
59.5,-0.0088719,-0.0096857,-0.01453,-0.99388,-0.0014463,0.008711,-0.0048971,-0.58386,-3.3284,-0.63489,-35.905,-2.6263,19.204,1.1733,-16.547,0.0011783,0.0016073,-0.012315,-0.98805,0.0059045,-0.0022175,0.00087915,-0.94857,-5.4561,0.024557,-36.1,1.0402,20.503,0.13645,-17.876
59.6,0.004606,-0.01047,0.00087895,-0.97493,-0.0014295,0.0028289,0.0081049,-0.12766,-2.677,1.5356,-35.194,0.73611,19.825,-2.7527,-17.469,-0.0010841,0.014345,0.0084039,-1.0088,0.00085288,-0.0090004,-0.0036583,2.3795,-2.8322,-1.3058,-36.78,-0.29138,18.358,-1.3236,-17.728
59.7,0.0091549,-0.003213,0.018341,-1.0028,0.0027507,0.00024494,-0.0022003,-1.2953,-2.4198,1.095,-34.619,0.24005,18.555,0.6842,-17.67,0.015418,0.0011051,-0.0023319,-0.99945,-0.0012671,-0.0025404,0.0066591,0.35662,-4.0825,-0.37742,-37.77,-0.81863,21.041,0.85129,-17.392
59.8,0.0077234,-0.0033819,0.014662,-0.98518,0.0016197,0.0011425,0.00092822,-0.34247,-2.9277,-0.38458,-37.268,1.4785,20.003,1.604,-16.355,-0.000934,0.00054433,0.0022305,-1.0033,-0.011165,-0.0033506,-0.0014594,0.77309,-2.9871,-0.13667,-35.267,0.44163,18.139,0.34622,-16.99
59.9,0.010394,0.0059012,0.0057516,-1.001,0.011188,-0.0041004,-0.0050421,-0.42293,-3.2476,-0.36946,-36.863,1.6953,19.515,0.97318,-15.607,0.020274,0.0207,-0.0004483,-1.004,0.00046661,-0.0041884,-0.0086947,-2.1428,-2.1739,-2.1537,-36.948,1.9584,18.569,2.1717,-16.237
60,-0.010084,-0.00073103,-0.0053197,-0.98999,0.0068499,0.003122,-0.00057214,-0.37787,-4.1218,-0.58481,-38.182,-0.25257,17.779,-0.94499,-15.882,0.011171,-0.019455,0.0012837,-0.98651,0.00017757,0.0070958,-0.0072305,1.0108,-3.2197,0.24988,-35.46,0.2077,18.683,0.65345,-17.294
