time,q1_healthy,q2_healthy,q3_healthy,q4_healthy,omega1_healthy,omega2_healthy,omega3_healthy,wheel1_i_healthy,wheel1_w_healthy,wheel2_i_healthy,wheel2_w_healthy,wheel3_i_healthy,wheel3_w_healthy,wheel4_i_healthy,wheel4_w_healthy,q1_faulty,q2_faulty,q3_faulty,q4_faulty,omega1_faulty,omega2_faulty,omega3_faulty,wheel1_i_faulty,wheel1_w_faulty,wheel2_i_faulty,wheel2_w_faulty,wheel3_i_faulty,wheel3_w_faulty,wheel4_i_faulty,wheel4_w_faulty,
0,0,0,0,0,0,0,0,0,0,0,0,0,0,0,0,0,0,0,0,0,0,0,0,0,0,0,0,0,0,0
0.1,-0.70969,0.0029108,0.13428,-0.70351,5.5233e-05,-0.0027089,-0.0079425,-0.14092,1.4751,-0.27709,-0.17247,-0.7452,-0.36542,-1.0539,0.43988,-0.71094,0.001227,0.1251,-0.70095,-0.0083728,-0.0015422,0.00085776,-0.061952,-0.15194,-0.03241,0.57841,0.82525,-0.64627,-0.34191,1.2223
0.2,-0.70146,-0.0067858,0.12299,-0.69967,0.0055729,0.0042666,0.0028358,0.43398,-1.5187,-1.3112,-0.53678,-0.52263,1.1114,-1.4667,0.11626,-0.71721,-0.007119,0.12394,-0.69109,0.00040957,-0.0035725,-0.0034849,1.1059,1.3968,-0.050113,1.0432,1.3294,-2.202,-1.4506,-0.47459
0.3,-0.68635,0.0071873,0.14028,-0.70136,0.0037955,-0.0007401,0.0097073,0.99729,1.7762,0.040261,-2.4863,-0.34161,-0.14758,-0.78227,-1.7754,-0.71014,-0.0051147,0.12889,-0.69277,0.00093145,0.0022747,0.00084225,0.5072,-1.063,-0.53309,-1.5372,-1.8347,-0.37353,-2.3037,0.34528
0.4,-0.70831,-0.0075683,0.11084,-0.69012,-0.003537,0.0091092,0.0075519,0.80636,1.8782,-0.025,-0.92153,0.91111,-1.9566,-1.6077,-1.7612,-0.69911,-0.0029556,0.12326,-0.70004,-0.012828,0.0006094,0.0053145,-1.5316,1.3922,-0.75582,1.0338,-0.10972,-0.92695,0.82647,-0.68671
0.5,-0.69804,-0.0039152,0.12685,-0.68706,-0.0057432,0.00010048,0.0082912,0.087643,-1.2369,1.7277,-0.31134,-1.5478,-1.5837,-0.96395,-3.9843,-0.69529,-0.0032917,0.10398,-0.69984,-0.012343,-0.0037009,0.0082075,0.051178,0.62021,-3.2672,0.77193,-1.6009,-1.0295,-0.10763,-1.3943
0.6,-0.71652,-0.0029845,0.11711,-0.71261,-0.0030166,-0.0081849,0.0048722,-0.46669,0.55018,-0.55993,-1.0291,-0.86378,-0.93503,0.19452,-1.0867,-0.70647,-0.0079875,0.11829,-0.6903,-0.0090548,-0.01047,0.0068296,1.9305,0.099135,0.72445,0.39617,-2.1393,-1.2855,-0.44481,-1.3095
0.7,-0.7111,-0.015138,0.136,-0.68966,-0.0094517,-0.0017609,0.0029728,-0.19915,2.5569,-1.0853,1.0828,-0.3455,-2.721,0.70042,-2.141,-0.7044,0.0026146,0.10567,-0.69077,-0.01757,-0.013627,0.01089,2.79,1.5503,-1.2109,-0.91687,-0.75688,-2.8706,-0.54368,-2.6475
0.8,-0.7036,0.008884,0.13517,-0.68685,-0.011648,-0.0052947,0.010062,3.094,2.4456,-1.9567,-0.05796,0.041308,-1.0996,-1.2339,-1.3944,-0.73018,0.0048038,0.12067,-0.68616,-0.0013889,-0.0049054,0.0085095,1.4554,1.6421,-0.35785,1.9366,-1.145,-3.0079,-0.52819,0.28349
0.9,-0.70189,0.016206,0.115,-0.71187,-0.021187,-0.010231,0.014982,2.8333,1.6919,-0.11455,-1.4409,0.048673,-3.5002,-0.29331,-1.9546,-0.70318,-0.025381,0.12828,-0.69725,-0.0085952,0.00012472,0.0053527,0.15386,1.0189,1.6654,-0.65061,-1.0153,-2.0676,-0.60321,-3.3197
1,-0.71104,0.016171,0.10677,-0.68378,-0.010745,0.0046623,0.0021367,1.0326,1.6485,1.2972,-0.42369,-1.8714,-1.7636,-2.4392,-1.9821,-0.70628,-0.0020207,0.11666,-0.70882,-0.015195,0.0028783,0.0070933,-0.75307,4.4701,0.12471,-1.6868,-1.644,-0.43641,-0.63435,-3.1545
1.1,-0.69731,-0.0016851,0.11362,-0.71102,-0.01413,-0.0034409,0.013538,0.20568,4.182,-1.3155,0.9635,-0.22041,-4.0693,-1.1809,-1.7113,-0.70185,0.011281,0.11667,-0.68196,-0.011415,0.0009804,0.0069107,1.322,3.7832,-0.89913,0.64165,-0.17451,-1.9288,-1.2655,-3.61
1.2,-0.71758,0.0068415,0.11919,-0.71435,-0.015123,-0.0061148,0.0212,0.87302,2.4014,-0.041084,0.20708,-1.6295,-4.0426,-1.7843,-4.2108,-0.6982,0.0028716,0.091338,-0.68613,-0.01337,-0.0078372,0.012201,1.8706,2.6067,0.98883,0.70626,-1.6639,-3.7657,-0.72291,-3.4352
1.3,-0.69786,0.033259,0.13066,-0.69709,-0.024447,-0.0048592,0.016513,-0.02024,3.2746,-0.80748,-0.70554,-3.8217,-4.0761,-0.9099,-5.0202,-0.69157,0.011604,0.12881,-0.69781,-0.019604,-0.0033415,0.019262,1.0997,4.6464,-3.3459,1.1927,-0.99192,-4.3703,-0.38381,-2.7524
1.4,-0.71104,0.020116,0.10173,-0.68952,-0.017448,-0.0047807,0.021755,0.4453,3.9287,-0.70775,0.17516,0.52023,-6.0322,-1.3002,-5.1669,-0.69888,-0.011965,0.12254,-0.69345,-0.020746,-0.016865,0.029464,1.7345,4.0184,-2.8949,0.46637,-0.1448,-4.6731,-1.8182,-4.9178
1.5,-0.68786,0.007253,0.13075,-0.69241,-0.023685,-0.010083,0.028112,1.4228,4.066,-0.097231,-2.7662,1.5461,-4.7287,0.85188,-4.552,-0.70817,-0.0011708,0.11265,-0.71392,-0.021022,-0.0030139,0.018975,-0.0023273,3.6448,0.31907,0.086117,-1.6096,-4.7185,-2.0031,-5.7385
1.6,-0.70018,-0.0051298,0.10815,-0.69459,-0.030044,0.0052947,0.02794,-0.16346,4.4614,0.75662,-0.47197,-2.2799,-4.8678,0.1064,-5.515,-0.7023,0.013115,0.14084,-0.70017,-0.020845,-0.010949,0.020657,0.058985,4.3963,-1.2409,-0.14052,-1.9945,-5.6683,-0.74658,-7.7512
1.7,-0.71174,0.018877,0.12196,-0.70763,-0.026482,-0.0067795,0.024468,0.37074,5.0763,0.88707,-0.20509,-0.34154,-6.3257,-0.24942,-5.6506,-0.70638,0.0057952,0.11425,-0.71572,-0.025295,-0.015682,0.026592,1.1172,3.691,-1.1625,-2.0681,0.084713,-5.2936,-0.89592,-6.8195
1.8,-0.69557,0.018841,0.11454,-0.6934,-0.026552,-0.0055738,0.020369,2.0933,4.4008,1.1961,-0.98648,-0.91747,-6.9857,-2.5066,-6.5631,-0.69487,0.018372,0.10963,-0.70627,-0.027001,-0.013453,0.02568,2.9609,5.1919,-0.025421,-1.1801,-1.7407,-4.1372,0.87589,-5.107
1.9,-0.72119,0.0051512,0.1059,-0.69715,-0.027771,-0.0046621,0.043846,1.3875,5.3885,-0.89036,-1.3409,-2.1838,-5.6918,-2.5972,-9.0039,-0.70152,0.01827,0.12295,-0.69675,-0.031254,-0.018281,0.033675,-0.38194,4.4054,1.3511,-1.4613,-2.3269,-5.7259,0.7522,-5.9176
2,-0.69907,0.0011582,0.10454,-0.72926,-0.031313,-0.010949,0.035892,0.22523,4.2091,-0.7811,-0.85713,-0.21235,-7.6277,-1.3275,-7.1006,-0.70101,0.014848,0.11484,-0.70393,-0.036907,-0.019562,0.033331,0.21233,5.5877,2.3396,-0.8052,-1.0841,-7.8047,-1.6725,-6.8579
2.1,-0.6932,0.0043104,0.11852,-0.71854,-0.037457,-0.013982,0.037041,2.9898,6.2455,-0.36217,0.24208,-0.62539,-6.884,-0.22205,-7.9794,-0.70271,-0.0012787,0.10385,-0.72058,-0.029873,-0.011113,0.030721,-1.4839,5.6379,1.2203,-0.80197,0.21015,-6.839,-1.0678,-7.0992
2.2,-0.72674,0.015573,0.099438,-0.68571,-0.028601,-0.013824,0.031651,0.73495,4.8345,1.7467,-1.6315,-2.8314,-6.382,-1.2333,-8.3333,-0.69489,0.025045,0.12081,-0.70478,-0.033762,-0.013156,0.039066,1.0718,5.498,-1.626,-0.95169,-1.8715,-8.43,0.44901,-7.0234
2.3,-0.69893,0.014491,0.11532,-0.72211,-0.032469,-0.0073712,0.034674,-1.1581,6.0819,-0.65141,-0.62679,0.36377,-8.5889,-1.2335,-8.2894,-0.70036,-0.0060297,0.13454,-0.69572,-0.029855,-0.018417,0.032101,-0.82165,5.8637,-0.7975,0.68416,-0.38202,-7.4287,-1.3017,-7.5214
2.4,-0.67564,0.030596,0.12185,-0.71215,-0.034618,-0.016449,0.034533,1.6892,7.3786,-0.83789,0.96417,-1.0065,-8.0155,-1.0002,-8.4495,-0.6956,0.015412,0.12171,-0.71702,-0.030003,-0.00487,0.030575,0.12767,6.6631,0.11863,-1.6808,-0.41493,-7.2998,-1.2202,-8.0704
2.5,-0.69663,0.019015,0.10655,-0.72115,-0.032834,-0.016211,0.03211,-1.9539,5.5041,0.75209,-1.6323,-2.352,-8.1986,-0.92585,-7.8383,-0.70116,0.016332,0.10794,-0.70494,-0.041131,-0.0086572,0.045942,0.87437,6.8375,1.8445,-0.99971,-1.0345,-7.3702,-0.31601,-7.3626
2.6,-0.69098,0.016711,0.12222,-0.71628,-0.050954,-0.0090525,0.033752,1.118,6.5602,1.4669,-1.2443,0.12213,-8.5501,-0.12976,-8.8772,-0.6984,0.0095061,0.10785,-0.70037,-0.036234,-0.019312,0.042426,-0.65728,6.6455,0.3494,-3.95,-0.54589,-9.2266,-0.16948,-7.6097
2.7,-0.70428,0.01781,0.11692,-0.71609,-0.038701,-0.0053788,0.037048,1.4798,6.686,0.208,-2.1601,0.65001,-7.9326,-1.07,-10.885,-0.69216,0.020898,0.10419,-0.73486,-0.033089,-0.013659,0.038932,0.24542,6.5869,-1.5846,-1.8632,-1.2791,-9.0031,-0.21314,-7.3148
2.8,-0.6842,0.0054984,0.1005,-0.7022,-0.033644,-0.025444,0.040472,1.3161,7.2002,-0.29328,-2.3346,-0.27464,-9.0436,-3.3119,-10.237,-0.67962,0.018924,0.098922,-0.70515,-0.038527,-0.01469,0.038604,0.70484,7.651,-2.0311,-1.2974,-2.2114,-9.5318,0.46241,-9.3206
2.9,-0.68932,0.026704,0.096342,-0.73475,-0.044244,-0.015645,0.054384,1.9677,7.3168,-0.64861,-2.0347,-1.1959,-9.101,0.18931,-9.3755,-0.66798,0.026175,0.123,-0.74275,-0.041108,-0.0060213,0.044911,0.0027368,8.8014,-0.12844,-2.767,0.043837,-10.133,-2.0899,-12.732
3,-0.68826,0.020266,0.11391,-0.71837,-0.048756,-0.022012,0.058443,1.1059,5.5315,-0.63108,-0.14167,-0.90643,-8.4443,0.28139,-11.207,-0.66751,0.034934,0.11963,-0.71337,-0.046335,-0.015536,0.049416,1.8176,7.4688,-1.6651,-0.46048,-1.6995,-11.602,-1.3891,-9.6334
3.1,-0.68948,0.018623,0.11179,-0.71608,-0.042053,-0.01103,0.039705,2.4453,9.4704,-1.3249,-0.65891,0.29103,-11.635,-1.3023,-12.957,-0.69093,0.0068643,0.11907,-0.736,-0.052358,-0.0061758,0.049853,1.3282,6.663,0.89644,-2.4657,-0.58264,-8.1696,-0.46544,-11.532
3.2,-0.67487,0.026121,0.10233,-0.7423,-0.052733,-0.014871,0.050181,0.22678,7.4383,-0.60369,-4.7643,0.18635,-11.524,-1.4146,-11.039,-0.67606,0.021628,0.090451,-0.72244,-0.039376,-0.01789,0.058031,-0.30042,7.2391,0.41668,-1.8655,-0.69946,-11.608,-1.411,-11.655
3.3,-0.67625,0.040539,0.10767,-0.74748,-0.053629,-0.01139,0.04717,0.40725,8.5135,-1.5182,-4.4832,-1.6865,-12.769,-0.312,-12.076,-0.67682,0.025655,0.088643,-0.72568,-0.050866,-0.015051,0.041092,2.014,9.0833,-0.68201,-0.32785,0.077192,-9.7888,-2.4937,-12.147
3.4,-0.67188,0.031642,0.10338,-0.72008,-0.055656,-0.022214,0.049138,-0.081712,9.4793,-1.1269,-1.7619,-0.56626,-10.95,-0.84457,-9.8793,-0.67886,0.035578,0.10275,-0.73116,-0.062483,-0.01403,0.048545,1.7991,8.9018,-1.2403,-2.8133,-1.4148,-12,-0.5588,-9.7526
3.5,-0.68536,0.033889,0.1062,-0.73608,-0.054278,-0.020858,0.043492,0.097807,10.169,0.4386,-2.0479,0.90583,-12.256,-1.0275,-12.84,-0.68076,0.038626,0.099132,-0.75087,-0.058274,-0.013818,0.061528,2.4139,10.478,0.30621,-2.7466,-2.1261,-11.57,-0.99653,-12.303
3.6,-0.67363,0.049823,0.1092,-0.72984,-0.04977,-0.012917,0.05363,0.70572,9.2435,-1.6055,-1.5384,-1.8688,-11.329,-2.0077,-12.257,-0.67938,0.016897,0.096,-0.72501,-0.058598,-0.023556,0.056236,-0.314,10.002,-0.4075,-2.7025,-1.9601,-13.476,-2.1107,-14.652
3.7,-0.67984,0.037185,0.087255,-0.71819,-0.052295,-0.011826,0.053381,-1.5449,9.8502,-1.3455,-3.4052,-0.57177,-12.086,-0.86663,-13.2,-0.66854,0.025559,0.095596,-0.73729,-0.047521,-0.022469,0.058279,-0.59322,9.2503,-0.69503,-4.0643,0.47615,-11.018,-1.4572,-12.515
3.8,-0.67736,0.047781,0.10287,-0.73524,-0.052823,-0.015142,0.05577,3.19,10.402,-3.7221,-2.3125,-0.89241,-13.673,-0.97446,-13.6,-0.66126,0.03762,0.093465,-0.73744,-0.050258,-0.010174,0.057158,1.5599,9.3175,-1.1152,-4.457,0.23939,-10.954,0.071542,-11.866
3.9,-0.68141,0.046325,0.09006,-0.72647,-0.062769,-0.008757,0.05373,0.85875,10.955,-0.49026,-4.5333,0.47145,-12.625,-1.1642,-14.139,-0.65324,0.048976,0.082296,-0.73701,-0.054647,-0.015502,0.055994,0.099042,11.122,0.055279,-4.9285,0.033888,-12.027,0.18805,-12.659
4,-0.66756,0.053834,0.06757,-0.73197,-0.052392,-0.014097,0.05849,-1.6269,9.6282,-0.3654,-3.1169,-1.1747,-11.953,-1.9746,-13.877,-0.6678,0.046995,0.092737,-0.74054,-0.053736,-0.020099,0.061424,2.8591,9.8375,-0.39036,-1.7379,-2.5484,-12.128,0.79336,-14.188
4.1,-0.65569,0.052546,0.10436,-0.74106,-0.061976,-0.012426,0.053056,-0.033523,12.387,0.96139,-4.0895,-1.0078,-13.515,-1.967,-15.222,-0.66157,0.038229,0.09813,-0.73029,-0.06301,-0.015157,0.054827,1.9409,10.227,-0.29217,-4.0991,-0.77884,-11.698,0.26105,-15.703
4.2,-0.66057,0.053939,0.091206,-0.74394,-0.066273,-0.015304,0.063145,2.1531,10.33,-0.28128,-5.7983,0.94588,-11.78,-3.0687,-14.631,-0.64907,0.044661,0.081538,-0.7419,-0.067336,-0.013649,0.06289,-0.75318,10.786,0.058523,-4.6523,-0.17345,-12.699,-1.4227,-16.623
4.3,-0.67795,0.049967,0.075735,-0.75045,-0.062103,-0.0060347,0.059242,0.46875,10.93,-1.3437,-6.0553,0.31265,-11.743,-2.2484,-15.482,-0.6407,0.061664,0.07995,-0.74113,-0.073982,-0.021609,0.057149,-0.74643,11.352,-2.0608,-7.1255,-0.53859,-13.13,-0.53886,-16.681
4.4,-0.65765,0.053,0.086566,-0.77064,-0.056172,-0.011224,0.057595,0.89475,12.146,0.26246,-3.7567,0.60085,-12.296,-0.78902,-15.508,-0.65751,0.061806,0.07702,-0.76173,-0.060586,-0.013837,0.06496,2.1016,13.099,-1.5685,-5.3041,-1.1035,-12.183,-1.1735,-16.871
4.5,-0.63785,0.051561,0.088227,-0.75493,-0.071932,-0.021517,0.059964,1.7662,11.898,-0.76614,-5.4837,-0.27791,-13.024,-3.2212,-16.495,-0.65571,0.058092,0.077945,-0.74402,-0.070061,-0.010662,0.05857,1.1019,12.331,-1.5593,-7.1546,-0.35482,-13.555,-1.033,-17.052
4.6,-0.65211,0.063866,0.1067,-0.74802,-0.075906,-0.016239,0.065093,-1.0881,13.89,-2.1493,-5.3234,0.82505,-14.79,-0.37204,-17.232,-0.65171,0.054955,0.094975,-0.73962,-0.059657,-0.022852,0.063723,0.51529,12.727,-0.7264,-5.9872,0.090064,-13.785,-0.86349,-14.89
4.7,-0.64689,0.06031,0.10026,-0.76303,-0.070214,-0.015737,0.06358,1.0684,12.471,-1.9679,-5.3109,-1.3349,-13.861,-0.26861,-16.977,-0.66131,0.072307,0.076454,-0.7711,-0.065499,-0.016414,0.059238,-0.77702,12.33,-1.7498,-8.3983,-1.0878,-14.263,-0.16382,-17.742
4.8,-0.62536,0.057338,0.085821,-0.75747,-0.067346,-0.013964,0.070634,2.6623,11.274,-1.7414,-4.9559,-0.57213,-12.15,-1.8297,-17.397,-0.64407,0.058257,0.089387,-0.76056,-0.061972,-0.020223,0.070812,2.4509,11.622,-0.55779,-6.6399,-0.47922,-13.708,-1.3669,-16.186
4.9,-0.63335,0.073145,0.079026,-0.76973,-0.077122,-0.017052,0.07329,-0.23389,11.229,0.39125,-4.7565,-0.66463,-13.269,-1.2299,-17.147,-0.6199,0.065864,0.065599,-0.73922,-0.069011,-0.01236,0.070024,-0.192,13.566,0.32205,-7.8879,0.10418,-13.149,-0.68705,-17.778
5,-0.61656,0.068752,0.087035,-0.76421,-0.069742,-0.016631,0.069197,0.076227,11.229,-1.6758,-7.8048,-1.6482,-14.855,-0.404,-17.955,-0.63542,0.076214,0.093319,-0.77749,-0.074228,-0.010863,0.071239,0.55021,13.56,1.8544,-7.9395,-1.2177,-13.107,-2.1892,-18.882
5.1,-0.63576,0.083355,0.087006,-0.77753,-0.076141,-0.013661,0.074753,0.85113,13.302,-1.4251,-6.743,-0.12498,-13.002,-0.85408,-18.536,-0.61583,0.060182,0.080914,-0.76281,-0.084216,-0.016232,0.067034,-0.3721,14.018,-1.2231,-8.196,-1.8381,-13.848,0.33263,-19.682
5.2,-0.63011,0.082941,0.071193,-0.75766,-0.084719,-0.021675,0.070538,0.95845,13.661,-0.30137,-8.8837,0.56325,-14.79,-1.5595,-18.364,-0.62493,0.074281,0.070161,-0.77653,-0.067371,-0.015287,0.065526,1.2173,15.187,-2.1993,-7.7058,1.0465,-13.013,-0.57716,-18.679
5.3,-0.63153,0.085348,0.074499,-0.76365,-0.074914,-0.017712,0.075592,2.7747,15.043,-1.2296,-7.2885,-1.7667,-13.599,-2.2418,-19.147,-0.6409,0.078898,0.061645,-0.76634,-0.076868,-0.010909,0.063029,0.93291,14.856,-3.1618,-7.5939,0.012921,-12.71,0.84465,-18.572
5.4,-0.6342,0.082756,0.065965,-0.77137,-0.082176,-0.0084684,0.073641,1.3201,14.909,-2.55,-7.86,-0.54783,-15.097,-0.81428,-17.979,-0.59936,0.069113,0.076926,-0.78262,-0.076831,-0.012937,0.078534,1.577,14.101,-1.3144,-6.6835,1.1013,-13.723,-0.85542,-18.946
5.5,-0.62614,0.082155,0.08413,-0.78868,-0.07809,-0.016301,0.070817,0.056579,13.659,0.17244,-8.9801,2.0736,-12.907,-1.2062,-20.082,-0.60712,0.091099,0.089881,-0.78245,-0.086754,-0.0071615,0.06797,-1.2136,13.767,0.9064,-9.2433,-0.47058,-13.502,-2.4683,-19.931
5.6,-0.62251,0.093994,0.062971,-0.80032,-0.080197,-0.013603,0.068274,1.0458,15.59,-2.6798,-10.597,-0.1713,-15.382,-2.4926,-20.806,-0.62088,0.089392,0.065477,-0.779,-0.082072,-0.0086323,0.075658,2.8364,14.236,-1.4489,-7.0922,0.34369,-14.244,-2.3838,-19.694
5.7,-0.63395,0.078197,0.063607,-0.78377,-0.083439,-0.0068404,0.08473,0.026537,14.635,0.65023,-7.7335,-1.0472,-13.549,-0.64701,-18.682,-0.62197,0.088883,0.058099,-0.79186,-0.081235,-0.0028883,0.074413,-1.048,15.376,-1.8942,-10.204,0.4161,-15.319,-1.3591,-19.779
5.8,-0.61263,0.09194,0.058747,-0.80848,-0.086521,-0.011324,0.074272,0.58257,14.942,-1.2003,-9.0121,1.2834,-13.414,-1.6355,-21.071,-0.61058,0.065589,0.062065,-0.77081,-0.086358,-0.01186,0.076437,1.7482,15.564,-0.10951,-7.6879,-0.65152,-13.929,-1.3881,-21.705
5.9,-0.60741,0.10907,0.058443,-0.79067,-0.091553,-0.017096,0.067844,0.78077,14.902,-0.4477,-11.489,1.4422,-11.735,0.5867,-23.193,-0.60686,0.096043,0.056202,-0.77668,-0.090574,-0.013398,0.076191,0.70499,14.931,-2.6414,-10.963,0.79782,-15.25,-0.74301,-23.717
6,-0.59448,0.10031,0.047026,-0.79947,-0.090742,-0.011039,0.068205,0.19901,14.913,-1.8091,-10.419,-0.50547,-12.339,-2.2746,-24.845,-0.58733,0.10036,0.066322,-0.78673,-0.088576,-0.013671,0.083871,1.2958,15.938,-1.3513,-11.19,0.12359,-13.327,-1.3453,-23.203
6.1,-0.60105,0.1093,0.053748,-0.79467,-0.077894,-0.0088233,0.076666,0.6477,15.668,-0.60372,-12.528,1.271,-15.13,-1.4433,-22.111,-0.6133,0.11624,0.058319,-0.80644,-0.087436,0.0001141,0.076167,-0.72983,18.086,-1.2137,-11.161,0.1507,-15.512,0.061482,-22.59
6.2,-0.59243,0.10578,0.053171,-0.777,-0.08281,-0.0077969,0.082308,-0.30185,17.504,-1.9378,-11.924,-1.0155,-13.052,-1.0242,-21.441,-0.59628,0.10687,0.052225,-0.8206,-0.096489,-0.00029792,0.064964,2.9324,16.588,-1.5902,-12.524,0.5345,-13.258,-0.93505,-22.094
6.3,-0.61284,0.091325,0.030308,-0.79971,-0.10178,-0.012306,0.073477,2.7332,16.581,-0.72668,-12.937,0.399,-15.124,0.48989,-22.14,-0.59118,0.11104,0.05744,-0.79001,-0.1031,0.00097445,0.076464,0.38796,17.167,-2.1488,-11.069,-1.2382,-13.214,-1.4198,-23.333
6.4,-0.5798,0.11045,0.04455,-0.79919,-0.093989,-0.012157,0.077504,1.2689,16.647,-2.536,-12.13,0.062866,-15.547,-0.58186,-24.197,-0.56458,0.11271,0.050625,-0.8047,-0.083907,0.0001588,0.073644,1.0205,17.92,-2.0255,-13.527,0.51915,-13.657,-1.6837,-23.024
6.5,-0.58293,0.10042,0.032358,-0.81295,-0.081041,-0.017552,0.073192,1.2875,18.974,-1.8036,-12.599,1.1672,-14.494,-0.055767,-23.324,-0.56571,0.10469,0.056023,-0.82073,-0.093202,-0.0090819,0.079045,2.3303,18.477,-1.2275,-11.87,0.14225,-12.703,-2.5022,-24.006
6.6,-0.55202,0.094616,0.030076,-0.80897,-0.10003,-0.0049624,0.078992,0.15745,17.308,-0.30844,-14.6,1.4248,-11.259,-0.81199,-25.397,-0.58566,0.10208,0.053684,-0.81223,-0.090984,-0.0022371,0.08095,-0.47718,17.551,-2.2345,-12.394,-0.093755,-13.168,-0.66523,-23.513
6.7,-0.57704,0.10901,0.04721,-0.807,-0.096859,-0.014106,0.077132,0.46361,14.694,-1.8979,-13.935,0.19792,-12.408,-3.3175,-25.051,-0.56918,0.12362,0.052449,-0.80509,-0.094489,-0.0062277,0.067461,0.37196,17.819,-2.0396,-14.43,1.6218,-14.758,0.4573,-25.583
6.8,-0.57804,0.11126,0.049159,-0.81323,-0.089091,-0.012743,0.087441,0.85853,17.413,-0.80161,-15.235,1.489,-13.037,-1.9217,-24.471,-0.55361,0.11381,0.035625,-0.81869,-0.10188,-0.01664,0.077351,-0.54934,16.34,-1.6236,-14.929,-2.3151,-13.879,-2.4914,-25.898
6.9,-0.57814,0.10523,0.013526,-0.82288,-0.090084,-0.0064575,0.087476,0.43666,18.946,0.87861,-12.652,0.56441,-11.203,-3.6827,-25.639,-0.56439,0.10108,0.028962,-0.81523,-0.09133,-0.014586,0.068424,-0.21965,17.343,0.09493,-13.769,0.080651,-12.929,-1.255,-24.361
7,-0.54801,0.12747,0.032376,-0.81662,-0.10473,-0.0088761,0.085202,0.049305,19.077,-1.2782,-15.214,-0.061607,-12.521,-0.81841,-24.153,-0.56296,0.12249,0.031789,-0.82107,-0.099088,-0.013844,0.086966,0.54973,18.101,-1.2744,-13.35,-0.3326,-13.458,-2.8753,-26.107
7.1,-0.5609,0.10369,0.048911,-0.83024,-0.1024,-0.012583,0.085012,2.2005,19.024,-0.51194,-15.442,0.068729,-12.591,-0.49539,-26.981,-0.56099,0.13517,0.032921,-0.80084,-0.097533,-0.00581,0.080428,0.05375,16.635,-0.86627,-16.271,-0.071724,-12.039,-0.87761,-25.938
7.2,-0.54257,0.10563,0.038288,-0.82704,-0.10215,-0.0089017,0.079077,1.5742,17.293,-2.2844,-15.809,-0.2766,-11.821,-0.0071938,-25.493,-0.54965,0.10737,0.037533,-0.80985,-0.096588,-0.0046355,0.086213,1.2256,17.939,0.13044,-15.654,1.5004,-10.992,-1.3504,-25.018
7.3,-0.55658,0.1349,0.026598,-0.84607,-0.10356,-0.017813,0.07654,0.95825,19.268,0.31761,-16.386,0.21802,-12.948,0.36256,-28.256,-0.54032,0.11099,0.026048,-0.82615,-0.099952,-0.013602,0.070489,0.24144,17.42,-1.9193,-15.131,-0.94569,-12.516,-0.61007,-27.945
7.4,-0.52491,0.11265,0.033911,-0.83507,-0.10964,-0.009452,0.073473,2.3171,18.083,-0.44722,-16.794,-1.4718,-12.395,-0.82034,-27.979,-0.52248,0.14197,0.0070553,-0.83191,-0.10451,-0.0094242,0.079963,0.53289,19.549,-0.66578,-16.786,1.607,-12.783,-0.27464,-26.972
7.5,-0.5324,0.12651,0.0142,-0.82495,-0.10763,-0.0086839,0.08264,1.5963,19.387,-1.8509,-15.409,0.66229,-11.319,-2.1427,-28.025,-0.53578,0.11361,0.0016484,-0.83231,-0.10946,-0.007819,0.075319,0.79866,18.761,-1.8178,-16.63,0.37433,-13.461,-1.7244,-27.261
7.6,-0.52845,0.1526,0.014185,-0.83835,-0.11486,-0.0067735,0.077609,-0.013881,21.038,-1.3211,-14.296,-1.815,-11.784,-2.1424,-28.858,-0.53669,0.12945,0.021687,-0.83315,-0.10734,-0.013536,0.074238,-0.73784,18.279,-1.1747,-16.622,-0.33724,-9.8367,-1.4625,-28.108
7.7,-0.53072,0.15245,0.0078237,-0.83525,-0.11559,-0.013777,0.079691,0.18455,20.638,-1.3594,-18.11,-0.30583,-12.464,-1.1441,-29.612,-0.52378,0.13732,-0.003427,-0.83686,-0.10941,-0.013815,0.085711,-0.9762,20.085,-2.6906,-17.587,0.97828,-10.039,-1.6442,-30.38
7.8,-0.51175,0.1446,0.017332,-0.83563,-0.12175,-0.0048654,0.084395,-0.083668,18.599,-2.3506,-17.07,2.0279,-9.6135,-1.1759,-28.842,-0.5227,0.13159,0.0084348,-0.84038,-0.1165,4.7223e-05,0.080991,0.15064,20.449,-1.2795,-18.512,0.27013,-11.187,-0.97364,-29.891
7.9,-0.50216,0.12257,0.0077153,-0.83244,-0.11695,-0.01355,0.084957,-0.60454,20.814,-0.20327,-17.199,0.83815,-12.202,-1.703,-31.252,-0.50509,0.1413,0.027239,-0.85183,-0.12376,-0.012622,0.089623,0.37532,20.212,-2.7069,-19.609,2.9596,-11.2,-0.3749,-30.384
8,-0.50279,0.15057,0.016045,-0.8461,-0.12307,-0.0010443,0.074169,0.016488,20.905,-0.9608,-17.78,2.2322,-11.497,-0.39898,-29.167,-0.5039,0.13715,0.01624,-0.84848,-0.11467,-0.0064874,0.08941,0.34149,18.543,-2.0664,-20.789,0.73776,-9.9061,-0.82511,-28.866
8.1,-0.51166,0.15727,0.0052062,-0.86725,-0.12488,-0.003268,0.072416,2.394,22.993,-2.372,-18.677,-0.069879,-11.011,-1.7891,-29.489,-0.53062,0.1521,0.0080196,-0.83641,-0.11304,-3.1147e-06,0.079713,0.44351,20.17,-0.40347,-21.086,-0.15764,-12.063,0.8201,-31.519
8.2,-0.5007,0.14448,0.0018255,-0.87126,-0.10911,-0.009189,0.07606,0.57232,22.037,0.085832,-19.061,-0.070135,-8.9338,-2.0005,-30.085,-0.51247,0.14241,-0.0042042,-0.86987,-0.11408,0.0033421,0.08212,0.39722,21.086,-1.9417,-18.589,0.26787,-10.636,-0.86854,-32.253
8.3,-0.47852,0.15381,-0.0025515,-0.86901,-0.12446,-0.014578,0.08126,0.082913,22.606,-1.1884,-19.981,1.4897,-12.147,-0.26848,-30.736,-0.49893,0.1475,0.0049313,-0.84879,-0.11268,-0.007533,0.076316,-0.34796,21.79,-2.5884,-20.345,1.0453,-9.2734,-0.25631,-29.97
8.4,-0.46979,0.1423,-0.015833,-0.87857,-0.12902,-0.0051703,0.085329,0.69953,20.712,-2.0653,-18.638,1.3246,-8.0027,-0.070693,-30.806,-0.47723,0.14403,-0.011785,-0.86129,-0.11799,-0.004081,0.08635,0.095628,21.584,-1.2369,-20.593,1.6253,-8.2828,-1.4278,-31.329
8.5,-0.47331,0.13539,0.01396,-0.86721,-0.12923,0.0045561,0.086673,-0.33378,21.499,0.17956,-18.578,1.1971,-9.1189,-0.00039362,-31.493,-0.45938,0.15098,-0.0044274,-0.85204,-0.12095,-0.0019303,0.081846,1.3387,20.705,-1.9512,-19.276,-0.34225,-10.238,-0.87333,-31.039
8.6,-0.48122,0.15085,-0.0038192,-0.86217,-0.12921,-0.0066878,0.078438,1.3685,21.352,-2.2253,-21.704,1.4257,-7.6527,-0.56591,-31.743,-0.47281,0.14739,0.0010622,-0.86327,-0.12339,-0.0068972,0.073616,1.8128,22.177,-1.8099,-20.044,0.89862,-7.5643,-2.2964,-31.221
8.7,-0.44463,0.14246,-0.017456,-0.87602,-0.12391,-0.0012871,0.081359,-0.0090507,23.024,-0.90905,-22.379,0.76006,-8.7521,-0.029577,-32.427,-0.46059,0.15386,-0.014838,-0.8718,-0.13394,-0.0053369,0.082494,-0.86813,20.625,0.53297,-20.839,1.3457,-8.8781,1.494,-32.26
8.8,-0.45864,0.16169,-0.0041429,-0.8729,-0.12358,-0.011042,0.079672,0.024863,21.582,-1.52,-21.418,0.99587,-7.9651,-1.813,-32.915,-0.46571,0.14655,-0.017051,-0.87769,-0.12537,0.00023394,0.085196,-1.9871,23.19,-0.74156,-21.988,0.45368,-7.4843,-1.3189,-31.541
8.9,-0.44755,0.15324,-0.016072,-0.88068,-0.12384,-0.0025376,0.080728,3.0171,20.633,-2.4128,-23.169,1.1241,-7.7557,0.15279,-32.701,-0.44511,0.16475,0.0055062,-0.87718,-0.12491,-0.0020676,0.073253,-1.0547,23.114,-0.28969,-21.356,-0.76639,-8.3243,-0.5766,-32.001
9,-0.43527,0.1514,-0.017313,-0.87,-0.1222,0.0064092,0.089881,-0.12371,20.888,-1.6928,-23.334,-0.13114,-5.5799,-1.2796,-32.507,-0.44967,0.15262,-0.012057,-0.86926,-0.12824,-0.0084818,0.077507,-0.50567,23.477,-1.2121,-20.886,-0.18056,-8.1368,0.62646,-33.203
9.1,-0.4516,0.16741,-0.021522,-0.88392,-0.12911,-0.0028197,0.084044,-0.10936,23.391,-0.071975,-23.829,0.67076,-6.1819,-1.2354,-32.425,-0.43722,0.17009,0.0026637,-0.88075,-0.12637,0.0072025,0.075577,-0.10157,23.883,-1.3755,-23.178,0.98903,-6.5815,-1.8648,-34.858
9.2,-0.42703,0.15244,-0.027571,-0.87736,-0.1349,0.006437,0.077659,1.0278,23.964,-0.22247,-21.835,1.5949,-7.3964,-0.73444,-33.723,-0.43204,0.14508,-0.0071985,-0.88818,-0.1198,0.0050066,0.080939,0.26754,22.653,-2.8865,-22.698,1.1165,-7.8237,-1.9119,-33.827
9.3,-0.43304,0.18148,-0.022506,-0.89536,-0.12543,-0.004774,0.072458,1.011,22.562,-1.9238,-26.187,-0.43221,-6.2721,0.66447,-34.287,-0.43113,0.1684,-0.022183,-0.88057,-0.12909,-0.0016941,0.073734,0.20959,24.97,-1.5729,-23.538,1.2144,-6.6098,-0.71978,-32.819
9.4,-0.43213,0.16023,-0.017111,-0.87579,-0.13494,-0.0013568,0.072176,-0.01127,23.998,-0.24956,-23.925,1.6254,-5.038,-0.26529,-33.721,-0.43974,0.1762,-0.021064,-0.88373,-0.13116,-0.00045802,0.075104,1.1452,21.807,-0.98641,-25.545,-0.52492,-6.292,-1.3379,-33.513
9.5,-0.42223,0.17456,-0.019967,-0.88784,-0.13695,-0.00084835,0.070708,-0.24452,24.31,-0.049134,-23.399,0.73174,-5.8321,-0.10897,-34.371,-0.42894,0.15748,-0.030586,-0.89606,-0.13245,-0.0019735,0.069595,1.9052,24.525,-1.6395,-25.702,1.362,-6.3452,1.0515,-34.42
9.6,-0.41675,0.17404,-0.031271,-0.90451,-0.12551,0.0081636,0.071934,0.52175,24.14,-0.60877,-25.694,2.8613,-5.8311,0.52147,-34.523,-0.41447,0.16426,-0.030722,-0.89112,-0.13061,0.0084444,0.073256,1.0044,23.912,-2.8448,-25.235,-0.60389,-6.2163,-1.3604,-34.528
9.7,-0.41579,0.17209,-0.041241,-0.89488,-0.14111,-0.00061145,0.079411,-0.82143,24.888,0.0059449,-26.169,0.6088,-4.4451,0.56932,-34.026,-0.39872,0.191,-0.017516,-0.90536,-0.13637,0.0044086,0.067994,-1.9883,23.652,-3.8102,-25.494,0.95117,-6.1486,1.4387,-34.596
9.8,-0.39692,0.18922,-0.041754,-0.92216,-0.13188,0.0032144,0.069837,1.3256,25.066,-1.2321,-26.275,3.247,-3.9112,-0.025889,-33.406,-0.41141,0.16605,-0.032409,-0.90438,-0.13029,0.0065888,0.071758,2.7242,22.936,-1.1543,-25.881,0.47958,-5.7455,1.7918,-34.808
9.9,-0.37926,0.17873,-0.048615,-0.91178,-0.13624,0.013359,0.07015,1.4342,22.988,-1.9066,-26.301,1.5604,-2.5595,0.34829,-33.531,-0.37636,0.18358,-0.0267,-0.89525,-0.13319,0.0024164,0.06865,0.74299,24.359,-1.8542,-25.95,1.849,-4.3822,1.6629,-35.354
10,-0.3894,0.16513,-0.037444,-0.92371,-0.13058,0.0088361,0.057036,0.31367,25.15,-1.2348,-26.199,0.59453,-4.3072,0.10029,-34.755,-0.37529,0.16676,-0.033975,-0.92889,-0.12981,-0.0027821,0.070002,0.042108,24.873,-0.21084,-26.244,0.52572,-4.1308,1.138,-31.313
10.1,-0.36146,0.16988,-0.054219,-0.90041,-0.13371,0.0097759,0.062309,0.52754,25.9,0.86279,-26.016,-0.045509,-3.0999,-0.18195,-31.846,-0.36879,0.18781,-0.039624,-0.90641,-0.14473,-0.00081394,0.067313,1.3231,25.299,-1.7787,-27.651,1.8337,-5.697,0.48412,-33.346
10.2,-0.37987,0.17373,-0.041247,-0.91384,-0.14234,0.0088951,0.066818,1.3923,26.884,-2.5551,-29.036,1.8126,-3.8344,1.5489,-32.794,-0.36942,0.19823,-0.045303,-0.89996,-0.13538,0.011669,0.069445,1.7985,25.905,-0.47073,-26.589,2.5684,-1.3523,2.4706,-33.003
10.3,-0.3566,0.18253,-0.02889,-0.91602,-0.13667,0.0055789,0.068522,-0.81304,25.911,-1.6497,-28.104,0.91638,-2.7282,0.49814,-32.466,-0.35781,0.18533,-0.038534,-0.90424,-0.12935,0.010159,0.06105,1.41,26.787,-1.7398,-26.809,2.3108,-3.6275,-1.2256,-32.103
10.4,-0.37297,0.18626,-0.049008,-0.91456,-0.1475,0.0095585,0.065901,1.0132,26.49,-0.1608,-28.983,1.9204,-1.5126,1.1716,-31.678,-0.36173,0.17946,-0.048084,-0.90293,-0.14886,0.0075112,0.067264,1.6009,27.301,-0.54823,-27.394,-0.67713,-1.8723,1.3119,-32.75
10.5,-0.33776,0.19264,-0.041181,-0.92588,-0.13073,0.0066436,0.063282,1.3548,25.373,-1.0548,-30.49,1.4936,-0.28005,2.3997,-31.063,-0.33464,0.17641,-0.050936,-0.92144,-0.13615,0.017445,0.065151,-0.39893,26.643,-1.1368,-29.553,0.31947,-3.99,1.9754,-32.233
10.6,-0.31556,0.19462,-0.045091,-0.9219,-0.15104,0.009619,0.070525,1.8628,25.844,-0.62901,-28.397,-1.6715,-0.35821,2.421,-33.317,-0.31642,0.18141,-0.043945,-0.92788,-0.14189,0.025695,0.062401,2.5253,26.827,-2.4417,-29.526,-0.12048,-1.3409,-0.19706,-32.607
10.7,-0.30965,0.19783,-0.047934,-0.94425,-0.1435,0.015536,0.055715,-0.28746,28.243,-1.3926,-30.517,0.94832,-2.5671,0.081133,-31.085,-0.33579,0.18025,-0.066133,-0.91338,-0.13933,0.013006,0.060455,0.18219,24.608,-2.5351,-28.517,1.5076,-1.6878,0.55744,-30.375
10.8,-0.32955,0.19057,-0.049624,-0.92477,-0.14418,0.026762,0.059974,1.7078,28.098,-0.50495,-33.056,2.5571,-0.47714,3.3136,-30.386,-0.31979,0.18464,-0.038279,-0.92021,-0.14155,0.014471,0.053416,-0.054831,26.92,-0.23503,-29.122,1.1414,-1.9744,-0.18036,-30.68
10.9,-0.3194,0.18466,-0.05348,-0.92463,-0.13342,0.010185,0.061442,0.76968,27.543,-2.7722,-30.315,0.33241,-1.1792,0.98001,-32.51,-0.30699,0.18561,-0.047715,-0.92611,-0.14592,0.012358,0.048187,2.7936,27.001,-0.30617,-28.869,1.6968,-1.9903,1.5515,-30.161
11,-0.32608,0.17957,-0.045106,-0.92264,-0.13842,0.020322,0.053274,0.48392,28.126,-0.11668,-30.117,1.3264,-1.9883,2.6817,-30.304,-0.34015,0.19776,-0.057174,-0.93904,-0.13952,0.017816,0.061264,1.927,27.096,-1.5973,-30.404,1.4854,-1.5392,-1.3591,-31.172
11.1,-0.31059,0.17663,-0.047791,-0.92754,-0.13904,0.02685,0.05487,2.737,27.249,-0.70852,-30.665,1.2119,-0.33321,0.77677,-29.746,-0.30692,0.18025,-0.065778,-0.9208,-0.14723,0.023703,0.05327,1.874,26.935,-2.3387,-28.868,-0.47407,0.29844,0.54174,-30.136
11.2,-0.31072,0.18026,-0.068027,-0.93011,-0.13983,0.013106,0.05841,1.0942,27.49,-2.2629,-30.953,1.4242,-1.2521,0.17248,-30.936,-0.29813,0.18113,-0.052239,-0.93553,-0.14085,0.017492,0.052818,0.56097,29.053,-0.49464,-30.301,-0.47019,-1.4586,-0.20687,-29.281
11.3,-0.30581,0.18372,-0.066498,-0.93627,-0.13234,0.028265,0.052019,0.89235,28.306,-2.8005,-31.057,0.71494,0.23568,0.76784,-29.303,-0.28696,0.18252,-0.055408,-0.92553,-0.14618,0.012973,0.060782,-0.60765,26.205,-0.49225,-32.914,-0.26553,1.6963,1.3097,-29.939
11.4,-0.2572,0.19401,-0.072647,-0.93605,-0.13943,0.021459,0.055109,2.7099,27.925,0.041774,-30.672,3.0995,-0.14707,0.86101,-29.173,-0.27858,0.18921,-0.06272,-0.93803,-0.14975,0.020608,0.043725,0.89071,28.992,-1.7775,-31.722,-0.38711,0.83769,-1.3103,-30.272
11.5,-0.26523,0.18388,-0.073138,-0.9291,-0.14404,0.020422,0.042,0.033144,26.965,-1.1759,-32.814,0.93016,-0.60285,0.83179,-27.653,-0.29014,0.17951,-0.08025,-0.94232,-0.1381,0.026081,0.050527,-0.0096439,27.179,-0.70499,-32.881,0.54959,1.069,0.22655,-28.532
11.6,-0.27599,0.16603,-0.066974,-0.92695,-0.13325,0.026647,0.046728,0.85672,30.055,-2.1966,-34.547,-0.65164,2.0631,0.65487,-25.387,-0.25086,0.18221,-0.072036,-0.94788,-0.14674,0.023658,0.041355,1.8855,27.372,-1.9219,-33.441,1.2291,1.9853,1.8643,-27.35
11.7,-0.25635,0.2044,-0.058365,-0.94925,-0.152,0.032374,0.051957,-0.24612,30.521,-0.5339,-33.473,0.95625,2.641,1.0008,-26.827,-0.27512,0.18477,-0.070812,-0.92639,-0.14337,0.035265,0.048841,0.047508,28.303,0.12312,-33.06,0.85533,2.7921,0.51413,-27.661
11.8,-0.24838,0.17196,-0.075189,-0.96495,-0.13449,0.029395,0.057405,-0.22687,29.19,-1.6073,-33.437,1.0241,2.8413,-0.22552,-27.208,-0.26354,0.18946,-0.063818,-0.94305,-0.14688,0.023801,0.052858,2.5754,28.739,-0.51738,-33.4,1.0618,2.0996,1.2461,-29.531
11.9,-0.25325,0.20927,-0.067007,-0.94796,-0.14169,0.031927,0.0467,-1.3678,29.056,0.24297,-33.992,1.4666,4.081,-0.022607,-27.198,-0.25483,0.1849,-0.051359,-0.95446,-0.14072,0.029985,0.049264,0.8773,29.389,-0.74769,-32.541,1.7484,4.6646,0.78261,-26.28
12,-0.24204,0.17537,-0.050165,-0.9403,-0.13813,0.031854,0.042309,-0.70513,30.411,-0.70235,-36.572,-0.10298,3.2543,-0.086921,-26.721,-0.24564,0.17853,-0.083974,-0.9435,-0.13991,0.029606,0.037733,0.24574,28.68,-3.2414,-34.367,2.0545,2.1264,0.86272,-26.618
12.1,-0.22562,0.18621,-0.076129,-0.94646,-0.13936,0.027656,0.041375,1.2193,29.785,1.3427,-35.749,0.4481,3.7599,0.19292,-25.525,-0.23333,0.17658,-0.061674,-0.95805,-0.13977,0.029713,0.042623,0.67812,30,1.0678,-36.563,-0.14102,2.9549,1.8093,-26.482
12.2,-0.21943,0.18829,-0.079607,-0.94819,-0.15068,0.034335,0.034545,-0.74533,31.152,-2.0667,-37.259,1.3536,3.375,3.0774,-25.334,-0.21541,0.19345,-0.065425,-0.95179,-0.13456,0.039791,0.039468,0.25404,29.266,-1.897,-34.373,0.94547,3.8275,-0.10392,-26.992
12.3,-0.19867,0.18485,-0.056277,-0.96073,-0.13641,0.035777,0.027547,-0.17496,29.58,0.77559,-36.741,0.15364,3.9397,2.8912,-24.052,-0.21885,0.16786,-0.080511,-0.96696,-0.14441,0.038038,0.042131,0.17958,32.081,-2.8077,-37.418,-0.048242,3.7141,1.7864,-24.429
12.4,-0.20463,0.18765,-0.074905,-0.94956,-0.14162,0.035078,0.041803,1.9475,31.515,-1.7108,-36.755,-1.4998,3.4501,2.0669,-25.251,-0.21251,0.19669,-0.091755,-0.95769,-0.13725,0.041108,0.043897,1.5753,30.366,-0.73591,-36.658,0.90582,5.2206,0.055547,-25.167
12.5,-0.21785,0.15843,-0.081411,-0.98047,-0.14734,0.048244,0.033048,-1.646,31.354,-1.0888,-37.051,1.5551,3.9208,0.26988,-26.975,-0.20079,0.16862,-0.06917,-0.95929,-0.14403,0.044383,0.038037,1.1939,31.243,-1.9545,-37.569,0.97687,4.2472,1.2806,-25.739
12.6,-0.21711,0.19077,-0.078784,-0.96691,-0.15222,0.041687,0.039823,0.76008,31.204,1.2129,-36.041,-0.31956,2.9656,0.368,-25.571,-0.18716,0.17763,-0.077411,-0.94999,-0.1486,0.034226,0.029429,1.7782,32.591,-2.5198,-36.072,0.49167,5.4582,0.37165,-25.031
12.7,-0.19143,0.17256,-0.0657,-0.96865,-0.14335,0.038158,0.037465,0.7812,30.243,-1.3866,-37.228,0.83874,3.7067,3.2369,-24.47,-0.19813,0.16528,-0.069456,-0.95319,-0.14057,0.03677,0.031453,1.0898,30.727,-2.4591,-38.263,1.4098,5.6611,0.23406,-25.102
12.8,-0.17767,0.19016,-0.089887,-0.95618,-0.13836,0.044609,0.037994,0.69003,30.228,-1.1863,-37.091,0.56941,4.8352,2.0037,-24.005,-0.17263,0.18078,-0.062201,-0.97675,-0.14581,0.02678,0.041486,0.68155,32.789,-1.3105,-37.002,0.52785,4.8718,2.1308,-24.678
12.9,-0.19247,0.17512,-0.10378,-0.96257,-0.13853,0.037523,0.033922,1.9205,31.942,-1.2187,-37.078,2.3169,4.8575,1.9668,-26.202,-0.16,0.16313,-0.08255,-0.96401,-0.14165,0.049845,0.036455,1.3152,31.438,-1.5497,-37.308,1.0365,5.9078,-0.45672,-25.403
13,-0.17246,0.16864,-0.10159,-0.97709,-0.14719,0.043033,0.031686,0.45612,30.911,-1.9421,-38.242,-0.13655,5.5437,2.1396,-24.804,-0.15683,0.17225,-0.062528,-0.96227,-0.14461,0.046456,0.034629,0.566,33.042,-2.2463,-37.518,-0.14322,7.2178,2.4116,-24.617
13.1,-0.16049,0.16411,-0.081459,-0.97453,-0.1442,0.046825,0.02332,0.49215,33.387,0.1762,-37.046,1.1101,5.5469,0.56768,-23.737,-0.14414,0.17041,-0.088007,-0.95837,-0.15457,0.037125,0.035593,1.3977,32.202,-0.94227,-37.318,2.1319,3.7098,2.9491,-23.684
13.2,-0.15333,0.16046,-0.08224,-0.96869,-0.1431,0.047122,0.032714,-0.92841,33.346,-1.4515,-38.546,0.64822,4.7232,0.69379,-23.423,-0.15384,0.17355,-0.081915,-0.96497,-0.1443,0.05519,0.032343,-0.27217,31.088,-0.28107,-37.634,-0.19773,7.1892,2.2025,-22.581
13.3,-0.13292,0.18483,-0.078218,-0.98057,-0.14631,0.056233,0.022758,0.066247,31.601,-0.44757,-40.047,1.1733,5.2318,1.3472,-23.491,-0.1513,0.18369,-0.081882,-0.97365,-0.13674,0.043686,0.031272,0.11507,29.967,-2.7128,-38.086,0.44701,6.3273,1.2489,-23.3
13.4,-0.12943,0.1769,-0.06346,-0.95958,-0.14232,0.055211,0.030796,0.69573,31.266,-2.217,-39.516,0.073297,6.617,1.5995,-21.27,-0.13103,0.1669,-0.080178,-0.9637,-0.14713,0.053476,0.025634,1.2359,32.914,-1.527,-37.96,0.82879,4.1672,0.69754,-22.958
13.5,-0.12533,0.16002,-0.065004,-0.98684,-0.15479,0.054433,0.016174,-1.0233,32.568,-2.195,-40.835,1.4086,6.5856,2.4394,-20.638,-0.1016,0.16687,-0.077831,-0.9714,-0.14807,0.050533,0.026629,1.0384,31.31,-0.4822,-42.509,1.1984,6.5146,2.07,-24.344
13.6,-0.12238,0.16611,-0.081986,-0.96978,-0.14006,0.057886,0.022121,-0.011279,31.282,-2.1461,-41.37,1.1257,5.4769,-0.036103,-22.095,-0.11925,0.16087,-0.08555,-0.98275,-0.14025,0.062646,0.035938,-0.71624,33.111,-0.034328,-40.245,1.4843,4.9557,1.836,-20.84
13.7,-0.10684,0.17476,-0.090911,-0.98595,-0.1412,0.054248,0.010626,-1.4844,30.375,0.33648,-41.764,0.56678,5.6001,0.33979,-20.743,-0.10565,0.17342,-0.093843,-0.98312,-0.14897,0.054857,0.025603,-0.69393,32.441,-0.61986,-40.306,0.85797,4.8451,0.91179,-22.987
13.8,-0.11595,0.17518,-0.066271,-0.97247,-0.13773,0.063102,0.02487,-0.19772,31.032,-1.4409,-42.386,-0.13924,8.0968,0.74113,-20.797,-0.10522,0.16159,-0.079091,-0.99425,-0.13835,0.057823,0.020135,0.089187,32.384,-0.52835,-41.234,1.2616,4.553,1.9571,-21.44
13.9,-0.1042,0.16498,-0.086032,-0.9767,-0.13667,0.060928,0.021274,-1.0043,30.747,-1.6434,-41.636,0.32003,8.1764,2.2578,-20.416,-0.10319,0.15663,-0.068456,-0.96945,-0.13646,0.068618,0.020467,-2.1195,29.935,-1.5653,-41.433,3.0447,6.92,2.0309,-20.606
14,-0.088004,0.15035,-0.096651,-0.971,-0.12639,0.06334,0.012651,0.18056,30.354,-1.6583,-42.491,1.3124,7.5287,1.7799,-18.03,-0.082917,0.16793,-0.069577,-0.97318,-0.13706,0.059191,0.022017,-1.6443,30.236,-3.103,-42.826,1.2929,8.1183,-0.75795,-20.188
14.1,-0.091443,0.14368,-0.076322,-0.9704,-0.13573,0.055953,0.019089,-1.7917,30.321,-2.0939,-42.402,0.52325,7.6969,0.93548,-19.228,-0.070467,0.1398,-0.087901,-1.0033,-0.12903,0.060454,0.018768,-0.69744,28.958,-0.75652,-41.737,0.17333,10.147,-0.65639,-21.231
14.2,-0.07646,0.16035,-0.074205,-0.97856,-0.11933,0.06655,0.012389,-1.8141,29.029,-1.7996,-42.171,0.67379,8.6147,1.4916,-19.528,-0.072647,0.14352,-0.061258,-0.97868,-0.13665,0.059459,0.013442,-0.96169,31.314,-1.0328,-42.816,0.40108,7.7544,1.0115,-20.693
14.3,-0.075373,0.13954,-0.096928,-0.98609,-0.13123,0.06949,0.013387,-2.2754,28.522,-2.9485,-43.504,0.96221,7.9411,0.83993,-20.742,-0.069844,0.15553,-0.07403,-1.0013,-0.12416,0.067926,0.019969,-0.33019,26.296,-1.9118,-43.443,0.93249,9.4411,0.84426,-19.213
14.4,-0.068338,0.14703,-0.080068,-0.97281,-0.12858,0.067706,0.017747,-1.26,29.99,-2.0671,-44.101,0.64431,9.8757,-0.93291,-19.836,-0.065946,0.15501,-0.084171,-0.98827,-0.12167,0.061755,0.015269,-1.2083,28.13,-2.1453,-44.634,0.57123,8.5769,2.2958,-18.199
14.5,-0.060506,0.1398,-0.089158,-0.98945,-0.12432,0.067577,0.0034175,-1.1606,28.519,-0.25425,-45.458,-0.44616,10.186,-0.020035,-19.291,-0.060013,0.13722,-0.091723,-0.97342,-0.11588,0.057125,0.013997,0.30461,27.964,0.62265,-45.712,-0.67073,8.6083,1.068,-19.289
14.6,-0.054112,0.14228,-0.086796,-0.98315,-0.1258,0.068472,0.012898,-1.293,27.454,-1.3785,-45.082,0.45733,8.131,1.2425,-16.616,-0.041085,0.15464,-0.081579,-0.9889,-0.11531,0.061063,0.015592,-1.1231,25.785,-1.9693,-44.804,0.83128,10.655,0.73016,-17.352
14.7,-0.024902,0.13974,-0.093047,-0.96439,-0.11465,0.074702,0.01664,-1.6304,29.4,0.30744,-44.584,0.92588,11.32,0.11621,-17.83,-0.050066,0.13151,-0.083098,-0.98057,-0.12185,0.071695,0.01256,0.26746,27.633,-1.6393,-44.934,0.98606,9.7724,2.0836,-18.501
14.8,-0.051034,0.11911,-0.085569,-0.98954,-0.12615,0.080922,0.0083741,-1.405,26.822,-1.4742,-45.743,-2.1425,10.892,0.18206,-19.71,-0.029193,0.1233,-0.060383,-0.98844,-0.12422,0.077865,0.010549,-1.0123,27.251,-2.5908,-44.791,-1.4227,10.219,0.94976,-17.222
14.9,-0.036233,0.12194,-0.082835,-0.9818,-0.11297,0.072027,0.0060756,-0.63055,25.048,-2.5886,-44.065,1.1977,8.3168,2.2842,-19.285,-0.05098,0.14011,-0.052139,-0.99477,-0.11808,0.064269,0.0015492,-0.808,26.151,-0.012189,-46.246,2.8981,11.107,2.4498,-18.293
15,-0.0093034,0.13167,-0.074334,-0.99674,-0.12155,0.085072,0.010318,-0.57611,24.893,-2.5166,-46.372,0.12172,10.768,-0.49621,-18.121,-0.035744,0.12553,-0.09555,-0.98726,-0.12269,0.073337,0.0057085,1.2362,27.549,-2.075,-45.22,2.3103,8.7125,-0.44329,-17.487
15.1,-0.019588,0.12127,-0.076071,-0.97092,-0.11615,0.076832,0.0085761,-2.5774,25.752,-2.2328,-47.469,2.1629,9.256,0.2499,-18.128,-0.020492,0.12761,-0.086596,-0.98014,-0.10704,0.075222,-0.0019042,-0.39689,24.101,-1.4897,-44.921,-0.80754,11.164,1.5066,-18.45
15.2,-0.023843,0.13553,-0.07727,-0.98505,-0.10015,0.077077,0.001906,1.6652,23.995,-2.0609,-47.554,1.1904,9.8641,1.9657,-17.746,-0.01331,0.15137,-0.096287,-0.97065,-0.1032,0.080474,0.0051767,-2.1557,25.569,-1.0977,-45.86,-0.28218,10.586,1.4131,-16.488
15.3,-0.018661,0.11821,-0.093936,-0.98332,-0.098715,0.081504,0.0027543,-1.6252,23.398,-1.3635,-47.4,-1.3257,13.49,1.4591,-16.209,-0.010771,0.11051,-0.074446,-0.98586,-0.10534,0.081494,0.013674,-0.55589,23.432,-0.25054,-47.165,1.139,11.676,-1.5273,-17.099
15.4,0.0074781,0.12781,-0.076976,-0.98914,-0.098615,0.08278,0.007847,-1.1577,25.475,-2.1777,-48.791,2.7792,10.943,0.88886,-16.658,-0.023543,0.095938,-0.10281,-1.0025,-0.1149,0.078766,0.0022713,-1.1659,24.382,-0.026515,-48.826,0.55406,11.116,0.3541,-16.729
15.5,0.015113,0.12841,-0.0911,-0.99886,-0.10457,0.082233,0.0035981,-0.085195,24.84,-1.8182,-49.043,1.9238,9.1822,1.4407,-16.52,0.0094358,0.12325,-0.080056,-0.99848,-0.099997,0.080795,0.00047155,-1.1572,24.318,-0.33274,-48.714,1.5793,11.888,0.44637,-15.192
15.6,0.0039967,0.10959,-0.086924,-0.97706,-0.10314,0.084705,-0.0036692,0.20721,23.607,-0.74597,-50.461,-0.47978,10.086,0.17615,-15.928,0.013599,0.11136,-0.087728,-0.99638,-0.098882,0.085657,-0.0027756,-1.7486,20.865,-1.5967,-49.679,0.88321,12.46,0.03616,-17.114
15.7,-0.0038216,0.098778,-0.090894,-1.0036,-0.099968,0.090782,-0.0048597,-0.62196,21.63,-1.109,-48.117,0.26194,11.637,0.21904,-14.725,0.027918,0.098896,-0.07886,-1.0007,-0.096096,0.087561,-0.0030082,-0.69243,23.292,-0.19521,-48.597,-0.75742,12.257,2.3632,-14.069
15.8,0.037498,0.10855,-0.097962,-0.98477,-0.10642,0.085485,-0.0067336,-0.9124,21.937,-2.6729,-49.587,1.0015,16.191,1.0523,-16.469,0.0054576,0.091736,-0.067179,-0.99446,-0.093385,0.096105,0.00071939,-0.61388,22,-0.29086,-50.872,1.6601,12.732,-0.55428,-15.17
15.9,0.02851,0.10218,-0.065945,-1.0088,-0.091842,0.098158,-0.0033306,-0.3622,20.793,0.63542,-49.124,0.99263,11.735,0.48271,-13.373,0.026447,0.1,-0.089802,-1.0003,-0.096871,0.092788,-0.0079505,-0.72863,21.229,0.89404,-48.282,-0.96202,11.993,-0.23521,-16.401
16,0.018825,0.096652,-0.074746,-0.99457,-0.084282,0.092219,-0.0020865,-0.70629,21.64,-0.56518,-50.032,0.66956,12.479,0.52741,-14.026,0.033759,0.095224,-0.067983,-1.001,-0.088172,0.093753,-0.0043907,0.14284,20.295,0.58525,-48.928,0.23948,12.546,1.1247,-14.093
16.1,0.019223,0.092701,-0.079548,-0.98526,-0.094085,0.093492,0.000713,-1.704,21.371,1.5496,-52.176,2.0756,13.914,0.36412,-13.956,0.032529,0.078976,-0.089391,-0.99512,-0.089808,0.083671,-0.0066521,-1.62,21.631,-0.22008,-49.197,0.19434,11.928,0.66272,-14.053
16.2,0.040439,0.094292,-0.058102,-0.98233,-0.10033,0.093382,-0.010651,-1.3644,20.089,0.26171,-48.521,0.48847,13.509,-0.041054,-12.794,0.047365,0.093672,-0.071843,-0.98458,-0.086679,0.091363,-0.0078802,-1.0649,20.24,0.89515,-51.321,1.471,14.179,0.16227,-12.841
16.3,0.048574,0.082808,-0.081225,-0.97206,-0.086911,0.090298,-0.01165,-1.3298,21.189,0.74906,-49.739,2.1371,13.95,0.57055,-13.009,0.03563,0.077421,-0.080677,-0.98936,-0.07733,0.094792,-0.0087682,-0.54497,19.458,-0.95212,-50.774,1.4929,14.376,1.6678,-14.183
16.4,0.066169,0.077596,-0.078364,-0.98543,-0.087996,0.095836,-0.010967,-1.2798,19.811,-0.31084,-50.513,0.43797,15.2,1.8079,-12.752,0.059264,0.072863,-0.068379,-1.0085,-0.084721,0.090368,-0.0095038,-0.50596,19.413,-0.36247,-51.138,2.345,15.318,2.1532,-13.734
16.5,0.052318,0.070158,-0.065492,-0.99898,-0.076722,0.088846,-0.0021414,-0.47411,16.453,1.7916,-51.149,-0.41401,15.391,0.47487,-13.146,0.070764,0.070325,-0.081363,-1.0141,-0.083393,0.092911,-0.011262,-4.5174,18.719,0.6717,-49.563,1.6249,15.384,0.18015,-14.84
16.6,0.050254,0.064605,-0.082737,-1.0058,-0.071,0.097268,-0.015216,-0.36797,17.705,-0.80706,-50.149,0.36322,14.695,1.3794,-11.291,0.054663,0.081188,-0.087635,-1.0028,-0.083068,0.086825,-0.0061439,-1.1456,17.223,-0.96651,-50.264,1.2629,13.679,1.9976,-11.651
16.7,0.049353,0.056483,-0.063671,-0.98136,-0.08043,0.089358,-0.018024,-1.3664,16.5,1.5128,-48.794,0.56925,14.832,0.19979,-12.017,0.079361,0.048184,-0.089498,-0.98618,-0.079278,0.09234,-0.015882,-2.5783,18.249,-0.64294,-49.952,0.27401,14.696,1.6142,-11.852
16.8,0.06617,0.065028,-0.068355,-1.0068,-0.077772,0.095167,-0.0073709,-0.89003,19.152,0.63893,-49.568,-0.18908,17.244,0.31856,-9.9181,0.061641,0.056162,-0.075608,-0.99325,-0.071505,0.086025,-0.012003,-2.1317,16.889,0.61257,-49.409,1.6216,15.003,2.1403,-12.219
16.9,0.059452,0.060023,-0.071074,-0.9933,-0.084637,0.08874,-0.0046123,-1.0666,16.212,-0.25974,-47.622,0.14079,14.906,-0.88949,-10.722,0.05134,0.054028,-0.081851,-0.99383,-0.067343,0.093098,-0.014783,-1.9697,18.839,0.057786,-51.476,-1.1829,14.665,1.3039,-12.763
17,0.079144,0.055323,-0.059969,-1.0002,-0.068725,0.087097,-0.018279,-0.056351,16.429,1.1656,-47.395,0.76575,14.585,-1.6334,-10.625,0.055884,0.039777,-0.067801,-0.98496,-0.064799,0.092326,-0.017912,-2.2256,15.71,0.50582,-47.186,-0.57767,14.8,0.79011,-10.05
17.1,0.082455,0.039066,-0.068279,-0.99956,-0.077057,0.085818,-0.026293,-0.31475,17.414,0.86351,-49.301,0.68425,15.461,0.6506,-10.192,0.057429,0.041609,-0.064705,-0.99192,-0.069977,0.089998,-0.00056519,-0.45623,16.422,1.6731,-48.894,0.15997,14.736,0.29921,-10.654
17.2,0.08783,0.037593,-0.059367,-0.98376,-0.061358,0.083791,-0.017383,-1.987,17.808,-0.086004,-49.955,0.67486,15.767,1.0517,-13.111,0.088353,0.050063,-0.0688,-0.98131,-0.065449,0.085561,-0.014558,2.0153,15.768,1.1207,-48.548,2.2492,15.881,1.858,-10.569
17.3,0.078715,0.031754,-0.060249,-0.9775,-0.070039,0.095111,-0.01768,-0.44185,17.274,-0.21107,-48.682,-0.4038,17.119,-0.93482,-8.7284,0.069722,0.011687,-0.065879,-0.99305,-0.068261,0.086934,-0.016773,-2.2751,16.443,0.43167,-47.243,1.3558,14.766,1.1759,-11.613
17.4,0.077025,0.024759,-0.064057,-0.98638,-0.067081,0.091035,-0.010238,-1.4253,15.554,0.15101,-46.748,1.2065,16.638,1.8149,-8.7546,0.084892,0.031067,-0.040727,-0.99488,-0.064364,0.091137,-0.024199,-0.24871,15.871,3.0571,-48.016,0.44898,17.21,1.4767,-10.198
17.5,0.084941,0.052541,-0.064879,-1.0026,-0.066601,0.084086,-0.020488,-2.8138,15.941,0.012938,-46.814,-1.6709,15.739,-0.12602,-8.0905,0.076721,0.013761,-0.0741,-1.0052,-0.064749,0.094617,-0.011622,-1.8991,14.786,0.86921,-49.344,2.0741,15.922,1.273,-8.4456
17.6,0.09221,0.03192,-0.064789,-1.002,-0.068352,0.088067,-0.020854,-0.30342,13.174,-0.033055,-47.157,0.69176,16.981,0.4005,-9.5883,0.089595,0.0066939,-0.054715,-0.99788,-0.045927,0.084498,-0.033836,-1.8006,15.649,1.1451,-48.078,1.0796,16.075,1.8613,-7.5115
17.7,0.091217,0.030804,-0.075848,-0.99921,-0.055477,0.093368,-0.02493,-1.696,13.985,1.1542,-48.171,1.1134,15.787,-0.53478,-8.994,0.09173,0.015674,-0.065584,-0.99175,-0.048041,0.089489,-0.021787,-0.39091,13.783,2.7047,-47.13,-0.67691,16.566,-0.3371,-7.1367
17.8,0.10375,0.017318,-0.044826,-1.0092,-0.057859,0.09415,-0.019718,-1.3379,13.999,0.37261,-46.988,1.4115,16.929,-0.46673,-7.4337,0.099687,0.028529,-0.075112,-1.0032,-0.053543,0.083623,-0.021757,-2.1101,12.933,-0.67769,-45.286,1.3696,19.304,1.0849,-8.2995
17.9,0.10249,0.024397,-0.027334,-0.98744,-0.046161,0.081468,-0.039637,-2.4479,14.784,0.18635,-45.107,-0.43507,18.113,2.2154,-9.2635,0.1102,-0.0082443,-0.050481,-0.98965,-0.053355,0.08746,-0.022651,-1.8477,11.772,-1.7665,-45.743,1.2492,20.365,3.7465,-10.229
18,0.10438,0.00027615,-0.051644,-0.99649,-0.048882,0.091216,-0.022953,-1.1581,11.088,-0.31681,-44.545,0.46812,18.09,-0.088896,-7.8511,0.10549,0.0047696,-0.04539,-0.99121,-0.055849,0.085298,-0.026922,-1.5216,13.346,1.2184,-45.498,0.65884,19.085,-0.77093,-8.4056
18.1,0.1094,0.0043815,-0.054832,-1.0025,-0.052564,0.087215,-0.033879,-0.58899,11.688,1.7521,-45.325,0.23881,18.452,2.1215,-6.5776,0.10122,0.0064262,-0.034361,-0.99749,-0.053728,0.083895,-0.03552,-1.4362,11.134,-1.0625,-45.142,1.5945,17.395,-0.044827,-9.076
18.2,0.12105,0.0019375,-0.05415,-0.98078,-0.059526,0.087664,-0.030764,-2.1247,11.098,2.0807,-45.325,1.1523,16.655,-0.82725,-7.1183,0.11454,0.013261,-0.040393,-0.99335,-0.044445,0.07705,-0.031436,-0.55285,10.842,1.6703,-47.572,0.26838,19.09,1.2074,-8.2637
18.3,0.1215,0.0077326,-0.045154,-1.0041,-0.040188,0.077372,-0.029928,-1.6924,12.6,-0.29585,-44.879,0.76828,17.97,0.78385,-6.5416,0.10213,-0.0083026,-0.04547,-0.99129,-0.042365,0.079421,-0.025793,-0.65828,10.833,1.4303,-43.817,-1.1283,18.928,1.8627,-7.0092
18.4,0.12947,-0.0030694,-0.052326,-0.98863,-0.050545,0.080596,-0.026781,-1.5092,9.4366,2.0031,-45.007,0.6053,18.018,1.0381,-5.7564,0.11477,-0.01554,-0.049157,-0.99441,-0.041239,0.079598,-0.030221,-1.2696,9.2137,0.034677,-46.189,0.096008,18.112,1.3529,-6.7589
18.5,0.10697,-0.010179,-0.042149,-0.99709,-0.040438,0.081307,-0.032641,-0.86908,9.2819,-1.9811,-45.063,-0.29322,16.472,3.0165,-7.2273,0.09941,-0.025337,-0.040145,-1.0055,-0.036892,0.081317,-0.022318,-3.7083,9.8513,0.35534,-44.487,1.0033,18.764,1.912,-5.0164
18.6,0.10309,-0.019833,-0.042876,-0.99089,-0.033309,0.084268,-0.0326,-0.62922,10.495,0.87609,-44.416,0.31902,17.612,1.5655,-4.9643,0.11754,-0.0054647,-0.026181,-0.98195,-0.044978,0.085022,-0.028064,-1.9539,8.8516,-0.82313,-45.515,1.1751,16.393,0.49777,-5.1465
18.7,0.11937,-0.01825,-0.027655,-0.98475,-0.043603,0.075764,-0.026319,0.34551,10.479,-0.33862,-43.753,1.2461,20.599,-0.52066,-6.2023,0.11471,-0.015952,-0.025925,-1.0109,-0.027733,0.08046,-0.02918,-1.7476,8.0986,1.8475,-45.367,0.84495,20.195,0.027293,-5.8101
18.8,0.13329,-0.025646,-0.044155,-0.99758,-0.038446,0.081638,-0.029787,0.11298,7.994,2.4858,-43.432,-0.86297,18.852,-0.022093,-5.3006,0.11069,-0.027849,-0.038957,-0.9974,-0.036559,0.079166,-0.029077,-1.6825,9.5209,1.2968,-42.151,0.1593,17.859,1.5925,-6.0028
18.9,0.13814,-0.029606,-0.015527,-0.99714,-0.030493,0.083001,-0.028615,-2.245,8.2791,1.9413,-42.883,0.48074,18.766,0.6552,-6.8015,0.12096,-0.015116,-0.040438,-0.98827,-0.039968,0.078953,-0.032077,-2.6791,7.0934,0.85233,-42.492,-0.15061,19.086,0.30565,-6.1588
19,0.11737,-0.0092536,-0.04056,-0.99663,-0.016123,0.072924,-0.032777,-0.76273,7.7579,0.84746,-42.092,0.74869,18.198,0.51141,-4.2963,0.11101,-0.028206,-0.038897,-0.99219,-0.029461,0.077062,-0.046754,-1.3196,8.876,3.6735,-41.149,-0.034666,19.566,0.95269,-4.0557
19.1,0.13684,-0.02853,-0.031973,-0.99122,-0.038662,0.079795,-0.030045,-1.4219,7.4707,1.2762,-44.061,0.78238,19.25,1.0286,-5.9601,0.13396,-0.042411,-0.025672,-0.98994,-0.037468,0.084,-0.039149,-0.87083,7.03,-0.79608,-43.623,-0.56743,17.75,-0.55896,-6.4287
19.2,0.13717,-0.031193,-0.017422,-0.98766,-0.031597,0.077966,-0.028004,0.3563,7.0205,1.7254,-42.166,-1.0226,18.137,0.13243,-3.6342,0.12285,-0.022727,-0.030924,-0.97464,-0.03046,0.082835,-0.031898,-2.5302,5.3705,0.54651,-41.234,-0.79959,18.491,0.82361,-4.2537
19.3,0.10735,-0.044255,-0.03107,-0.97917,-0.026722,0.081165,-0.035562,-1.9167,5.1688,1.6895,-42.356,1.4342,18.127,-0.25463,-5.4059,0.11317,-0.039114,-0.043452,-0.99417,-0.023558,0.07831,-0.035582,0.11079,5.7738,1.432,-42.098,-0.13301,18.364,1.8021,-2.6217
19.4,0.13324,-0.048468,-0.015984,-0.98673,-0.021022,0.076241,-0.030883,-2.0932,5.4654,1.3957,-41.388,-0.9376,17.302,-0.39593,-4.6921,0.14177,-0.047055,-0.024158,-0.99599,-0.015557,0.072101,-0.039023,-0.6869,6.1651,0.21092,-41.57,-0.17075,20.084,1.3735,-5.1061
19.5,0.12582,-0.037879,-0.022301,-0.99518,-0.017784,0.079757,-0.038844,-0.57981,4.0537,0.019398,-39.815,-0.35621,17.346,-0.59878,-4.7396,0.13687,-0.041354,-0.033695,-0.99919,-0.022163,0.07763,-0.036623,-1.9985,5.4409,-1.4934,-38.299,-0.035373,17.079,0.71854,-2.3629
19.6,0.14218,-0.044049,-0.023319,-0.98946,-0.027021,0.074942,-0.030341,-1.2593,4.2506,-0.48572,-42.279,-0.010403,15.903,2.0111,-3.8302,0.12359,-0.057788,-0.031426,-0.99177,-0.015994,0.070538,-0.021801,-1.679,5.0462,1.2564,-41.747,-0.36099,18.305,-0.51026,-5.2938
19.7,0.14735,-0.073134,-0.014921,-0.99804,-0.018382,0.072904,-0.035203,-2.1045,5.8044,0.88149,-39.725,-0.9788,18.149,1.6563,-4.294,0.15566,-0.059446,-0.012361,-0.99509,-0.020622,0.078094,-0.034469,-1.6867,4.0114,2.2651,-40.35,1.1202,16.047,0.25789,-3.1316
19.8,0.13014,-0.047413,-0.020562,-0.995,-0.01747,0.072629,-0.030739,-2.2249,4.905,0.68533,-40.627,-0.77293,16.814,-1.1008,-3.784,0.12038,-0.06016,-0.0067244,-0.9889,-0.015951,0.078765,-0.022955,-0.53724,4.7111,2.7007,-42.368,0.20474,17.098,-1.9456,-5.4588
19.9,0.13661,-0.052397,-0.004891,-1,-0.020814,0.067726,-0.037839,-1.979,3.9801,4.2948,-39.744,-1.6759,18.08,2.5735,-3.9763,0.14688,-0.060241,-0.03862,-0.98904,-0.0093349,0.067027,-0.032722,0.40659,5.0403,1.015,-41.739,-0.89264,17.719,-0.38697,-4.7956
20,0.14392,-0.069629,-0.0087064,-1.001,-0.018789,0.07647,-0.03639,-1.8154,3.3116,-0.14379,-40.001,-0.8263,16.44,0.10098,-4.652,0.14905,-0.078385,0.00015914,-0.98447,-0.0066677,0.06989,-0.031296,-0.90066,4.7504,-0.90207,-39.832,-0.65367,17.693,1.0703,-3.5847
20.1,0.13911,-0.071056,-0.014365,-1.016,-0.0086553,0.069104,-0.037431,-0.73142,2.6268,0.078696,-39.461,-1.664,17.25,1.5694,-3.323,0.12666,-0.073675,-0.00042457,-0.99466,-0.0068031,0.074681,-0.038763,0.99434,2.1064,1.9641,-38.067,-0.15849,18.017,-0.45309,-4.4882
20.2,0.14653,-0.069731,-0.0079991,-0.99963,-0.011087,0.072733,-0.034838,-0.021613,3.3947,1.2092,-38.278,-0.13469,17.378,0.8955,-4.4693,0.13034,-0.083257,-0.006416,-0.98507,-0.0085225,0.066522,-0.036302,0.0091946,3.3409,1.4268,-38.368,-3.0759,17.569,0.66333,-3.4649
20.3,0.14391,-0.057437,-0.010508,-0.9906,-0.0068778,0.075916,-0.030507,-1.7661,0.72107,0.56488,-37.056,-2.0224,17.141,1.1684,-4.6238,0.13924,-0.07181,-0.011449,-1.0054,-0.011844,0.068065,-0.020405,-1.9211,3.7566,0.41464,-40.022,0.74349,14.568,0.015184,-6.128
20.4,0.14315,-0.070185,-0.0091395,-0.98475,-0.017134,0.06666,-0.028937,-0.32031,1.9335,1.9085,-37.343,0.31093,16.441,1.0782,-3.7552,0.15808,-0.070093,0.0025144,-0.99312,-0.0049832,0.063893,-0.029717,-1.2562,3.1598,1.6015,-37.27,-1.04,16.16,-1.7528,-4.0504
20.5,0.14312,-0.085762,-0.013314,-0.99253,-0.0089817,0.062831,-0.031677,-0.88405,0.60507,1.6361,-39.659,-1.6159,15.717,-0.31554,-4.9162,0.14016,-0.087327,0.010088,-0.99155,-0.015664,0.063643,-0.031055,-0.82936,3.274,0.90718,-38.832,-1.205,16.282,1.7526,-3.691
20.6,0.14812,-0.088888,-0.0071824,-0.99862,-0.0053253,0.063899,-0.028207,-1.7274,0.11027,-1.7642,-37.342,-0.49408,14.309,-0.48633,-2.7251,0.15833,-0.089089,-0.010312,-0.98831,0.00049988,0.06483,-0.020133,-0.70407,0.5695,-0.25202,-40.125,-0.59022,15.59,-0.86187,-4.05
20.7,0.14454,-0.089184,0.01176,-0.99277,-0.0085479,0.069238,-0.017039,-1.0346,1.2838,-0.84446,-38.89,-0.76353,15.402,0.096985,-4.5264,0.14918,-0.10268,0.0053425,-0.98671,-0.0032517,0.067204,-0.01976,-2.9603,-0.88872,-0.59439,-36.666,-0.32747,15.562,-0.020789,-4.7808
20.8,0.1188,-0.082427,0.013075,-0.98032,0.00043965,0.060949,-0.027534,1.5856,1.2307,2.4258,-37.33,-2.1781,15.037,0.17042,-5.8696,0.14111,-0.092733,-0.0060153,-0.99155,-0.0047354,0.062886,-0.027181,0.16235,2.1567,1.0032,-36.333,-0.52172,14.053,-0.18744,-5.0156
20.9,0.13519,-0.083241,-0.0028788,-0.9738,-0.0077918,0.062818,-0.01443,-1.4943,0.86008,0.8147,-36.42,-2.5491,15.338,0.34051,-7.2117,0.13592,-0.09135,0.00084035,-0.99045,0.0053619,0.050206,-0.032565,-1.1962,-1.5984,1.1156,-38.815,-0.94816,13.8,-2.167,-6.3571
21,0.14398,-0.10398,-0.0072315,-0.97437,-0.0018679,0.068512,-0.020119,-1.8348,-0.68579,2.3973,-36.256,-0.14414,14.772,-0.06144,-5.3712,0.14667,-0.11024,0.0028857,-0.99313,0.0074822,0.061497,-0.023241,-1.2512,-1.2209,0.050282,-38.097,-1.3528,15.061,0.26286,-7.5564
21.1,0.12946,-0.10711,0.005924,-0.98079,-0.005783,0.059941,-0.01505,-0.96314,-0.30545,-1.12,-37.384,0.89486,16.01,-3.7304,-6.8215,0.1609,-0.10384,-0.0084906,-0.99038,0.0025451,0.060479,-0.017595,-0.43247,-1.5024,0.45998,-34.922,0.53972,14.61,-1.2206,-7.1749
21.2,0.14361,-0.085047,0.010499,-1.0008,-0.0066511,0.058317,-0.021001,-0.50549,-2.0721,-0.6287,-36.322,-0.39336,13.793,-0.79143,-6.6036,0.138,-0.10318,0.027489,-0.9872,-0.013826,0.052187,-0.020893,0.46529,-1.8151,2.3219,-36.419,-1.6931,13.281,-0.40815,-7.5056
21.3,0.12989,-0.089966,0.018065,-0.99235,0.0013103,0.06163,-0.025246,-1.4409,-2.9171,-1.2153,-37.911,-1.1579,13.516,-1.2507,-6.3221,0.13834,-0.11345,0.022912,-0.97329,-0.0011309,0.051033,-0.01972,-2.0522,-2.0481,0.89538,-35.649,-1.1579,14.1,0.06078,-6.8568
21.4,0.13335,-0.10049,0.025695,-0.99314,0.0043457,0.057344,-0.02049,-1.4482,-2.7117,0.57286,-36.801,-1.5856,11.958,-0.77854,-7.0237,0.13349,-0.10985,0.0074574,-0.99603,-0.0032914,0.051339,-0.0068754,-2.5653,-2.0041,-1.7392,-35.888,0.12677,13.976,-0.87172,-5.116
21.5,0.15914,-0.11355,0.0076715,-1.0039,0.012761,0.042649,-0.013349,-1.3048,-2.9492,0.30161,-35.09,-2.112,12.066,-1.1457,-7.3229,0.13771,-0.12321,0.0087548,-1.0049,0.00010992,0.049923,-0.012602,-2.1228,-1.3879,0.51126,-35.678,-0.79449,11.825,-2.7339,-6.939
21.6,0.15803,-0.1096,0.022043,-0.98333,-0.0013378,0.054391,-0.010819,-1.0487,-1.6348,2.0095,-35.695,-0.038212,13.261,-0.746,-6.9993,0.14943,-0.09699,-0.016598,-0.98016,0.0022898,0.049831,-0.010932,-1.6965,-2.9822,0.035913,-35.879,1.3499,12.295,-0.41193,-8.1219
21.7,0.14545,-0.11873,0.0094748,-0.98731,-0.00039331,0.04137,-0.017617,-0.5852,-2.5931,1.363,-33.313,1.2367,12.215,-1.2558,-6.2322,0.14693,-0.13882,0.015887,-0.98185,0.0024995,0.059618,-0.014554,-2.9548,-3.4445,0.26611,-33.785,-0.035721,15.159,-1.3722,-4.9464
21.8,0.14327,-0.11264,0.0056708,-0.98971,0.0034192,0.054963,-0.010337,0.6943,-4.0892,2.2421,-33.922,-1.5801,11.858,-1.6305,-7.1795,0.15504,-0.1229,0.0094231,-0.99602,0.012957,0.041666,-0.013963,-2.0891,-3.2908,1.0673,-33.164,-0.38717,9.9611,-1.0174,-7.7324
21.9,0.1421,-0.11081,0.012875,-0.98975,0.010954,0.05446,-0.017595,-0.76102,-4.1736,1.7677,-33.656,0.51453,10.303,-1.4727,-7.6159,0.14781,-0.137,0.024049,-0.97604,0.0021288,0.050004,-0.012691,-0.66859,-4.0112,2.3546,-33.52,-0.29799,11.231,-0.27267,-7.7083
22,0.13797,-0.12788,0.036673,-0.99477,0.006395,0.046853,-0.0093414,-0.29099,-4.1615,1.6466,-34.119,0.28618,10.145,-1.1083,-7.6171,0.15068,-0.11369,0.015519,-0.95988,0.0094716,0.04262,-0.018968,-3.3172,-5.0726,-0.12982,-34.399,1.3832,10.733,-1.1972,-8.3176
22.1,0.1362,-0.12308,0.030012,-0.97226,0.0069558,0.047096,-0.0072961,-0.75091,-5.0523,0.18491,-34.241,-0.70915,11.373,-2.4583,-8.6052,0.13454,-0.12696,0.018877,-0.98702,0.0066858,0.054731,0.0044363,-1.5159,-7.2299,0.51561,-32.102,-1.7418,8.2371,0.026329,-7.9768
22.2,0.12915,-0.13117,0.0012544,-0.9625,0.0056117,0.041697,-0.0041467,-1.4089,-5.7561,1.209,-33.633,0.605,9.4252,-0.39825,-10.46,0.16528,-0.12002,0.019204,-0.99253,0.0078986,0.043074,-0.0088448,-1.8704,-4.678,1.4802,-33.65,-1.2297,10.324,-0.089374,-7.2845
22.3,0.14353,-0.12196,0.011795,-1.0006,0.0030068,0.040126,-0.0049448,-0.93985,-6.7619,1.2666,-30.826,0.88363,11.33,-0.75253,-10.293,0.15496,-0.12317,0.010365,-0.96802,0.0059236,0.04515,-0.0084779,-2.22,-4.3766,2.1706,-31.915,-1.9538,10.412,-1.6402,-7.8609
22.4,0.13904,-0.13411,0.012471,-0.97816,0.0090338,0.046135,-0.002458,-0.92372,-5.5793,0.5705,-31.087,-0.23888,9.424,-1.206,-9.6869,0.14368,-0.13049,0.021515,-0.97364,0.01483,0.034273,0.00087633,0.032059,-7.526,1.7263,-32.051,-2.533,9.8954,0.87852,-10.099
22.5,0.12801,-0.12355,0.014902,-0.97441,0.0086932,0.033448,0.00049067,-1.4716,-6.3867,1.3688,-32.291,-0.45303,8.1286,0.35164,-9.402,0.17077,-0.15219,0.020435,-0.96151,0.0074353,0.0467,-0.0066837,-1.4637,-8.0867,0.1546,-31.018,-0.20271,10.849,-0.40878,-9.0477
22.6,0.13732,-0.14755,0.017761,-0.9974,0.011723,0.041335,0.0056434,-1.9971,-7.99,1.5438,-32.725,-0.93408,9.1741,-3.1058,-9.7837,0.13036,-0.15324,0.01417,-0.9859,0.017879,0.03986,-0.0068676,-0.089872,-7.7988,1.779,-32.798,-0.43249,8.6923,-1.1308,-8.8546
22.7,0.16399,-0.14921,0.015769,-0.98101,0.018954,0.034289,0.0025852,-2.5548,-5.5145,0.19767,-30.762,0.39624,8.869,-3.1045,-11.481,0.14044,-0.13673,0.013438,-0.98572,0.008953,0.03695,-0.0068019,-2.7686,-8.5262,0.8381,-30.814,-1.123,7.8254,-1.134,-10.11
22.8,0.1566,-0.14139,0.0010522,-0.97324,0.011813,0.033291,-0.0012523,-1.6917,-7.3966,1.2111,-31.752,-1.1999,7.5161,-0.42744,-10.885,0.14407,-0.13391,0.014903,-1.0039,0.018305,0.033757,-0.0050924,-1.6371,-7.5396,2.3663,-31.762,0.051652,9.3149,-2.7598,-12.017
22.9,0.14037,-0.13752,0.023186,-0.98401,0.013654,0.035483,0.0014153,-2.1322,-6.7944,0.95339,-31.671,-1.0662,7.5103,-1.4639,-11.632,0.13334,-0.11661,0.016618,-0.96371,0.0044064,0.041211,0.0059414,-0.67659,-7.6743,-2.1537,-27.718,-0.6205,9.1943,-1.2738,-9.9472
23,0.14522,-0.15542,0.037114,-0.98554,0.0216,0.028492,-0.0048277,-1.4827,-8.3355,0.63191,-28.087,0.70235,8.1621,-0.92561,-10.185,0.12764,-0.14108,0.021085,-0.97401,0.010497,0.026357,0.0074447,-1.5767,-8.7546,0.2462,-31.155,-0.31673,7.477,-1.0712,-11.151
23.1,0.13869,-0.13372,0.021996,-0.9931,0.017684,0.029088,0.0016426,1.6697,-8.0499,1.8903,-30.626,-0.37924,8.148,-1.2275,-11.006,0.13738,-0.13257,0.0077352,-0.96832,0.023978,0.028995,0.0066526,-2.4261,-8.9177,0.92673,-30.455,-1.9993,9.0097,-2.3118,-10.324
23.2,0.10971,-0.14232,0.01992,-0.98007,0.019791,0.028652,0.0051052,0.028654,-6.5565,0.17395,-29.826,-0.58293,6.1969,-3.2388,-11.332,0.13967,-0.16495,0.026164,-0.98105,0.022641,0.027101,-0.00029851,-0.58474,-7.2244,2.1499,-30.23,-1.0609,8.1358,-0.89005,-11.856
23.3,0.13332,-0.15398,0.023345,-0.97691,0.019111,0.018505,0.00722,-0.77058,-10.023,1.872,-30.503,-0.95986,7.5029,-0.045128,-13.063,0.13596,-0.13905,0.021683,-0.95404,0.014303,0.020159,0.0077348,-1.4808,-8.2257,1.3013,-28.326,-1.0608,7.4986,-0.51985,-12.476
23.4,0.13804,-0.13048,0.0082504,-0.9913,0.014372,0.034394,0.017117,-1.6421,-11.238,0.78353,-29.549,-1.5206,6.4001,-2.8302,-13.072,0.15608,-0.15012,0.022797,-0.994,0.027187,0.020514,0.0074378,-2.1029,-9.4127,0.36225,-30.143,0.47579,7.9897,0.70215,-13.738
23.5,0.11116,-0.15,0.013934,-0.99074,0.018754,0.029974,0.0063509,-1.1933,-11.569,1.8697,-28.492,-1.1068,6.087,-0.78276,-13.089,0.12732,-0.16382,0.019678,-0.96933,0.018486,0.029745,0.0066866,-1.1442,-8.391,-1.0824,-29.276,-0.41436,8.0257,-0.25377,-13.422
23.6,0.11878,-0.14088,0.005352,-0.96769,0.015774,0.015845,0.0094648,0.12159,-11.648,-1.2455,-28.448,1.6544,7.1472,-2.0846,-12.982,0.10771,-0.15637,0.010599,-0.98411,0.01451,0.022547,0.012797,-0.4973,-12.375,0.32021,-28.119,-1.2188,7.272,-1.4658,-13.391
23.7,0.13701,-0.15013,0.022763,-0.9715,0.012675,0.021142,0.015908,-1.0387,-11.247,-0.094406,-27.716,-1.3334,7.2609,-2.2493,-13.024,0.11222,-0.14417,0.028263,-0.97632,0.01389,0.026327,0.0099609,-2.0939,-11.602,0.12669,-27.765,0.67519,3.3897,-1.0093,-12.684
23.8,0.12383,-0.13627,0.020562,-0.99558,0.027046,0.018385,0.011702,-1.2586,-12.493,-0.80789,-28.453,-0.82503,5.7983,-1.9576,-13.682,0.12258,-0.14468,0.02679,-0.98725,0.027273,0.010041,0.015355,-1.7526,-11.064,1.2589,-28.827,-0.63791,3.8864,-1.3083,-14.388
23.9,0.13643,-0.16732,0.0013748,-1.0035,0.023125,0.021856,0.015384,-1.7394,-11.72,-0.35723,-28.258,0.32174,6.2412,-0.27576,-14.3,0.12897,-0.14118,0.013347,-0.97879,0.01863,0.016301,0.015333,-1.274,-10.736,1.2529,-27.916,0.22134,6.262,-0.27408,-14.837
24,0.12685,-0.13908,0.020081,-0.9673,0.022003,0.021496,0.013119,-1.447,-11.811,2.5693,-26.895,-0.59917,5.9732,0.36328,-16.427,0.1296,-0.16053,0.011367,-0.97784,0.015912,0.016682,0.022151,-1.7199,-13.624,0.10081,-25.424,-0.00047314,7.6697,-2.1506,-14.104
24.1,0.11452,-0.14345,2.0598e-05,-0.98817,0.027893,0.013813,0.021565,-0.71874,-13.389,0.44374,-27.023,-1.1346,5.2252,0.34581,-15.941,0.13432,-0.12752,0.0056642,-0.97703,0.022319,0.014743,0.014553,-0.32254,-12.402,1.4135,-28.09,0.36475,6.4397,-1.4214,-13.812
24.2,0.12852,-0.14229,0.00033566,-0.97319,0.017683,0.014698,0.02096,-1.057,-12.52,1.9734,-25.511,-0.83597,5.1554,-2.4046,-13.83,0.13449,-0.14851,0.026038,-0.98003,0.032334,0.0076114,0.021985,-1.1818,-12.581,0.56265,-24.704,-0.4842,5.1486,-0.56956,-14.99
24.3,0.12299,-0.13898,0.023202,-0.97906,0.030217,0.011424,0.019303,-2.608,-12.759,-0.12878,-28.932,0.43851,6.1194,-1.3125,-15.285,0.114,-0.15605,0.015708,-0.98018,0.021026,0.0040339,0.018829,-1.422,-13.214,0.44633,-27.184,-0.19956,7.1545,-1.2594,-16.183
24.4,0.13197,-0.14604,0.0030131,-0.97545,0.023466,0.005035,0.018319,-1.0084,-12.908,0.028579,-25.707,1.5744,6.1105,0.0071028,-16.423,0.13148,-0.14008,0.025681,-0.99436,0.029562,0.013139,0.016647,-1.0436,-12.16,1.1829,-26.246,-2.8983,4.9674,-2.8612,-13.917
24.5,0.12811,-0.14623,0.028425,-0.97465,0.022253,0.011366,0.0063321,-1.3747,-13.775,-0.94949,-25.545,-0.072812,6.7853,0.2037,-15.256,0.12646,-0.16237,0.0038713,-0.96505,0.029478,0.0092505,0.022993,-0.23734,-11.13,1.0203,-25.278,0.49083,4.7995,-0.47851,-15.674
24.6,0.11801,-0.14736,0.034006,-0.97574,0.024139,0.0033618,0.02453,-1.7071,-12.859,0.81316,-25.932,1.2739,6.4506,-0.65032,-17.817,0.11189,-0.14852,0.014748,-0.97685,0.019541,0.0033861,0.025642,-0.17678,-13.665,1.5147,-27.438,0.053523,5.21,1.1025,-16.399
24.7,0.10855,-0.13057,0.021339,-0.96656,0.02507,0.0051876,0.016337,-1.4274,-13.941,-1.416,-25.522,0.72074,3.9216,-0.68639,-16.458,0.11135,-0.1591,0.033395,-0.9664,0.018014,0.00060868,0.024435,-2.6577,-14.188,1.3346,-25.221,1.9757,4.9111,-1.0136,-16.833
24.8,0.13142,-0.13557,0.014404,-0.99577,0.024411,0.0038377,0.023404,-0.6298,-15.249,1.7482,-24.415,1.4262,6.0815,-0.64151,-18.529,0.11286,-0.15559,0.01124,-0.99014,0.026816,-0.005724,0.029443,-1.6488,-15.355,-0.29764,-25.908,-1.3207,6.6861,-1.1737,-18.44
24.9,0.12313,-0.16403,0.0075125,-0.9995,0.02973,0.0046769,0.019416,-1.4562,-14.97,0.44739,-26.905,-0.48561,6.5984,-3.4599,-17.594,0.10949,-0.14459,0.016396,-0.96782,0.025793,0.0067514,0.023244,-2.7634,-15.212,0.0013218,-26.356,0.5535,7.0079,-1.344,-15.601
25,0.12286,-0.15282,0.0063066,-0.96319,0.022534,0.0049463,0.01729,-0.60937,-14.752,0.41075,-24.678,0.95255,5.7629,-0.82094,-16.614,0.095079,-0.14728,0.024456,-0.9643,0.032789,0.0086695,0.027416,-1.6119,-16.446,-0.5694,-25.007,0.4149,4.6882,-0.32352,-17.285
25.1,0.10774,-0.15864,0.0023275,-0.99299,0.0273,-0.0011509,0.028401,-0.44418,-16.307,-0.97653,-22.978,0.061584,5.1946,-1.3898,-18.631,0.11042,-0.16752,-0.013368,-0.98347,0.024639,-0.0058541,0.020905,0.96267,-16.937,0.88147,-23.679,0.63494,4.9751,-1.7735,-17.23
25.2,0.10766,-0.15887,0.015324,-0.9641,0.028891,-0.008872,0.029588,-0.41632,-15.837,0.44732,-23.665,2.5893,5.9039,0.90873,-19.92,0.10928,-0.18342,0.010375,-0.98192,0.033469,0.00029464,0.030365,-1.0495,-16.873,1.0623,-22.681,-1.1415,6.1764,-1.6144,-18.331
25.3,0.10149,-0.174,0.021396,-0.9817,0.033754,-0.0067724,0.023387,-1.0417,-15.587,-1.4499,-22.921,0.07492,5.2882,-1.2637,-18.695,0.099134,-0.15247,0.013582,-0.98842,0.029641,0.001063,0.028481,-0.77946,-15.779,1.5562,-23.033,1.0319,5.7241,-1.0521,-18.601
25.4,0.088626,-0.13442,0.027468,-0.96588,0.031051,-0.0073806,0.02381,-1.6338,-18.659,3.041,-24.307,-0.081465,5.0968,0.45181,-18.599,0.12963,-0.16003,-0.001707,-0.98631,0.037547,0.0018889,0.032367,-0.12314,-19.095,1.0563,-23.132,-0.26699,6.1874,0.70037,-17.323
25.5,0.11552,-0.17142,0.029115,-0.99433,0.037165,-0.00536,0.027932,-1.6433,-18.513,1.2934,-23.38,0.081588,6.1355,-1.0705,-21.183,0.10009,-0.15088,-0.0051279,-0.97213,0.033324,-0.0095424,0.033396,-0.37573,-19.619,1.6708,-23.268,2.2882,3.7112,-0.38908,-19.143
25.6,0.10073,-0.16343,0.001751,-0.99293,0.037086,-0.0063951,0.023849,-0.057542,-18.706,0.75418,-22.849,-0.40947,5.5446,0.38879,-19.541,0.11661,-0.15313,-9.334e-05,-0.96235,0.021747,-0.01358,0.034755,-1.9108,-18.446,0.51137,-21.863,1.8836,7.0506,-0.85376,-20.387
25.7,0.096833,-0.1537,0.016573,-0.96761,0.037831,-0.0077967,0.020114,-1.8296,-18.269,2.123,-19.784,0.75105,5.7743,-2.1668,-19.644,0.12578,-0.16394,0.016279,-0.97976,0.043006,-0.0062869,0.02627,0.54556,-19.079,0.81106,-23.351,0.90862,6.0417,-2.2279,-20.388
25.8,0.074742,-0.15015,0.0099345,-0.97511,0.031115,-0.018571,0.032282,-2.3556,-18.579,-0.31156,-21.71,0.78917,6.3101,-1.5591,-20.46,0.097289,-0.15371,0.023571,-0.97339,0.027237,-0.0072219,0.026644,-0.88652,-19.944,0.92891,-18.757,1.1262,6.1818,-1.1277,-19.538
25.9,0.099583,-0.17909,0.015218,-0.96695,0.037131,-0.017287,0.020679,1.2427,-20.005,0.83752,-19.246,2.3144,5.3417,-2.5023,-21.154,0.092371,-0.15706,-0.018105,-0.97692,0.027654,-0.02285,0.027014,1.586,-18.907,-0.19609,-22.115,0.31694,6.1079,0.64145,-21.107
26,0.083593,-0.15772,-0.016877,-0.96781,0.037013,-0.015956,0.020432,0.48985,-20.08,0.95334,-20.921,2.5863,7.0335,-1.1027,-20.395,0.087598,-0.16627,-0.0052998,-0.98327,0.038244,-0.011889,0.023793,-1.6392,-19.298,-0.4297,-20.613,0.31338,7.0084,-1.0657,-22.015
26.1,0.084932,-0.13714,0.0097567,-0.98589,0.039125,-0.017264,0.023835,-1.2862,-19.416,0.85334,-20.624,0.085836,7.2497,0.31351,-22.801,0.085508,-0.15234,0.017641,-0.99871,0.044986,-0.017419,0.024733,-1.8872,-18.607,0.40561,-20.408,-1.9145,6.8346,-0.49492,-20.223
26.2,0.10137,-0.13186,-0.01608,-1.0009,0.035998,-0.0090767,0.031304,-1.4082,-18.674,1.9898,-19.757,0.29519,6.2307,-0.59814,-21.57,0.078508,-0.13965,-0.00071882,-0.96799,0.036363,-0.019887,0.021564,-2.456,-18.386,1.3632,-20.698,-0.052829,6.8766,-0.11778,-20.315
26.3,0.088503,-0.15984,-0.023809,-0.98783,0.037941,-0.016056,0.029753,-0.50487,-19.908,0.80088,-19.553,1.3171,6.1262,-1.7957,-21.223,0.090702,-0.13208,-0.0070543,-0.98554,0.029946,-0.014814,0.028762,-1.8278,-20.791,1.2169,-19.253,2.3522,7.4619,-1.0826,-21.909
26.4,0.084498,-0.16726,-0.003355,-0.98656,0.042696,-0.020854,0.033747,-0.31252,-22.196,0.29672,-16.429,0.27519,6.7798,0.24646,-23.201,0.08959,-0.12503,-0.0038562,-0.98613,0.040071,-0.012607,0.027663,-0.3557,-20.965,1.9113,-20.634,1.34,8.6545,-1.6668,-21.996
26.5,0.093197,-0.16172,-0.031703,-0.97741,0.043218,-0.017453,0.018104,-1.154,-22.09,-0.27447,-17.992,-0.74566,8.858,0.43571,-22.319,0.083031,-0.1426,-0.020141,-0.99308,0.042088,-0.018416,0.023632,-1.8846,-21.075,2.6784,-19.792,0.37437,9.1987,-1.9055,-22.757
26.6,0.082004,-0.15794,0.0082485,-0.99386,0.044811,-0.02104,0.027217,-1.4206,-21.364,-0.78315,-19.499,0.57698,8.0999,-2.244,-23.096,0.080876,-0.16245,-0.0001991,-0.99225,0.047057,-0.026391,0.038436,-0.89116,-22.636,2.1733,-17.734,1.5373,10.577,-0.53083,-22.59
26.7,0.059911,-0.13845,-0.016374,-0.98155,0.04048,-0.017074,0.030515,-3.1649,-21.756,2.9531,-19.42,1.1109,8.2626,0.35182,-22.563,0.070293,-0.15384,0.0078913,-0.99233,0.03541,-0.027998,0.033662,-1.2709,-23.953,1.3838,-18.734,0.54509,9.3715,-1.6231,-23.149
26.8,0.083828,-0.14899,-0.010837,-0.97042,0.05304,-0.035692,0.020057,-2.2959,-23.307,-0.54883,-19.181,1.522,9.3669,-1.0143,-22.666,0.065551,-0.15371,-0.011825,-0.9842,0.03836,-0.029598,0.027547,-2.6668,-23.039,-0.72071,-20.52,0.45299,9.7247,0.21981,-23.301
26.9,0.078878,-0.15276,-0.017152,-0.96935,0.051352,-0.026026,0.028491,-1.3945,-23.305,1.1285,-18.379,0.61502,10.833,-1.4387,-22.686,0.072084,-0.14874,0.0056924,-1.0036,0.046245,-0.023362,0.031813,-0.017977,-24.033,-0.75517,-16.903,0.56861,10.022,0.54362,-23.88
27,0.058471,-0.15441,-0.0094527,-0.98124,0.047671,-0.030759,0.022738,-0.30368,-23.914,0.52631,-17.101,-0.047391,9.1364,0.46247,-24.332,0.065788,-0.14223,-0.0244,-0.97997,0.048185,-0.037223,0.035042,0.1234,-24.386,0.69164,-16.894,0.9544,11.671,-1.454,-25.152
27.1,0.070193,-0.13911,0.00011199,-1.0192,0.050832,-0.037603,0.024428,-2.8727,-23.369,1.4652,-17.49,1.2525,10.232,-0.80433,-24.983,0.067943,-0.13973,-0.010971,-0.98214,0.04264,-0.028383,0.026712,0.74792,-24.767,-0.18009,-16.738,0.66713,9.3689,-3.2276,-22.986
27.2,0.060947,-0.16688,-0.012249,-0.98922,0.055019,-0.028313,0.021221,-1.3348,-26.025,1.6396,-16.731,1.5941,10.402,-0.20543,-25.647,0.050418,-0.13746,-0.0037442,-1.0062,0.050736,-0.03413,0.023217,-0.7109,-24.811,-0.094704,-17.988,1.7706,9.6863,0.50786,-24.386
27.3,0.085517,-0.1473,-0.0058078,-0.98658,0.053528,-0.03052,0.018123,-0.70739,-26.104,-0.43915,-18.165,0.92265,9.6862,-1.8586,-24.758,0.065124,-0.13743,-0.0064632,-0.99375,0.043336,-0.029049,0.026966,0.78593,-25.049,0.61621,-16.302,0.015285,8.2208,-1.2327,-23.397
27.4,0.064842,-0.1434,-0.023702,-0.95266,0.046033,-0.035557,0.017091,-0.33717,-25.584,2.0409,-17.149,-0.70805,10.156,-1.3808,-22.504,0.043764,-0.15582,-0.021661,-0.97984,0.048911,-0.028614,0.030013,0.35784,-25.65,1.5222,-17.18,-0.13301,12.323,-0.33887,-25.361
27.5,0.067429,-0.1482,-0.024144,-0.98378,0.045936,-0.03751,0.018112,-3.3626,-25.567,1.7775,-17.278,-1.1519,9.4428,-1.676,-25.814,0.04298,-0.1299,-0.012146,-0.98666,0.043619,-0.040284,0.017926,-1.4084,-25.339,0.97247,-14.554,1.9746,10.164,-1.1256,-26.725
27.6,0.065323,-0.12742,-0.0083356,-0.99134,0.033307,-0.032818,0.025529,-1.5712,-25.712,1.3681,-15.878,2.023,13.555,0.37703,-27.306,0.056394,-0.12372,-0.017338,-0.98543,0.051089,-0.032582,0.027852,0.021979,-23.421,0.34607,-15.748,0.30606,11.611,-0.037444,-24.773
27.7,0.065734,-0.13814,-0.021408,-0.98228,0.052787,-0.043206,0.026257,-0.14841,-25.929,0.42059,-16.025,-0.33781,10.939,0.45002,-25.101,0.059975,-0.1193,-0.029389,-0.98356,0.051139,-0.038892,0.026494,-0.52427,-23.994,-0.70636,-16.065,1.0829,11.653,-1.69,-26.629
27.8,0.072241,-0.1237,-0.019526,-0.98537,0.045986,-0.037678,0.034891,-0.26458,-25.248,-0.53956,-15.246,0.29795,9.9997,-2.3197,-27.342,0.056804,-0.11882,-0.015069,-0.9809,0.052265,-0.043777,0.030178,2.2662,-25.181,0.82396,-16.741,0.57205,9.9137,0.69693,-26.079
27.9,0.048248,-0.13449,-0.038675,-0.99505,0.044055,-0.040634,0.027591,0.014242,-26.016,0.47126,-15.658,0.099568,12.305,-2.0779,-27.003,0.040046,-0.12632,-0.031667,-0.98729,0.049665,-0.035781,0.026103,-0.32251,-27.248,0.35871,-13.605,-0.11955,12.819,-2.0674,-27.272
28,0.033936,-0.12647,-0.0036992,-0.99698,0.046011,-0.04474,0.028243,-0.016266,-25.577,-0.51653,-14.699,2.5553,11.771,-1.4081,-28.232,0.044496,-0.1422,-0.021676,-1.0023,0.038814,-0.037167,0.032556,0.30687,-27.246,2.184,-14.77,-0.26212,13.023,0.39379,-25.448
28.1,0.044025,-0.12874,-0.029508,-0.9933,0.045986,-0.037396,0.027006,-0.85602,-26.998,2.4084,-15.226,-1.1422,11.55,-0.849,-26.033,0.058132,-0.13608,-0.033052,-1.0126,0.051496,-0.04781,0.025248,0.8765,-26.031,0.50484,-12.109,0.37228,12.003,-0.70524,-25.574
28.2,0.031215,-0.10738,-0.0056403,-0.9827,0.03988,-0.042517,0.018602,0.24077,-26.995,1.6885,-13.569,-0.029598,11.286,-1.6384,-26.787,0.034853,-0.11734,-0.018005,-1.0099,0.054412,-0.050002,0.023977,1.0168,-25.211,3.1675,-13.195,1.1003,12.608,0.98097,-28.386
28.3,0.031291,-0.12248,-0.025736,-0.97901,0.056352,-0.051942,0.020342,0.70308,-27.969,1.5466,-12.938,0.91386,11.186,0.89751,-29.313,0.032058,-0.11835,-0.040887,-0.99398,0.051797,-0.04651,0.021467,-0.10811,-28.08,-0.56655,-12.89,2.9641,11.378,-0.61298,-29.543
28.4,0.041897,-0.12553,-0.028395,-0.98586,0.04734,-0.048651,0.03342,0.56285,-25.745,1.4246,-13.301,0.32589,12.11,-2.2675,-27.749,0.014204,-0.13349,-0.025823,-0.99207,0.046246,-0.041006,0.025989,-1.9222,-24.224,0.43191,-12.515,1.511,13.091,-1.6193,-27.137
28.5,0.025136,-0.099554,-0.021372,-0.9943,0.049321,-0.045856,0.026423,-0.16641,-28.174,0.43796,-13.58,0.14758,14.536,0.056972,-26.571,0.02702,-0.12732,-0.024592,-0.98523,0.042766,-0.052786,0.025446,1.4071,-27.735,1.3001,-13.44,0.57589,13.721,-1.8328,-27.127
28.6,0.041856,-0.10607,-0.033452,-0.98619,0.053833,-0.050007,0.026088,1.2949,-24.551,1.7332,-11.995,0.78492,14.386,0.30892,-28.595,0.037609,-0.12091,-0.019926,-0.99416,0.048839,-0.047807,0.023278,-0.19084,-26.208,1.7298,-13.925,1.2104,12.78,0.24222,-28.842
28.7,0.03475,-0.12111,-0.028667,-0.9989,0.045751,-0.053573,0.031907,0.36555,-26.397,-0.20343,-12.848,1.4999,13.452,-1.4953,-28.693,0.013899,-0.10463,-0.016904,-0.99943,0.043464,-0.05218,0.025427,0.53715,-26.175,1.1291,-12.544,0.67824,12.632,0.84884,-28.667
28.8,0.025243,-0.099675,-0.04624,-1.01,0.052112,-0.057403,0.018168,1.3913,-23.882,1.2414,-13.787,1.7517,14.39,-0.83211,-28.042,0.02573,-0.11977,-0.031707,-1.0142,0.049351,-0.046302,0.030981,0.1611,-25.058,3.2086,-11.763,1.1633,13.786,0.0964,-28.251
28.9,0.022167,-0.11134,-0.024159,-0.99877,0.044125,-0.063535,0.017522,2.2769,-25.346,0.93511,-12.212,-0.10838,12.312,-0.88551,-27.662,0.01519,-0.099605,-0.0077144,-1.0069,0.04226,-0.05593,0.018753,-0.84763,-25.438,-0.10404,-10.775,-0.87614,14.603,-1.2112,-29.657
29,0.01291,-0.11431,-0.035582,-0.97767,0.03644,-0.056244,0.020095,1.0055,-24.39,-0.88928,-11.1,1.7133,13.874,0.19477,-28.313,0.0060542,-0.11078,-0.040539,-0.99284,0.041741,-0.058753,0.022235,1.2134,-24.134,1.0566,-11.247,-0.78544,14.119,0.77001,-28.517
29.1,0.035611,-0.11049,-0.029365,-0.98306,0.042627,-0.050176,0.020841,1.4747,-25.67,1.4127,-11.321,0.35187,14.421,-0.44566,-28.309,0.020621,-0.10482,-0.029053,-0.9968,0.036131,-0.064534,0.021487,2.3407,-24.245,0.79167,-12.672,1.172,12.906,-1.4829,-28.633
29.2,0.024539,-0.097369,-0.031684,-0.99063,0.036546,-0.064785,0.016905,-1.4817,-24.023,0.68783,-12.654,0.038182,14.913,-0.77293,-26.373,0.0063026,-0.075035,-0.026456,-0.98398,0.038389,-0.05833,0.023534,-0.18839,-24.927,2.6898,-11.814,-0.8544,12.264,-0.54223,-27.698
29.3,0.030417,-0.099112,-0.020083,-0.99775,0.034583,-0.062526,0.024086,1.2172,-24.911,0.26662,-10.446,2.8411,13.636,-0.72949,-28.959,0.015858,-0.089332,-0.04858,-0.98782,0.036294,-0.05946,0.016787,1.1267,-22.371,-0.5055,-8.8297,0.6218,14.105,0.5001,-28.709
29.4,0.0059988,-0.099212,-0.044359,-0.97866,0.031749,-0.062669,0.022083,1.6905,-22.062,-0.41415,-11.949,-0.37635,13.997,0.23245,-25.803,0.009725,-0.095114,-0.033313,-1.0189,0.034782,-0.062492,0.024753,0.57815,-23.256,0.34043,-8.9282,2.0088,15.71,-0.9455,-28.563
29.5,0.0070274,-0.10521,-0.030563,-0.99888,0.03866,-0.070719,0.023209,0.21586,-23.602,0.78111,-9.515,0.28862,16.72,1.1308,-28.36,-0.00070253,-0.083964,-0.039256,-0.99181,0.043905,-0.05828,0.01603,0.92241,-23.126,1.1242,-9.7073,0.62534,15.84,1.1599,-28.191
29.6,0.0039219,-0.091843,-0.054906,-0.98871,0.040033,-0.047439,0.019967,1.2785,-24.24,1.5629,-10.41,0.59548,17.464,1.4509,-27.865,0.0083924,-0.083025,-0.020338,-0.99664,0.036168,-0.062641,0.021063,1.2493,-22.236,2.0305,-9.7754,0.92119,15.126,-1.2265,-27.275
29.7,0.0088074,-0.080962,-0.06311,-0.99759,0.036759,-0.064347,0.021893,-0.51052,-22.391,0.18431,-9.2448,2.2572,18.388,1.3967,-26.486,-0.0011365,-0.089095,-0.058252,-0.98759,0.035105,-0.062264,0.022324,1.5238,-23.068,-0.75213,-6.9021,1.699,17.064,0.63099,-28.5
29.8,-0.0077411,-0.078153,-0.029988,-1.0019,0.035768,-0.064357,0.0115,0.19579,-22.997,-0.67226,-9.5568,1.9828,16.574,1.0049,-29.022,-0.0041056,-0.059787,-0.0405,-1.0102,0.036318,-0.057321,0.023343,0.89015,-22.752,0.3823,-8.6059,0.79952,16.771,0.32004,-26.355
29.9,-0.0021631,-0.069014,-0.04919,-0.99902,0.044104,-0.064764,0.017616,1.3118,-24.801,1.3583,-9.7945,0.46341,15.01,1.9384,-25.57,0.0070187,-0.076234,-0.045881,-0.98866,0.037057,-0.06286,0.018243,1.2463,-20.407,1.7112,-8.8137,0.44493,17.14,0.83534,-26.817
30,0.00099188,-0.072821,-0.044998,-0.98998,0.025946,-0.064469,0.017582,-0.34344,-21.615,-0.38657,-7.8991,-0.039276,14.637,1.0235,-25.401,0.0058434,-0.071082,-0.047784,-0.99633,0.038619,-0.0576,0.021783,2.9683,-21.27,-0.18497,-7.04,0.26504,16.143,1.9514,-25.496
30.1,-0.008887,-0.088999,-0.040402,-1.015,0.039401,-0.066564,0.012834,1.2326,-20.508,-1.0237,-7.354,0.40612,18.714,-0.42591,-26.047,0.0036994,-0.072077,-0.059636,-0.99076,0.037749,-0.067503,0.011642,0.75176,-21.014,1.3747,-5.8526,0.22304,16.924,1.2737,-26.413
30.2,0.0090515,-0.051156,-0.049212,-0.99022,0.03762,-0.058016,0.011435,1.5964,-21.426,0.059795,-6.8035,2.6527,16.424,-0.14173,-26.179,0.011076,-0.081072,-0.039676,-0.99274,0.041495,-0.066334,0.019594,2.1097,-20.943,0.19991,-5.6775,-0.075776,15.874,1.494,-25.307
30.3,-0.0027929,-0.056175,-0.032074,-0.98475,0.038604,-0.062057,0.013228,1.2207,-21.646,-1.0604,-8.8551,0.30328,16.34,-0.88702,-24.634,-0.0027587,-0.067914,-0.039973,-0.99193,0.031181,-0.060497,0.015005,1.7083,-20.795,0.31109,-6.2931,-0.87843,16.985,1.1268,-24.489
30.4,-0.022473,-0.049204,-0.04707,-0.98532,0.028495,-0.067446,0.0069291,1.2025,-19.717,0.59868,-8.9409,-0.018442,18.041,-0.70827,-25.638,0.012486,-0.066686,-0.044697,-0.98793,0.031356,-0.066597,0.0078263,-0.032908,-21.455,1.8054,-7.4116,0.71417,18.875,1.7246,-26.101
30.5,-0.014112,-0.061969,-0.043602,-0.9908,0.033487,-0.070929,0.0088941,-0.12706,-20.118,-1.0066,-8.9068,2.451,16.893,0.70515,-25.861,-0.0055607,-0.079807,-0.048162,-0.99419,0.034229,-0.066149,0.0068741,0.98317,-19.717,-0.28476,-5.952,0.98851,17.272,1.1964,-25.959
30.6,-0.018814,-0.051957,-0.035743,-1.0024,0.030021,-0.054355,0.0020423,0.79587,-18.914,-0.66367,-6.5964,1.7925,17.751,0.61131,-24.875,-0.013447,-0.055772,-0.038173,-0.98653,0.021896,-0.064932,0.0027945,1.3198,-18.792,-0.1375,-7.79,-1.0081,18.28,0.75455,-26.777
30.7,-0.019001,-0.063509,-0.045782,-0.99787,0.027381,-0.058681,0.0028834,-0.92284,-20.915,0.50967,-7.6694,0.91504,18.028,0.57007,-24.126,-0.0075533,-0.067779,-0.025314,-0.99089,0.032519,-0.064808,0.0074958,-2.014,-20.654,-0.61593,-7.7232,0.82578,18.532,1.297,-22.404
30.8,-0.0032044,-0.058243,-0.030688,-1.0069,0.026113,-0.064686,0.0033043,1.2716,-17.613,-1.5905,-7.4179,2.7883,18.965,0.013195,-24.493,-0.013791,-0.056862,-0.042844,-1.0025,0.029227,-0.057431,0.010213,-0.045441,-17.972,0.065293,-7.6519,0.61816,17.036,0.28491,-21.505
30.9,-0.012859,-0.033598,-0.02686,-0.9817,0.024578,-0.056251,0.0027869,-0.66403,-18.481,-1.5296,-7.4005,2.971,17.967,2.4714,-25.949,-0.0090334,-0.039064,-0.042916,-1.0003,0.0225,-0.059591,-0.0064566,-0.4652,-18.808,-0.75705,-6.4645,1.72,21.261,0.55892,-23.01
31,-0.0066399,-0.051484,-0.02962,-1.0129,0.027774,-0.061066,0.005931,1.8819,-18.373,-1.3993,-9.6851,1.033,19.504,-0.053984,-24.678,-0.0074015,-0.053891,-0.053242,-0.99616,0.029086,-0.061297,-0.00066279,-1.9031,-19.047,-0.91342,-8.8951,-0.14986,21.197,1.0165,-23.541
31.1,-0.011098,-0.046029,-0.041341,-0.99556,0.026478,-0.066677,0.0014182,0.38177,-17.979,-0.2426,-8.6484,0.5266,18.105,0.039819,-22.266,-0.0093528,-0.03472,-0.066465,-1.0032,0.024681,-0.077332,-0.0033557,-0.60493,-17.593,1.3079,-7.999,0.29821,20.822,0.73689,-22.296
31.2,-0.021574,-0.036361,-0.036588,-0.99581,0.031385,-0.061384,0.0030667,0.43215,-16.876,-1.3281,-7.0245,-0.27032,18.42,2.9763,-22.67,-0.020181,-0.037791,-0.047276,-0.99726,0.022262,-0.048176,-9.8773e-05,1.8013,-17,-0.67034,-6.3468,2.3275,20.146,1.5008,-21.783
31.3,-0.025424,-0.036887,-0.048826,-0.98311,0.026893,-0.059367,-0.0034877,1.8811,-18.481,-1.7713,-7.8868,2.4544,19.361,0.86348,-23.75,-0.022307,-0.039661,-0.050568,-0.99492,0.022862,-0.061224,-0.00094997,0.46121,-18.461,-1.4763,-8.5697,-0.49052,21.398,0.79121,-22.405
31.4,-0.019856,-0.028503,-0.022399,-1.0113,0.035108,-0.051161,0.00093128,-0.76022,-19.361,-0.907,-9.9948,0.10626,21.816,1.5896,-22.278,-0.024421,-0.01854,-0.046569,-0.99856,0.037056,-0.054225,0.0016523,1.1648,-17.117,0.10482,-9.2394,-1.9959,18.489,2.453,-22.911
31.5,-0.012106,-0.027588,-0.059924,-1.0068,0.024866,-0.051516,-0.0051744,0.66548,-16.283,-0.27993,-9.9187,1.3332,21.739,1.1769,-23.495,-0.030268,-0.028958,-0.046359,-0.99429,0.022787,-0.051764,-0.0031011,1.92,-15.418,-2.9953,-9.568,1.0556,20.003,1.3583,-22.32
31.6,-0.022778,-0.021987,-0.033815,-1,0.030102,-0.052191,0.0030673,1.8993,-16.009,-1.8842,-9.9252,0.39802,22.443,0.18649,-21.149,-0.034138,-0.011316,-0.056476,-1.0015,0.020703,-0.053101,-0.0053428,1.5165,-17.857,-1.9639,-11.572,0.46776,20.812,-0.092961,-20.939
31.7,-0.031446,-0.022104,-0.048519,-1.0058,0.021764,-0.045761,-0.004805,0.075932,-16.289,0.47527,-11.133,-0.97574,18.881,0.26219,-21.094,-0.019244,-0.013639,-0.051489,-1.0148,0.026408,-0.048731,-6.296e-06,-0.24532,-16.995,-2.1116,-9.7509,-0.73098,21.531,1.3864,-22.401
31.8,-0.033312,-0.033315,-0.055761,-0.98356,0.014541,-0.052753,-0.0015455,1.8412,-17.093,-0.083488,-10.445,-0.0075531,21.97,0.40768,-20.622,-0.046786,-0.014759,-0.036334,-0.98759,0.022979,-0.043408,-0.001629,0.54198,-14.093,-0.63661,-13.517,0.71627,20.602,-0.086468,-20.757
31.9,-0.028404,-0.024932,-0.042636,-0.98948,0.025123,-0.045265,-0.0036003,0.16865,-15.092,1.1641,-10.197,2.2335,22.268,1.7288,-21.549,-0.028364,-0.012924,-0.038431,-1.0152,0.0222,-0.042013,-0.0082362,2.092,-15.923,-0.2675,-10.455,-1.8953,22.639,1.4217,-20.931
32,-0.025801,-0.010648,-0.056899,-0.99477,0.018387,-0.043521,-0.007171,-0.10888,-14.583,-0.78884,-11.439,1.2111,21.842,-0.28385,-19.582,-0.04188,-0.032497,-0.040143,-1.0187,0.017158,-0.047645,-0.0051659,1.7589,-14.734,-0.56351,-12.632,1.66,20.468,0.31261,-19.212
32.1,-0.034846,0.00070634,-0.040902,-1.0044,0.022593,-0.039572,-0.012201,0.84699,-13.902,-0.30404,-14.646,-0.48839,22.241,-1.4699,-19.975,-0.024754,-0.035309,-0.050227,-0.98651,0.022567,-0.043133,-0.0083677,0.73103,-16.798,-2.5295,-11.769,0.88314,22.142,0.74685,-20.096
32.2,-0.050517,-0.0053109,-0.04825,-1.0017,0.029696,-0.044174,-0.0074067,1.3728,-12.39,-2.613,-13.885,0.14715,20.618,0.44419,-20.732,-0.041842,-0.018335,-0.037957,-0.99624,0.020998,-0.042665,-0.003959,0.83973,-13.447,-1.7069,-12.483,2.0107,21.362,-0.22928,-18.509
32.3,-0.023506,-0.0064848,-0.049272,-0.99469,0.025293,-0.035298,-0.00021039,0.7166,-13.04,-1.5406,-12.012,1.6073,21.384,-0.10112,-19.126,-0.028037,-0.026524,-0.043517,-0.99028,0.012435,-0.043529,0.0066251,-0.18642,-12.701,-0.71527,-12.957,1.3969,22.011,-0.55871,-19.709
32.4,-0.041702,-0.018777,-0.043905,-1.0102,0.026396,-0.032274,-0.0063592,-0.31884,-14.511,-0.75616,-14.063,0.59979,21.754,0.50827,-19.157,-0.020877,-0.016614,-0.028552,-1.0008,0.029476,-0.043505,-0.0053303,1.0051,-14.131,-0.32801,-13.432,-0.27809,21.415,1.0888,-19.88
32.5,-0.037707,-0.0062753,-0.040352,-0.99153,0.016218,-0.045949,-0.016053,0.81817,-12.206,1.0564,-13.461,1.0636,23.755,1.2731,-18.761,-0.041293,-0.009224,-0.038105,-0.99558,0.024181,-0.047187,-0.0059687,0.27548,-12.909,-1.626,-14.312,1.6953,21.176,-0.0024289,-19.954
32.6,-0.029442,-0.023791,-0.047204,-0.99695,0.022934,-0.043718,-0.021346,0.68246,-12.539,-1.1723,-14.703,0.36479,21.577,-1.0757,-19.495,-0.026149,-0.0094232,-0.042826,-0.9906,0.021204,-0.044646,-0.017395,2.2885,-12.588,-0.47702,-14.102,0.59251,22.272,0.055953,-18.443
32.7,-0.03586,0.022056,-0.032822,-1.0007,0.017692,-0.039011,-0.011504,-0.076528,-12.489,-1.3062,-13.162,-0.33307,23.023,-1.6689,-19.064,-0.027005,-0.0045137,-0.027784,-0.99276,0.013242,-0.030078,-0.013027,-1.6448,-14.013,-1.1761,-13.612,-0.068311,22.65,0.51349,-20.858
32.8,-0.042689,-0.019488,-0.035736,-1.0093,0.011936,-0.039619,-0.012898,-0.23958,-12.458,-3.2342,-14.078,1.0997,23.193,1.1219,-19.627,-0.042825,-0.0046097,-0.03782,-1.0014,0.01239,-0.04366,-0.015959,-0.54131,-13.47,-0.36517,-13.4,-0.22754,23.32,-1.1268,-18.581
32.9,-0.049237,0.01475,-0.046978,-1.0047,0.023487,-0.028317,-0.011807,-0.64426,-10.546,-1.661,-14.579,1.1965,22.95,-1.6848,-19.18,-0.025386,0.00041612,-0.042696,-1.0113,0.021653,-0.047143,-0.01147,1.738,-12.417,-1.6419,-15.481,0.46559,23.86,-1.493,-19.127
33,-0.052211,0.030697,-0.036864,-0.99977,0.012272,-0.039387,-0.0069612,1.2003,-11.136,-3.0188,-15.993,1.3253,23.413,0.2188,-19.196,-0.048544,0.0021159,-0.03919,-1.0056,0.014461,-0.037292,-0.012637,0.84103,-12.189,-1.3187,-15.109,1.2512,23.599,-0.60047,-18.456
33.1,-0.031608,0.0037266,-0.043051,-0.99371,0.015554,-0.032873,-0.018113,-0.68872,-11.7,-1.8354,-16.585,0.60838,22.972,0.97212,-19.171,-0.013536,-0.0012444,-0.037767,-1.0006,0.012992,-0.032343,-0.011207,1.8047,-11.574,0.41714,-15.959,0.60753,24.596,-1.0781,-19.017
33.2,-0.04638,0.0005857,-0.029598,-1.0031,0.0051717,-0.03303,-0.019048,1.1031,-10.488,-1.3775,-17.671,0.06255,24.308,0.31799,-17.729,-0.051178,0.00093074,-0.050483,-1.0104,0.0039875,-0.020344,-0.019162,2.4871,-10.617,-0.28714,-15.45,1.9834,21.882,0.64347,-19.43
33.3,-0.051632,-0.0060797,-0.01362,-0.99714,0.011137,-0.035162,-0.013908,1.3929,-11.274,0.26774,-16.002,0.8523,24.121,0.465,-20.367,-0.048273,0.0059129,-0.021477,-1.004,0.013606,-0.039181,-0.01654,0.022833,-13.226,-0.9947,-16.19,-1.267,24.46,-1.1244,-18.593
33.4,-0.045248,0.029651,-0.019312,-1.0088,0.021557,-0.027304,-0.018071,2.2868,-10.397,0.58548,-17.351,0.073841,25.118,-0.33029,-19.49,-0.044837,0.011698,-0.018874,-0.97845,0.0088201,-0.019234,-0.018122,1.188,-10.347,0.46167,-17.597,-1.0428,25.453,0.31116,-18.917
33.5,-0.060013,0.0063494,-0.020216,-0.99643,0.017586,-0.030208,-0.011689,-0.52294,-12.445,-0.4495,-19.867,-0.02307,26.63,0.10232,-17.865,-0.030246,0.015487,-0.033781,-0.99158,0.017217,-0.018062,-0.013496,0.030122,-9.5209,-2.9316,-17.27,1.7387,25.484,-0.45012,-20.051
33.6,-0.038509,0.02081,-0.018211,-0.99244,0.0022877,-0.029296,-0.016207,1.2088,-10.675,-1.1151,-19.658,0.71341,25.432,1.5242,-20.629,-0.038578,0.0038081,-0.039788,-1.0122,0.012378,-0.023959,-0.019143,1.7201,-12.245,-1.3626,-18.31,1.4096,25.808,0.42984,-19.812
33.7,-0.064182,0.010426,-0.026853,-0.99356,0.0079862,-0.028304,-0.025356,0.719,-9.0697,-0.34541,-18.026,3.204,23.687,-0.14119,-20.81,-0.025767,0.011789,-0.029404,-1.0208,0.0070326,-0.021008,-0.018195,0.64683,-9.2434,-0.89141,-18.184,0.46445,24.786,-1.2528,-20.194
33.8,-0.041753,0.017702,-0.033461,-0.98286,-0.0012126,-0.024335,-0.021912,1.3399,-8.852,-0.93596,-17.669,0.69184,27.391,-0.065036,-18.462,-0.047458,0.032511,-0.027687,-1.0013,0.010066,-0.025522,-0.012711,0.96414,-11.211,1.1022,-19.425,-0.008648,25.074,0.33147,-19.134
33.9,-0.054191,0.01149,-0.019884,-1.0026,-0.0038012,-0.024144,-0.0073344,1.2423,-8.7867,-0.78539,-18.428,3.0373,24.971,-0.83396,-18.792,-0.058366,-0.0062086,-0.017087,-0.99467,0.014473,-0.020816,-0.014999,1.514,-7.8923,-0.37156,-20.047,0.55464,24.968,1.6568,-18.337
34,-0.06192,0.024514,-0.026058,-0.98594,0.01064,-0.016647,-0.023566,0.28879,-8.7355,-2.064,-19.882,-0.25986,26.231,-1.2172,-19.298,-0.045794,-2.1571e-05,-0.018163,-0.98565,0.0056185,-0.024087,-0.022309,-0.69001,-8.7152,0.10926,-19.397,0.17608,25.299,-1.2641,-20.278
34.1,-0.039281,0.026133,-0.015634,-0.99391,0.0047223,-0.027476,-0.023391,-0.79364,-8.4514,-2.7836,-20.398,-1.3814,25.361,0.30383,-21.861,-0.058396,0.021353,-0.02695,-0.99816,-0.0048697,-0.020044,-0.01207,0.42805,-8.1449,0.17034,-20.614,-0.4383,25.976,-0.51919,-19.35
34.2,-0.046004,0.02106,-0.032794,-0.96825,0.0073849,-0.024988,-0.021246,1.8749,-8.3927,-2.1745,-18.783,0.39767,28.235,-0.58767,-19.291,-0.052244,0.029945,-0.03701,-1.0063,0.010233,-0.022082,-0.012785,-0.67758,-7.5012,-1.9648,-19.076,0.19276,26.526,-0.69413,-19.072
34.3,-0.058544,0.013419,-0.018314,-0.99234,0.0014311,-0.019716,-0.014547,0.99785,-7.9335,-2.8437,-20.87,-0.98365,27.173,0.7377,-19.786,-0.053308,0.015115,-0.015325,-1.0098,-0.0039133,-0.023736,-0.019292,0.29499,-6.7981,-1.9498,-22.68,0.26745,25.644,-0.52551,-19.584
34.4,-0.053121,0.014152,-0.018896,-1.0007,0.0010149,-0.027247,-0.02234,1.6735,-6.7901,-3.3173,-19.39,0.3751,26.894,-1.1925,-19.529,-0.040046,0.020857,-0.01907,-0.99915,0.0058924,-0.011674,-0.018169,1.4103,-6.3914,0.72177,-21.327,-0.53823,29.373,0.23835,-20.226
34.5,-0.027062,0.019783,-0.01152,-0.99601,0.002247,-0.02209,-0.014495,1.4074,-6.1033,-1.3436,-20.027,0.34504,26.947,0.57448,-20.905,-0.060317,0.0085388,-0.030202,-0.98947,-0.00091991,-0.020884,-0.026629,2.5486,-7.2379,-2.4977,-19.739,-0.92158,26.697,-0.8113,-20.416
34.6,-0.03684,0.008094,-0.036679,-0.97416,0.001118,-0.012434,-0.016426,1.6271,-7.3218,-0.27161,-20.668,-0.33798,24.972,0.12381,-19.526,-0.036334,0.02845,-0.015862,-1.0043,0.007821,-0.01836,-0.016618,2.2127,-7.7618,-2.2466,-20.861,-1.3374,26.715,0.00019831,-19.769
34.7,-0.049174,0.026803,-0.03,-0.99766,8.0621e-05,-0.033286,-0.016311,0.76193,-5.7504,-1.8593,-23.858,-1.012,26.484,-0.27001,-20.668,-0.055124,0.016781,-0.0099169,-0.99446,-0.0015245,-0.017691,-0.012394,-1.669,-7.1437,0.87074,-21.918,0.40493,25.963,-0.77047,-19.877
34.8,-0.049089,0.0089,-0.02158,-1.0297,-0.012559,-0.018005,-0.0094495,1.4514,-6.5185,0.85809,-24.675,1.4422,23.749,-2.4136,-21.543,-0.063427,0.032214,-0.042214,-1.0034,0.002819,-0.014346,-0.030348,1.5982,-7.8347,-1.2719,-24.032,-0.35707,25.081,-0.069907,-20.836
34.9,-0.048431,0.0079505,-0.033093,-1.0011,-0.011736,-0.017324,-0.01218,1.3884,-5.039,-0.32365,-22.529,-0.0091961,25.193,0.74083,-18.962,-0.046908,0.0089763,-0.014258,-1.0115,-0.012671,-0.01251,-0.016129,1.518,-5.541,-2.0039,-23.694,0.59344,27.211,0.49586,-20.39
35,-0.042067,0.0071868,-0.025151,-0.99565,-0.011479,-0.023637,-0.021758,0.69742,-5.5178,-0.72134,-24.071,-1.6018,27.603,0.97334,-21.735,-0.054895,0.018,-0.00048963,-1,-0.0085593,-0.012327,-0.016879,0.16526,-4.8127,-0.85795,-21.782,0.47952,25.422,0.077574,-19.798
35.1,-0.038607,0.02203,-0.0055639,-1.0073,-0.0061594,-0.01312,-0.024248,0.49087,-5.4074,-2.1106,-23.578,0.035398,26.868,2.3607,-21.28,-0.043545,-0.0079837,-0.010055,-1.0024,-0.0054798,-0.0084641,-0.019821,-0.83151,-3.9072,-0.95743,-25.247,-0.86009,26.43,0.47044,-20.322
35.2,-0.056547,0.029986,-0.013984,-0.9963,0.0010218,-0.018967,-0.011449,0.11109,-3.853,-0.72154,-23.991,-0.35338,25.29,0.26209,-20.059,-0.046797,0.042811,-0.024192,-1.0167,0.00024801,-0.022211,-0.011025,1.6462,-5.0629,-0.90076,-25.829,-0.13862,25.847,-1.575,-20.679
35.3,-0.043347,0.034234,-0.023361,-0.99278,-0.012156,-0.016405,-0.014094,1.226,-3.0067,-0.82557,-23.252,-1.3078,25.952,-1.0862,-20.001,-0.032477,0.053352,-0.025513,-0.99767,-0.012821,-0.018921,-0.016142,2.0447,-4.351,-1.3208,-25.895,-0.63684,25.446,-0.34247,-20.018
35.4,-0.060523,0.023915,-0.0085394,-1.004,-0.014107,-0.0094318,-0.013687,1.9443,-1.835,-1.8365,-27.227,-1.1177,25.479,-0.96102,-21.693,-0.061597,0.026808,-0.0099119,-0.99693,-0.0072363,-0.016237,-0.015262,0.90316,-1.8776,-2.5066,-24.961,-0.5929,24.864,-1.2243,-21.93
35.5,-0.051557,0.018369,-0.0034518,-0.99708,-0.019608,-0.020258,-0.0074607,0.21437,-3.8533,-1.4878,-24.609,-1.1562,26.211,0.97141,-19.604,-0.041072,0.0058477,-0.0034584,-1.0115,-0.0088207,-0.017025,-0.02055,0.32966,-3.0518,0.29705,-25.194,-0.33688,25.124,-0.40375,-22.911
35.6,-0.046094,0.0094842,0.0048807,-1.0238,-0.0098616,-0.011919,-0.016048,1.7428,-4.4248,-1.0932,-26.135,-0.17755,22.851,-0.58711,-21.746,-0.065565,0.043193,-0.0045044,-0.99727,-0.015662,-0.0099343,-0.014846,1.2078,-2.2439,-1.6377,-25.306,0.19966,25.446,-0.78855,-22.103
35.7,-0.048194,0.028098,-0.0094795,-1.0055,-0.012442,-0.011438,-0.0036355,0.99572,-3.6001,-2.0023,-25.741,-0.85077,24.945,-0.52151,-21.305,-0.050445,0.019814,-0.018515,-0.99413,-0.014941,-0.0069059,-0.0031353,1.3661,-2.2413,-0.65408,-26.279,0.40636,25.375,-1.1166,-21.669
35.8,-0.052578,0.033739,0.011139,-1.0141,-0.021101,-0.0040368,-0.013942,1.4443,-2.0348,-1.6533,-25.744,0.85665,25.377,-2.7314,-22.881,-0.063209,0.03251,0.0037924,-1.0031,-0.011636,-0.0006741,-0.017867,0.74757,-2.4034,-0.57331,-26.35,1.0894,24.572,-1.6115,-22.349
35.9,-0.059196,0.023341,-0.018544,-1.0016,-0.020275,-0.0095136,-0.013494,1.3754,-4.0668,-1.4824,-25.907,0.37782,23.951,-0.58504,-19.843,-0.043589,0.037704,-0.023974,-1.0009,-0.015554,-0.006515,-0.0056977,3.1057,-3.0142,0.20989,-25.429,-1.4423,24.536,-0.18356,-23.721
36,-0.043175,0.02676,-0.010593,-1.0038,-0.018657,-0.0036,-0.0094182,2.0377,-1.5363,-1.2822,-28.71,0.25614,25.404,-0.44885,-21.468,-0.044194,0.032563,0.0086371,-1.0019,-0.014915,-0.0093398,-0.011261,0.96376,-1.2481,-2.3181,-28.371,-0.28533,23.296,-0.7165,-20.173
36.1,-0.030539,0.015798,-0.013064,-0.98596,-0.018627,0.0022422,-0.012664,0.26032,0.34171,0.23214,-27.321,-0.3112,25.821,-0.73561,-22.42,-0.050388,0.030981,-0.006281,-1.0068,-0.022814,-0.007411,-0.018706,2.2381,-4.3707,-0.87999,-29.212,0.86101,23.719,-1.2946,-20.195
36.2,-0.051939,0.033085,-0.0046394,-0.99819,-0.025054,-0.014245,-0.012007,0.31052,-0.39883,-2.3097,-28.991,0.78721,23.723,0.45715,-19.564,-0.031517,0.022416,-0.0088656,-0.99071,-0.027553,-0.0094799,-0.011145,1.4395,-1.4553,0.015237,-28.057,-2.362,22.943,-0.8633,-20.882
36.3,-0.02222,0.016396,-0.0033937,-0.99431,-0.020979,-0.0072712,-0.019326,2.8485,0.57261,-0.42846,-27.235,1.1594,23.884,0.42952,-20.912,-0.041781,0.028939,-0.014322,-1.0021,-0.021665,-0.0046046,-0.0121,0.082585,-1.7029,-2.4406,-28.092,0.11973,24.181,-0.25373,-19.95
36.4,-0.039042,0.040572,-0.00041425,-1.0054,-0.025504,0.0013995,-0.01558,1.6545,0.15134,-2.5495,-29.729,-1.2149,25.664,-0.18361,-22.073,-0.027503,0.019494,0.0024984,-0.99714,-0.017055,-0.007676,0.00072499,1.372,-2.3396,-1.6287,-29.628,-0.096504,24.031,0.041495,-21.333
36.5,-0.038888,0.024614,-0.012502,-1.0259,-0.026536,0.010065,-0.0082952,0.39557,-1.8179,-1.5597,-29.308,-0.13003,22.518,-0.14603,-19.844,-0.025794,0.035201,-0.0010337,-0.97963,-0.021093,0.0054078,-0.0062617,0.17745,-0.90063,-0.27103,-31.758,1.303,22.546,0.38551,-19.909
36.6,-0.03521,0.045946,-0.016361,-1.0025,-0.022421,0.0031698,-0.0098153,0.60264,-0.92892,0.58979,-30.184,0.17521,22.782,1.3357,-21.715,-0.021753,0.019906,-0.011113,-1.0192,-0.011363,-0.0029927,-0.0068563,0.15531,1.7428,-0.43699,-29.691,-1.0812,24.035,-0.98862,-19.659
36.7,-0.032383,0.0374,-0.004563,-0.98686,-0.024714,0.0068356,-0.016963,-0.59681,1.0306,-1.2778,-30.936,0.74569,21.502,0.61462,-20.475,-0.031624,0.026096,-0.0039339,-0.99824,-0.031537,0.0031732,-0.0068275,1.0157,-0.27644,-1.2364,-31.039,-0.90899,24.717,-0.9712,-20.758
36.8,-0.015544,0.043553,-0.011306,-0.99242,-0.027676,0.0026526,-0.0024202,0.18569,-0.81689,0.33,-30.208,-2.0394,23.529,-0.34762,-20.062,-0.032947,0.03455,0.020465,-1.007,-0.027046,0.013883,-0.0067341,0.49323,-0.16295,-2.0542,-30.544,-1.2986,23.436,-0.14917,-20.241
36.9,-0.03899,0.025718,-0.0065332,-1.0011,-0.023383,0.0026783,-0.0070173,1.167,0.30336,0.23368,-30.237,-0.078693,22.76,-0.23275,-20.09,-0.024986,0.030007,-0.011347,-1.0144,-0.026771,0.0015087,-0.0083927,-0.27855,0.93931,-2.3168,-33.269,0.38073,22.356,0.47947,-20.244
37,-0.042873,0.037505,-0.020275,-0.97946,-0.032207,0.004945,-0.013829,1.7392,1.7918,-2.6009,-32.867,-1.5038,22.21,2.3806,-17.75,-0.04051,0.025342,-0.0070421,-0.99473,-0.016171,0.0026605,-0.00498,0.33651,0.051296,-1.0776,-30.39,0.73502,20.8,-0.18613,-20.987
37.1,-0.022576,0.019449,-0.0067899,-0.99289,-0.032777,0.0089912,-0.0092819,1.3473,1.1499,0.45331,-33.045,-1.5714,19.486,2.6696,-19.565,-0.018695,0.030152,-0.012793,-0.99241,-0.021,0.0023096,-0.0071743,1.5011,0.031212,-0.35196,-31.794,-0.63674,21.489,1.2266,-20.503
37.2,-0.031378,0.034027,0.002646,-0.99033,-0.030323,0.010228,-0.012847,1.3327,2.309,-0.38535,-29.831,-1.12,20.549,0.20004,-19.289,-0.029807,0.028881,-0.0034177,-1.0098,-0.023822,0.01938,-0.0034737,0.51677,0.8464,-1.5321,-31.81,-2.279,20,1.4141,-19.171
37.3,-0.023639,0.025588,-0.0073939,-0.9891,-0.029872,0.015377,0.005729,0.27711,2.6442,-0.45757,-32.198,-0.65292,19.676,1.6919,-20.747,-0.034946,0.019339,0.01704,-0.99024,-0.022859,0.0045618,-0.012265,-0.49924,0.052335,0.046255,-31.316,-0.57858,20.886,1.3,-19.661
37.4,-0.042088,0.021015,0.0015843,-0.98834,-0.027881,0.018815,-0.0089239,0.80518,3.2745,-1.6398,-33.252,-0.80183,19.815,0.33922,-19.275,-0.042565,0.024165,-0.0087465,-1.0101,-0.028302,0.011219,0.0017401,0.58182,1.2635,0.18381,-31.931,-1.0302,21.227,2.1345,-18.113
37.5,-0.026489,0.02114,0.0065757,-1.0045,-0.032198,0.013127,-0.0089904,-0.8219,2.6352,-2.2704,-32.731,-1.9163,19.169,1.3067,-18.631,-0.0093383,0.01769,-0.015743,-1.0019,-0.030225,0.0098704,-0.0012006,-0.54865,2.9363,-0.98235,-32.491,-3.4387,19.457,2.1666,-19.149
37.6,-0.029901,0.039927,0.0087591,-0.99699,-0.015279,0.029225,-0.0019156,0.12888,0.72026,-2.4333,-32.936,-0.57893,21.929,1.6459,-17.078,-0.017561,0.019947,-0.0075074,-1.0069,-0.028853,0.012161,-0.0018182,-0.060691,1.1945,-1.9124,-33.911,-0.62486,18.881,0.98477,-18.925
37.7,-0.030205,0.026424,-0.010598,-1.0057,-0.017083,0.023643,-0.0038383,-1.1517,1.4184,0.35844,-32.914,-1.398,19.433,1.2367,-17.298,-0.024835,0.0073879,-0.0032839,-1.0133,-0.029236,0.023029,0.0035562,-0.15536,-0.58295,-2.2234,-34.342,-0.76204,17.169,0.22145,-19.313
37.8,-0.029158,0.021301,-0.03191,-0.99479,-0.010518,0.017638,-0.011069,-1.2111,-0.4572,-0.74032,-35.649,-0.94539,18.967,-0.69697,-17.432,-0.015491,0.022243,-0.018328,-0.99481,-0.012956,0.020278,-0.0080902,-2.3838,1.5965,-1.0395,-35.364,0.73358,18.172,-0.62364,-17.609
37.9,-0.026342,0.025536,-0.01568,-1.0058,-0.013987,0.018911,-0.0047481,-0.59742,0.22944,-0.72063,-34.096,-2.3979,17.868,1.1788,-17.423,-0.014473,0.032992,0.0049336,-1.01,-0.01731,0.025093,-0.008076,-1.9891,1.7659,-1.3732,-33.778,-1.4541,16.39,2.1726,-17.174
38,-0.016711,0.020347,0.0044756,-0.99142,-0.01301,0.027165,0.0010196,1.0171,1.1698,-1.0599,-34.968,-2.2365,17.218,0.93195,-17.412,-0.011612,0.015932,0.0029661,-1.0132,-0.019699,0.013484,-0.0074392,0.65841,-0.67108,-1.5938,-35.789,-1.9503,17.723,-2.4313,-17.149
38.1,-0.0091069,0.021437,0.0022918,-0.99401,-0.021742,0.020911,0.0010602,0.17892,1.3625,0.89763,-36.493,-1.4536,17.483,-1.5803,-18.598,-0.0021381,0.018083,0.0051966,-0.99713,-0.022438,0.024052,-0.0063582,-0.27416,-0.25787,0.11522,-36.023,1.8043,16.599,-0.36561,-18.361
38.2,-0.0086392,0.022095,0.00097437,-0.99697,-0.01523,0.02344,-0.0044599,-1.8657,-0.073236,1.0966,-34.907,0.70223,18.601,0.13863,-16.898,-0.0097378,0.007516,0.0026773,-0.99621,-0.026132,0.024226,0.0075759,-0.50498,0.71022,-0.15369,-35.388,0.91868,16.906,0.67484,-17.136
38.3,-0.018934,0.030575,-0.0086972,-0.99922,-0.021753,0.019724,0.0030181,0.68367,-0.38446,0.9933,-36.866,-0.37807,17.645,-1.0481,-17.263,-0.0151,0.02531,-0.0092707,-1.007,-0.01955,0.019916,0.0030431,-1.6679,-0.52515,2.3131,-33.576,0.40097,18.014,1.2217,-16.779
38.4,-0.011546,0.021354,-0.0072631,-1.0117,-0.015816,0.024176,0.0071174,-1.0003,-2.5295,1.5183,-34.098,0.049577,17.039,0.32923,-16.946,-0.0021647,0.0095758,-0.0070786,-0.9926,-0.0099741,0.02644,-0.004708,-1.6715,-0.89069,2.0694,-35.446,1.5678,18.05,0.10609,-17.974
38.5,-0.023251,0.0246,5.8327e-05,-0.99511,-0.010356,0.017565,0.0041265,-0.84079,-1.3803,2.5623,-34.794,0.22708,18.167,-2.435,-18.056,-0.018496,0.015871,-0.016298,-0.99336,-0.012763,0.022426,-0.010822,-0.23799,-0.77227,1.3029,-33.712,-1.3895,16.661,-0.59874,-17.429
38.6,-0.014636,0.024382,0.010047,-1.0045,-0.011578,0.020763,-0.00071951,-3.4907,-1.543,1.799,-34.871,-0.38775,18.888,1.3271,-17.004,-0.034692,-0.0012865,-0.0091377,-0.99241,-0.019356,0.017377,-0.0082298,0.022331,0.11236,1.8346,-34.239,0.97886,18.596,-0.0046012,-17.354
38.7,-0.018423,0.016352,-0.0013134,-1.0023,-0.016731,0.014311,0.0010206,-0.17876,-0.25217,1.713,-32.588,0.44812,18.769,0.94558,-17.73,-0.018064,0.019109,0.0087605,-0.994,-0.019412,0.0085086,-0.0089483,-1.2268,-2.1571,0.63909,-34.331,-0.9926,18.134,-0.86467,-19.041
38.8,-0.0029892,0.032711,0.003716,-0.99399,-0.024113,0.014693,-0.0070082,-1.6635,-2.9661,3.0725,-34.082,1.4566,16.619,0.15522,-17.888,-0.022186,0.016013,-0.0050572,-1.0091,-0.0086103,0.0068014,-0.0025112,-0.80333,-0.88013,0.98053,-32.656,0.12067,18.188,0.17431,-18.706
38.9,-0.027565,0.0093126,0.002106,-0.99878,-0.018508,-0.0017185,0.0043575,-0.28187,-2.4536,-0.0022442,-33.977,0.22515,16.616,-1.1023,-19.923,-0.0036634,0.014702,0.007822,-1.0065,-0.012934,0.018963,0.0020186,-1.6405,-1.6003,0.84733,-30.308,0.99303,18.058,-0.18151,-18.083
39,0.0044001,0.013977,0.013569,-1.0159,-0.0067424,0.021334,-0.010754,-3.148,-2.2485,1.4671,-34.203,-1.2963,15.996,0.019438,-18.694,-0.0017738,0.0080154,-0.0072993,-0.99483,-0.012061,0.004125,-0.0072185,-1.9405,-1.7437,1.359,-33.142,1.4948,18.525,0.60269,-17.767
39.1,-0.013517,0.0067032,-0.013612,-0.99477,-0.017481,0.011171,0.00059099,-1.3142,-4.5988,1.2284,-31.189,-2.9924,17.932,-1.2622,-18.909,0.00039869,0.02179,0.0041958,-1.0014,-0.01808,0.012423,0.0082791,-0.1782,-1.4867,0.76719,-30.695,-0.48588,17.707,-1.315,-17.535
39.2,-0.0023993,0.034322,0.0056223,-1.004,-0.015492,0.017079,-0.0056513,-1.6073,-1.9066,-1.0549,-30.954,0.069559,14.905,-0.42187,-18.287,-0.010958,0.0065474,0.0071236,-0.98935,-0.0050319,0.0031035,-0.010605,-0.32799,-2.8969,-2.9348,-33.484,0.79609,17.038,0.85111,-18.335
39.3,0.010219,-0.0057813,0.0041086,-1.0081,-0.0041282,0.005894,-0.0056246,-0.37811,-4.1418,1.6941,-33.518,1.0531,18.351,0.48795,-19.034,-0.0057872,0.017935,-0.0082939,-0.99657,-0.012095,0.0059414,-0.00040845,-1.3432,-4.2151,-1.078,-31.484,-0.16323,19.311,0.05003,-19.056
39.4,0.0016974,0.025324,0.0061284,-0.99769,-0.0052744,0.012759,0.0049739,1.0134,-2.1119,0.023015,-33.408,0.20438,18.868,0.44699,-18.909,0.0090016,0.021191,0.0033806,-1.0098,-0.0095351,0.0038074,0.0073742,1.7245,-2.1044,0.31397,-33.593,-0.99524,17.857,-1.3811,-18.735
39.5,-0.0025956,0.0062772,-0.0084689,-0.98313,-0.016094,0.012355,-0.0055039,-1.9675,-0.88958,1.3914,-31.869,-0.9739,17.567,0.54659,-17.59,-0.016762,0.021658,-0.00051721,-0.99967,-0.0030094,0.016569,-0.0027908,-0.96011,-1.5841,0.69859,-32.401,-1.6643,18.195,-1.6374,-17.815
39.6,-0.016177,0.0088372,0.0069692,-0.98763,-0.0099576,0.0035595,-0.0015721,-1.1232,-3.4381,0.28524,-32.458,-0.16201,18.295,1.5549,-20.11,-0.013207,0.0069641,-0.005533,-1.0037,-0.009464,0.010077,0.0002782,0.82596,-3.0507,2.4896,-34.599,0.30527,17.884,-0.18538,-16.501
39.7,-0.0087021,0.0091617,0.0054214,-1.0019,-0.0061943,0.0079404,-0.0019382,0.13551,-2.2903,-1.1711,-30.015,0.77159,16.793,-1.4535,-18.703,-0.019306,0.010757,0.0044294,-1.0035,-0.0040779,0.009161,-0.0049297,-0.85236,-4.0163,-0.8208,-30.916,-0.76544,19.144,-1.1079,-17.525
39.8,-0.0015823,0.0090929,-0.0039213,-1.0104,-0.0080117,0.012356,-0.0078145,-2.3189,-3.2817,-0.93694,-32.471,0.9762,17.878,2.4523,-17.745,-0.014654,0.018708,-0.0083818,-0.98573,-0.0032306,0.0058573,-0.0057174,-2.8747,-4.646,-0.67819,-30.694,1.2431,17.523,0.86641,-19.153
39.9,0.0042557,0.0035191,-0.019573,-1.0121,0.001644,0.0076698,0.0067145,0.65344,-2.8756,1.7288,-30.664,-0.77031,17.504,0.32798,-17.353,-0.019598,0.0035597,-0.018819,-0.99112,-0.0032105,0.0061928,0.0036477,0.071524,-3.9393,0.53655,-29.988,0.63067,19.585,-0.65019,-17.812
40,-0.011307,0.014168,0.00874,-1.0028,0.0084401,0.013128,-0.0038652,-0.22307,-4.2131,-0.12064,-31.566,-1.4434,16.35,-0.52121,-18.001,0.019328,-0.0028097,0.0055953,-0.99667,-0.0076439,0.0020184,0.0097868,-0.014937,-2.9994,-2.0827,-31.074,-1.3645,18.77,-2.1537,-18.963
40.1,-0.023263,0.0062873,0.0047734,-0.98293,-0.0086315,0.0093633,0.0033994,0.1193,-4.5362,-1.6525,-31.921,0.53891,19.43,0.16456,-16.711,0.0019282,0.0057625,0.00027905,-1.0243,-0.0035433,0.0024726,-0.0034657,0.55764,-3.7758,0.011608,-31.881,0.38655,17.894,0.31001,-17.046
40.2,0.013141,0.0042273,0.0011346,-0.993,-0.0090737,0.01772,-0.0061948,0.081425,-2.2407,0.25782,-31.748,-0.57439,18.277,2.4096,-16.953,0.0031697,-0.0099051,-0.0050991,-0.99793,-0.0065735,0.0037908,0.00034762,0.48369,-3.1344,0.040608,-32.423,-0.22241,15.904,1.1622,-18.068
40.3,-0.004415,0.0042662,0.012444,-0.99648,-0.004007,-0.0017695,0.0027447,-0.50899,-5.2263,0.7012,-31.527,1.1622,16.966,-1.6387,-16.825,-0.01702,0.026137,-0.0028686,-0.99512,-0.0029758,0.012633,-0.0033143,0.0053833,-5.0648,-1.0747,-29.899,0.79187,18.557,0.052011,-17.657
40.4,-0.02,0.0021862,0.0031481,-0.9973,-0.0071657,0.00096854,0.0050386,1.9824,-4.5378,-0.12191,-32.045,1.4728,18.543,-0.19941,-17.56,-0.018163,0.016426,0.0098401,-0.9851,-0.012885,0.0014573,-0.0046823,-1.481,-3.1396,0.028816,-32.47,-0.91147,19.701,-1.5593,-18.123
40.5,-0.0067245,0.0086011,-0.0037293,-1.0114,-0.012404,0.0053179,0.0031319,2.9168,-2.6813,1.4021,-31.107,-0.32295,18.624,0.89132,-17.362,-0.016746,-0.0015971,0.0077458,-0.99443,0.0047919,-6.5218e-05,-0.008457,0.48852,-3.0777,-1.2502,-30.725,-1.4032,17.748,-1.0142,-17.452
40.6,0.0093163,0.0090271,0.0086134,-0.99988,-0.010818,0.017428,-0.0067414,0.76159,-1.9486,1.1356,-29.934,-0.45818,17.45,-0.68656,-18.214,-0.0086533,-0.01049,-0.016464,-1.0059,-0.011383,0.0080169,0.0087044,-2.1142,-3.841,1.8093,-31.606,1.3545,18.074,-0.97832,-18.68
40.7,-0.0088948,0.009144,-0.01333,-0.99224,0.0037483,0.0047874,0.00042946,-0.60724,-4.1278,0.92217,-32.006,0.50068,16.319,0.828,-18.859,-0.00028784,0.010513,0.015133,-1.0067,-0.011883,0.0078455,-0.0019374,-0.2634,-2.8211,-1.0162,-30.798,2.2226,16.576,0.61629,-17.105
40.8,0.017473,0.00063833,-0.011746,-1.0043,-0.0029951,0.0081103,0.003634,-2.6003,-3.9431,-1.2609,-32.128,-0.9361,17.842,1.8988,-18.18,-0.012576,0.0010831,0.008858,-1.0032,-0.0052457,0.00054889,-0.0072745,-1.5882,-4.2332,-2.2342,-29.058,0.36291,17.769,1.493,-16.913
40.9,-0.015298,0.0093587,-0.0061894,-1.0094,0.0041023,0.0013819,-0.012006,0.56369,-3.8676,0.37877,-30.364,0.71041,20.297,-1.4493,-16.905,-0.016497,-0.00065016,0.0048042,-1.0045,-0.0091945,0.011449,-0.0058735,1.3795,-6.87,0.30147,-30.056,-0.058684,17.901,0.31327,-17.275
41,-0.028793,-0.0045476,0.0058546,-1.0095,-0.0068696,-0.0072795,-0.0010857,2.125,-6.0014,-0.39754,-29.31,-0.15134,17.218,-0.60278,-17.609,0.0015187,0.0061772,-0.010173,-1.0039,-0.0053375,0.013769,-0.005255,0.90817,-3.8315,2.0171,-32.171,-0.86665,18.823,-1.0854,-18.399
41.1,0.017637,0.017403,0.0084753,-0.99809,0.00075479,0.0094804,6.1789e-05,-1.4735,-4.0247,2.3239,-32.828,0.22634,18.736,1.1251,-19.339,0.0062732,-0.00032754,0.011218,-0.9934,-0.0062431,0.0018172,-0.0011031,-1.13,-6.9801,-1.3113,-30.029,0.28956,17.732,1.4623,-18.847
41.2,-0.01539,0.0041714,-0.0087482,-0.99329,0.002206,0.00032584,0.0047631,-0.77603,-5.1793,-1.489,-32.642,-1.3284,18.103,-0.29401,-17.292,0.0039134,0.0075091,0.023253,-1.0007,-0.0084873,-0.00051821,0.0042128,-0.93444,-5.4763,0.51691,-31.671,0.032601,17.352,-1.0436,-18.031
41.3,-0.018741,0.0082798,0.0024238,-0.99644,0.0035209,0.0028559,0.0040441,-0.1693,-5.1218,-1.6295,-31.854,1.9603,18.107,0.64702,-17.835,-0.028868,-0.00044564,-0.00058107,-0.99738,-0.0027947,0.003546,-0.012039,1.0677,-3.9539,-0.83161,-33.276,1.5099,18.23,-0.63174,-16.474
41.4,-0.0075695,2.2989e-06,0.0046098,-1.0087,-0.005351,0.0018598,-0.0094265,1.8653,-3.9279,0.48537,-31.265,0.49339,17.836,1.2737,-17.347,-0.018,0.01532,2.1974e-05,-1.0265,-0.0098232,0.0016581,-0.0055022,0.72606,-5.4772,0.71234,-30.61,-1.7842,17.084,1.6719,-19.018
41.5,0.0071941,0.014535,0.0047842,-1.0094,-0.016909,-0.0016374,-0.0034747,0.92502,-4.3824,-0.37831,-30.42,-0.61589,17.137,0.31225,-17.971,-0.0083585,0.0094417,0.013253,-0.99644,-0.0047446,0.00039618,-0.0067717,0.26404,-4.378,2.9146,-31.386,-1.076,17.295,-0.34984,-15.816
41.6,-0.0025583,0.014098,0.0053669,-0.99984,-0.00090738,-0.006613,-0.0037976,0.96977,-3.8996,1.237,-30.966,1.3391,17.741,0.31485,-18.597,-0.014712,-0.0033223,0.0035983,-1.0117,0.0063668,0.0093343,0.0033696,-1.4357,-6.6996,-0.080533,-30.855,0.62807,16.963,-0.13959,-17.27
41.7,0.0047271,0.0067138,-0.0032481,-1.0096,-0.0018842,0.0032408,0.005376,-1.9181,-5.5425,-1.2473,-31.459,2.0134,18.215,-0.10258,-17.128,-0.0070866,0.0094457,0.0069179,-1.0045,-0.0063398,-0.00013737,0.0080631,-1.1606,-3.6056,-1.8485,-29.78,0.13882,18.399,0.72903,-17.756
41.8,-0.014293,0.0056563,0.0070191,-1.0006,-0.0097909,-0.0046428,0.0017036,-0.15787,-4.4901,-2.6044,-28.991,0.42297,17.505,1.463,-17.839,-0.003939,-0.0053351,-0.0022724,-1.0165,-0.0033698,-0.0058534,-0.00036821,-1.7793,-5.6705,-0.33047,-30.177,2.3232,17.125,0.92866,-18.244
41.9,0.0029469,0.013762,0.0075451,-0.99744,-0.0021983,0.0050146,-0.0026384,-0.26115,-7.5076,1.1239,-30.868,-1.1288,17.696,-1.4996,-18.531,-0.0019053,-0.0015612,0.016224,-1.0075,-0.012747,0.0050385,0.0001755,-1.6744,-5.6255,1.3117,-31.535,-0.14165,18.41,-1.6676,-17.021
42,-0.0056471,-0.0011311,0.005281,-0.99749,0.0022931,0.0083946,0.0046385,2.5473,-3.1426,0.82919,-28.99,0.49991,18.185,-2.4628,-15.734,-0.0003253,0.0036869,-0.0026676,-1.0134,-0.013231,-0.0048336,0.0074131,-1.2238,-4.7493,0.086401,-30.884,-1.5141,19.317,-1.0805,-18.882
42.1,0.0071672,0.018282,-0.006169,-0.99702,-5.6612e-05,0.0081283,-0.0054853,1.9413,-3.3854,0.03286,-31.028,0.69208,18.033,-0.26893,-18.677,-0.0017003,-0.0041089,-0.020963,-1.0086,-0.0022586,0.0027733,-0.00053901,1.7763,-3.7265,0.081854,-30.664,2.1809,17.686,-0.04943,-16.92
42.2,-0.0039663,0.016941,0.0081135,-0.99136,-0.011009,-0.0030928,-0.0067685,1.6295,-4.5392,-1.1092,-31.083,-0.6627,17.917,1.0626,-17.805,0.0056159,-0.0022925,0.012316,-0.99544,0.0031904,0.0016329,0.0073161,0.32605,-4.5784,1.0778,-31.413,0.66183,16.905,0.012289,-17.672
42.3,0.015914,0.015551,0.023202,-0.99863,-0.0055376,0.00082876,-0.0049669,-1.9341,-4.1989,-0.31752,-31.396,-0.11736,16.898,1.8154,-17.668,-0.01331,0.01071,-0.019913,-1.0043,0.004047,0.00096605,-0.0012735,-1.5457,-3.5462,-2.1467,-29.641,-1.2169,18.618,-0.10664,-18.845
42.4,-0.0019323,-0.0032789,0.0054073,-1.0019,0.0021918,-0.0035199,-0.005981,0.68565,-3.26,0.51349,-29.7,-0.66921,19.101,-0.81377,-16.82,-0.0070953,0.019512,-0.0061217,-1.0178,-7.3597e-05,0.0019406,-0.0047333,-1.2172,-5.6229,-1.4919,-29.786,-1.22,18.502,0.0062905,-19.174
42.5,-0.013682,0.016946,-0.00059226,-1.0052,-0.011687,0.0066337,0.0030606,0.93405,-4.8879,1.7795,-32.207,-0.32438,17.876,1.3258,-18.372,-0.013238,-0.023726,0.0010481,-1.0192,-0.0065104,-0.0083474,0.008538,0.79754,-4.9881,0.60477,-30.958,-0.9584,17.233,-1.2445,-18.986
42.6,0.0013683,-0.01981,-0.008985,-0.9968,0.00052991,0.0057756,0.0021997,-0.39614,-5.6577,-1.4159,-31.154,-0.027925,17.615,0.75479,-18.201,0.0075047,0.00053415,0.0089567,-1.0136,-0.0021366,-0.011179,0.0092855,-0.48542,-3.9631,1.2497,-30.078,0.36688,18.852,0.52058,-17.659
42.7,-0.0067099,-0.0061303,0.0078725,-0.98021,-0.0052649,-0.0071961,-0.0030338,-2.1699,-4.3164,0.49948,-30.494,2.1106,18.874,-0.3171,-19.13,0.00044585,0.00037583,0.013116,-0.99773,0.00052121,0.0043147,-0.00047985,-0.61806,-6.7172,0.46338,-29.536,3.3023,18.522,1.5667,-16.648
42.8,0.0123,-0.0079402,-0.0034493,-1.0089,-0.0011172,0.0026336,0.0020169,1.3982,-6.1524,0.6342,-32.239,0.89025,19.134,0.53438,-18.22,-0.00076438,0.0086203,-0.0061524,-1.0005,-0.011647,0.0015308,-0.00084728,-0.85172,-4.7282,-0.99669,-29.753,1.2829,17.405,-0.71149,-17.237
42.9,-0.021684,0.0092171,0.0099493,-1.0034,0.0016136,0.00081098,0.0062902,1.0212,-4.4201,1.1568,-29.913,0.11208,19.653,-0.90582,-15.157,-0.0060482,0.0014273,-0.00048796,-1.0077,0.0037417,0.0011375,0.006382,0.073154,-4.8317,0.85354,-30.569,-1.1556,17.329,-0.88528,-17.093
43,-0.007863,0.012464,0.0051663,-1.0239,0.0024011,0.002693,-0.0012833,0.81689,-4.7115,0.19037,-30.451,-1.0034,17.705,-1.0887,-16.49,-0.012972,-0.0031704,0.0057881,-0.98436,-0.0034533,0.0071351,0.0099919,-0.32498,-3.7604,1.7034,-30.513,-0.85399,19.726,-0.052191,-17.764
43.1,-0.0010574,0.0024305,-0.0011179,-0.98331,-0.0060164,-0.0013872,0.00016416,1.8305,-4.4519,1.0256,-29.709,-2.2747,18.467,-0.64685,-16.379,0.010125,-0.019497,0.035992,-0.98513,0.005133,0.007004,-0.0027316,1.0269,-2.4179,0.52635,-30.804,0.20245,17.629,-0.27832,-17.222
43.2,0.0048116,-0.0038531,0.0067113,-1.0176,-0.010876,-0.0025408,-0.01022,-1.0335,-3.7398,-0.13558,-30.225,0.22434,18.009,0.17397,-17.772,0.0016631,-0.0093389,0.0075788,-1.0137,0.0078598,0.0061358,0.0065213,2.3001,-4.5308,0.1398,-29.947,1.3955,16.161,1.3177,-17.026
43.3,-0.008585,-0.00023632,-0.00012796,-0.98924,-0.0015715,0.0038595,-0.0020709,-0.013519,-6.1916,-2.8628,-31.124,0.63962,17.039,3.0315,-16.579,0.018572,0.011966,0.017465,-1.0038,-0.00969,0.0043147,-0.0060601,0.90519,-5.5268,-1.5871,-29.813,0.71268,16.37,0.70282,-15.588
43.4,-0.014878,0.00085358,0.020412,-0.98449,-0.0015357,0.0059728,0.0073809,2.051,-3.9272,-0.75358,-30.708,-2.948,17.456,-0.013973,-17.204,-0.014368,-0.0013586,-0.0030664,-1.0026,0.0050089,0.010899,-0.0018538,0.18,-6.4677,-0.23061,-31.018,1.6751,18.597,-0.62159,-16.66
43.5,-0.016502,0.0037277,-0.00033964,-0.9826,0.0015595,0.0048753,0.0049129,1.3172,-6.5576,0.25076,-31.163,-0.24237,18.995,-1.4116,-15.51,-0.0049008,-0.00037016,0.0097278,-1.01,-0.0030522,0.0087846,-0.0059536,-0.27419,-5.8421,0.031211,-31.164,-0.33822,16.928,-2.0219,-16.894
43.6,0.015071,-0.0019902,-0.013127,-0.98982,-0.00031295,-0.0050582,0.0060215,1.6812,-5.2084,0.76852,-29.387,-0.73462,17.941,-0.56728,-15.777,-0.00072306,-0.0019387,0.0066918,-0.98529,-0.0056246,0.0028,-0.002587,0.55208,-3.3085,-1.5471,-31.562,-0.23913,15.84,-1.0614,-19.163
43.7,-0.005479,0.0013349,0.0027928,-0.98316,-0.0036005,0.0048667,0.0025213,1.1608,-5.0064,0.17788,-31.519,1.1117,17.08,-0.32154,-18.511,-0.0097354,-0.0047025,-0.0015724,-1.013,-0.0019841,-0.0030323,-0.0020783,-0.55729,-4.2179,-2.0598,-30.521,1.2096,19.595,0.83224,-17.18
43.8,0.0080564,-0.0045395,0.0018345,-1.018,-0.0042011,-0.0021655,-0.0060467,-0.60738,-5.1385,-0.82993,-30.595,1.8761,15.836,2.1867,-18.112,0.0093326,-0.015557,-0.0044129,-0.99616,0.0020057,-0.00074932,0.0039291,0.11298,-4.7177,-0.94548,-30.935,0.85913,17.836,-0.80111,-16.953
43.9,0.012175,-0.0045993,0.0098711,-1.0052,0.0078533,0.0016006,0.0076905,0.18365,-4.49,0.87176,-30.417,0.72394,17.315,2.4213,-18.212,0.0050645,-0.016364,0.002424,-1.0143,0.0008619,0.00088555,-0.009814,0.70037,-4.5667,0.92621,-30.656,1.8342,18.456,0.29495,-14.656
44,-0.019056,-0.015388,0.0004166,-0.98146,-0.0067947,0.005108,0.0040534,0.53224,-5.6537,-0.69729,-31.128,-0.49908,15.686,-1.1195,-17.44,-0.0016495,-0.0079614,-0.012875,-1.0183,-0.0021543,0.006354,0.0015049,1.3999,-3.9999,-0.86367,-30.573,-0.28276,17.638,0.000324,-16.534
44.1,0.00064073,0.0050266,5.3169e-05,-1.0186,0.00064908,0.0022019,-0.0020456,0.31729,-3.6835,-1.0318,-31.286,-1.4099,15.73,-1.1501,-17.583,-0.016903,0.0010195,-0.0028232,-1.0123,-0.0050786,0.011918,-0.0080638,1.8478,-4.298,0.13567,-30.831,-1.1992,17.994,-1.0003,-16.374
44.2,0.020265,-0.0063878,-0.0019982,-1.0037,0.002368,0.00040304,0.0080241,0.52277,-3.8013,0.84709,-29.308,0.73552,17.342,1.3367,-18.627,0.0051884,0.017429,-0.024654,-0.98981,0.0015174,0.00084152,0.0049934,2.8979,-4.2153,-1.7605,-31.157,2.1995,17.158,0.012163,-17.252
44.3,-0.00048756,-0.0085032,-0.020372,-0.9879,0.0029291,0.0097779,0.0060216,-0.71887,-4.0341,-0.78103,-30.874,0.013951,16.857,0.96067,-14.758,-0.025993,0.005439,0.00078934,-0.99374,0.0008328,0.0074934,0.002766,0.63549,-5.8441,-0.69449,-30.895,0.90962,17.776,-0.39588,-18.686
44.4,-0.015311,0.01598,-0.017399,-1.0192,-0.0043536,-0.0011486,0.0022865,-3.3009,-3.7674,-2.049,-31.103,1.1915,17.731,1.5809,-16.333,0.0058593,-0.012604,0.0087001,-1.0018,0.0025196,-0.0085959,0.0016727,-0.23185,-3.7911,2.2627,-31.984,0.11744,19.399,0.51915,-14.559
44.5,-0.0032285,0.0067701,0.01379,-1.0024,-0.003361,-0.00010824,-0.012955,0.64807,-6.0061,0.81659,-29.405,-1.027,16.255,0.73147,-19.96,0.011195,-0.006637,-0.004186,-1.002,-0.0054821,0.0051468,0.0028213,2.2479,-4.2288,-1.8924,-31.675,-0.084813,17.489,-0.65726,-17.251
44.6,0.0017697,0.0039958,-0.0041776,-0.99954,-0.0015796,-0.01024,0.0020727,0.92552,-3.7469,-0.96305,-30.739,-0.33914,18.179,-2.4772,-15.177,-0.0036174,0.010765,-0.0034735,-1.0136,-0.0020371,-0.00030082,-0.003323,1.403,-4.5532,-0.89873,-29.642,0.17308,17.582,-0.018221,-16.384
44.7,-0.023427,-0.015284,0.0062991,-0.98761,-0.0040378,0.0013622,0.0067235,-0.30261,-5.8151,0.090955,-31.079,0.28723,17.018,0.0071177,-18.209,-0.0057162,0.012919,-0.0062217,-0.99013,0.00075848,0.0047577,0.0048586,1.247,-4.9557,0.038505,-29.303,-0.79116,17.071,-1.7186,-17.669
44.8,0.016869,-0.0080174,0.0027893,-1.0053,-0.0017539,0.0057766,0.017866,-0.94652,-5.1465,-0.42775,-29.164,-0.010092,18.62,0.73055,-15.757,-0.0021939,0.0067266,0.013077,-1.0024,-0.0077332,0.014991,-0.0065559,-0.18961,-6.4203,-2.7949,-29.81,0.45299,17.695,1.272,-16.389
44.9,0.010918,0.0080857,0.00062127,-1.0025,-0.00045302,0.0034818,0.0080584,0.28516,-4.4854,-0.12202,-31.139,0.59201,17.273,-0.66526,-16.078,0.011303,-0.012567,0.0047879,-1.0123,0.005365,0.0023296,0.00092496,-0.82021,-4.3801,-1.2593,-32.03,1.4852,19.797,-0.079271,-16.465
45,-0.0024371,-0.017925,-0.010482,-1.014,0.0040081,0.0075379,0.0072492,-0.36306,-4.6454,-1.4975,-30.505,0.40441,18.294,0.30968,-17.519,-0.015359,-0.0045633,-0.0039376,-1.005,0.0019427,-0.0055327,-0.0045023,0.83417,-4.1453,0.97564,-30.123,1.2659,16.675,-1.6463,-16.849
45.1,-0.0056249,0.0013191,-0.011401,-1.0091,0.0091019,-0.0022411,-0.0086596,-1.0348,-4.4039,2.3518,-31.368,-0.041054,17.6,0.68212,-17.69,-0.015497,0.001708,0.011998,-1.0067,0.0071378,0.0015018,0.0023717,1.168,-5.3857,-0.17824,-31.191,-1.4295,17.456,0.15046,-17.986
45.2,-0.013931,0.015129,0.0058187,-1.0128,-0.0007279,-0.0022415,-0.0051943,-1.5879,-3.5853,-0.2859,-30.491,1.4743,16.934,-0.1731,-17.822,-0.0062941,-0.0050216,0.005007,-0.98621,0.0067227,0.0034907,0.00025833,-0.010656,-2.1496,1.0373,-30.523,1.6518,16.239,1.1347,-15.7
45.3,0.0051878,0.00091051,0.0098623,-0.98762,0.0027843,0.0080402,-0.0042568,-1.4574,-2.8977,-0.47237,-30.606,0.061202,19.547,0.39481,-16.035,0.0073216,0.0012584,0.0011143,-1.0091,-0.0073053,-0.0042981,0.00011386,-0.93828,-4.3221,-0.6988,-28.712,0.59604,16.074,0.88685,-17.893
45.4,0.0087305,-0.0069818,-0.010254,-0.99724,0.0058416,-0.00094239,-0.0073648,-0.48383,-4.6044,-1.8253,-30.242,-0.30589,17.526,0.86092,-18.653,0.014903,0.0058177,-0.0064654,-1.0315,0.004293,0.004229,0.0053073,-1.0895,-4.275,-1.5058,-31.794,-0.6345,20.077,-2.1946,-18.125
45.5,0.00915,0.0064438,0.01628,-1.013,-0.0057199,-0.0045993,0.00052095,0.14663,-5.4712,-1.1994,-31.543,-0.42116,19.155,-1.2383,-16.835,-0.010646,0.0055164,-0.0073131,-0.99825,-0.0020684,-0.0032868,-0.00052762,1.9952,-4.3203,-0.69849,-30.851,-0.86685,18.633,-1.9548,-16.14
45.6,0.0013811,0.0098801,-0.008591,-1.0063,-0.0085757,0.0033283,0.0031802,0.94393,-4.3745,-0.88862,-31.91,1.6288,19.043,1.2293,-19.119,0.0099406,-0.007177,-0.0037756,-1.0038,-0.00096303,0.0022589,0.0045499,-1.4552,-5.2233,0.076573,-30.422,2.0449,19.838,-0.41535,-19.277
45.7,-0.0017777,-0.00093877,0.013154,-0.99775,0.0050579,-0.0016042,0.0014635,0.92113,-4.4274,-0.30031,-30.852,0.48705,17.624,0.51804,-14.894,-0.0019315,-0.010251,0.0080006,-0.98349,0.0011844,-0.0023769,-0.010303,0.69807,-6.471,0.75354,-31.45,1.7218,18.74,0.030918,-15.833
45.8,-0.0015866,0.0061207,-0.003521,-1.0001,-0.00056207,-0.0071432,-0.0047833,0.10072,-3.5017,-0.94337,-31.911,-0.014146,17.208,0.78842,-16.721,-0.0089733,-0.0026335,-0.002495,-0.99057,-0.002467,0.004762,-0.0069178,-1.9451,-3.4563,0.57677,-31.999,-0.33116,18.14,0.7753,-14.336
45.9,0.0022717,0.014205,0.0087983,-1.0046,0.00071506,-0.004442,-0.011063,0.73593,-4.5911,1.145,-30.581,0.40752,18.929,-0.53536,-14.118,-0.0087062,0.010116,-0.0026102,-1.0056,0.00031842,-0.0013522,-0.0039105,0.54948,-5.5119,0.09556,-30.738,-1.0596,18.208,-0.38356,-16.237
46,0.0014585,0.00089391,-0.0051178,-1.006,0.00070157,-0.0051997,0.0095216,-0.85482,-4.6761,-1.9613,-29.627,-1.5593,17.099,-1.2856,-16.282,0.0084314,0.01424,0.014749,-1.0067,-0.0044752,-0.0027527,0.0060558,0.40964,-3.6713,-0.5796,-29.741,-1.4304,17.377,-0.13049,-17.835
46.1,0.0080392,-0.011266,-0.014425,-0.99863,-0.0063651,-0.0045309,-0.0011126,-1.5058,-4.3378,-1.1242,-32.065,-0.33695,18.88,1.7872,-15.958,0.0023509,0.0051707,-0.0020397,-0.9909,-0.0050576,-0.0030001,0.0028131,0.50569,-4.6682,-0.73243,-30.687,-0.51179,17.119,-0.64076,-17.792
46.2,-0.0037966,0.010834,-0.011011,-0.9938,-0.0093277,-0.0040927,-0.0031535,1.2944,-5.1179,-0.5338,-32.269,0.55361,17.861,1.2863,-17.731,-0.0049946,0.000425,0.0059714,-0.99736,0.0019041,0.0049522,-0.011029,-0.35429,-4.1693,-1.0638,-32.012,-0.14714,18.544,3.0282,-16.102
46.3,0.020192,0.0033548,-0.00071914,-0.98473,-0.00045316,-0.0095118,0.00068343,1.3111,-3.0099,0.71019,-31.594,0.93613,18.827,-0.057988,-14.853,-0.0017744,-0.0066993,0.004908,-0.9929,-0.0037289,0.0033748,-0.0068658,1.1701,-6.0525,0.86078,-30.513,0.65059,18.63,-1.6813,-16.72
46.4,-0.0020697,0.0077582,0.010135,-0.98597,-0.0032092,-0.0081601,0.0056836,0.47422,-4.0259,-1.084,-31.97,-0.80311,16.905,-1.7433,-16.455,-0.0084183,-0.01147,0.01852,-1.018,0.0024497,-0.0068047,-0.0030143,1.3131,-4.7636,0.3968,-30.101,-0.73865,17.79,-0.57809,-15.668
46.5,-0.024116,0.0059566,-0.0036881,-0.99486,0.0014113,0.0067289,-0.0017889,1.9287,-2.2342,1.0765,-31.828,-2.1158,18.193,-0.97086,-16.984,0.010035,-0.011183,-0.017855,-1.0048,-0.0085939,0.0051255,-0.0036099,2.3159,-3.6784,-0.9981,-29.174,0.1467,17.5,-1.3651,-16.911
46.6,-0.0050347,-0.0008019,0.017941,-1.0241,-0.0052197,-0.0026377,-9.1763e-05,-1.399,-4.1901,-0.2494,-30.051,0.65877,16.218,-0.36496,-17.069,-0.0030212,0.034063,-0.0062096,-1.0095,0.0063531,-0.00048482,-0.002288,-2.7337,-6.3347,-0.22094,-31.371,-0.030895,17.745,-0.0023766,-16.809
46.7,0.006869,0.0024411,-0.010357,-1.0087,-0.0093828,0.0071368,0.00086783,0.26298,-4.1701,-0.48027,-31.256,-0.37984,17.55,0.91361,-16.417,0.0021117,-0.01638,0.0051089,-0.98489,-0.0029043,-0.0044009,-0.0057981,-1.747,-5.0541,-1.6006,-32.697,0.37373,16.316,-1.3887,-16.958
46.8,0.0089007,0.0056914,-0.0023261,-1.008,0.0024147,0.0021554,-0.0044663,-1.168,-3.6199,0.22713,-31.258,0.027659,18.12,-0.80704,-17.435,-0.0041471,0.0024676,0.0075788,-0.99323,0.0033239,0.0012155,-0.00043916,-3.5443,-4.3845,-0.5401,-32.222,0.54234,17.654,2.244,-16.226
46.9,0.0086001,-0.016869,-0.0045164,-0.98998,-0.0028331,-0.0038576,-0.0017365,-0.42113,-5.1791,1.0313,-30.262,0.15276,18.05,-0.9616,-15.631,-0.0090288,0.003011,0.00066812,-1.006,0.0013445,0.01219,-0.0085607,1.4978,-4.8499,-1.5634,-32.649,-1.98,17.575,0.20693,-17.978
47,-0.0068455,0.016036,-0.00032937,-0.99445,-0.0011714,-0.0033536,-0.0032734,-0.61712,-5.61,-0.17294,-30.593,-1.1504,17.401,-1.5331,-15.292,0.00010856,0.011817,-0.0064828,-1.0197,0.0015804,-0.0004037,-0.001978,-0.24867,-2.7875,1.1531,-30.221,-0.40614,17.24,-1.7557,-15.232
47.1,-0.013867,-0.0013424,0.015788,-1.0092,-5.3059e-05,-0.0025436,-0.0011067,1.3014,-3.4066,1.9067,-30.886,-0.31472,17.019,-2.3418,-14.936,0.019523,0.0046513,0.0020051,-1.0089,-0.0074429,0.0012107,-0.0032701,0.8985,-3.4777,0.40894,-30.566,-1.9431,17.127,-1.8939,-17.195
47.2,-0.0019162,-0.010381,0.0030201,-1.0027,-0.0084734,-0.0053931,0.00020794,-0.46929,-5.1712,-0.93866,-31.106,1.6998,17.619,0.90089,-15.893,-0.002611,-0.0032617,-0.0020414,-1.0093,0.01271,-0.0046044,-0.00020738,0.15357,-3.0666,0.15649,-30.75,0.80906,17.068,-0.59291,-14.966
47.3,0.0054713,0.030382,-0.014973,-0.99869,-0.0048569,-0.0040711,0.0050185,-1.7211,-4.527,-0.077939,-29.98,-0.73764,17.323,0.34825,-17.943,0.0066649,-0.0087145,-0.013808,-1.0079,-0.0048685,-0.0011358,-0.0073202,0.59787,-5.1111,-2.724,-29.262,-0.69558,18.779,0.39989,-15.517
47.4,-0.016117,0.010952,0.011542,-0.99646,0.0010274,0.0091208,0.00069248,-0.31489,-4.4662,-1.4465,-31.613,1.0403,18.077,0.74436,-16.08,0.0078761,0.0061881,0.010781,-0.99426,0.0054592,-0.0062286,0.0069677,0.039487,-6.6754,0.553,-31.04,-0.56433,16.51,-1.4249,-16.018
47.5,0.010751,-0.0024768,-0.01001,-1.0216,0.003414,0.005309,0.0021095,1.2365,-4.6847,0.48303,-30.53,1.5967,15.242,0.46194,-16.796,-0.0010665,-0.0033043,-0.0058185,-0.97959,0.0041835,0.0013706,0.0034412,-0.11819,-6.7579,1.7321,-32.56,-0.75854,18.459,-2.1265,-15.557
47.6,0.016884,-0.0030034,-0.0061244,-1.0118,-0.0025937,0.00046557,-0.0037075,0.9213,-4.7381,2.1117,-32.057,-2.504,17.291,0.52296,-15.251,0.0069791,0.0050935,0.0031992,-0.98058,-0.0026472,-0.0031686,0.0031253,-0.19802,-6.4023,2.3462,-30.097,0.12534,16.477,-0.32814,-17.464
47.7,0.0058773,0.0029666,-0.011633,-0.99922,-0.0061082,-0.0036168,0.00060391,-0.88434,-5.2737,-3.0396,-31.023,-0.53317,16.424,-1.0413,-17.245,-0.011413,0.014055,0.0022102,-1.0076,0.0021261,0.0044285,-0.0067744,0.08998,-2.4593,-1.4299,-31.677,0.55736,18.866,-0.85386,-18.658
47.8,0.0080589,0.015956,0.011186,-0.98862,0.0014829,0.007383,0.0017667,0.87786,-4.4827,-1.9222,-33.07,0.81397,17.709,1.1955,-16.138,0.010905,-0.01038,0.002815,-1.0001,0.0018417,0.0032549,0.0019689,0.55118,-3.9092,-1.7216,-33.085,2.1803,17.31,-1.2259,-14.999
47.9,0.0077489,-0.0058881,-0.0027447,-1.0062,-0.0039545,0.0016924,-0.006294,1.4048,-3.8712,-1.5083,-31.116,-0.10459,18.328,-1.9801,-17.274,0.0071001,0.0062789,0.0085374,-1.0162,-0.0030666,0.0063929,0.0071469,-0.45893,-5.0923,0.1089,-31.277,1.0329,18.332,-0.41748,-17.88
48,-0.016036,-0.0079237,0.018796,-0.99467,0.0050655,-0.0031898,-0.00272,2.6188,-5.488,1.2579,-31.73,-0.138,17.092,-1.7917,-16.831,0.023912,-0.010373,0.0020211,-1.0194,-0.0063018,-0.010677,-0.0080731,-0.35609,-3.2536,2.187,-32.128,-2.1858,17.372,-0.8153,-18.281
48.1,0.011499,-0.0055741,-0.0052619,-1.0079,0.006197,0.004189,-0.010539,0.085516,-6.4132,0.29585,-30.937,2.2182,17.667,-0.093935,-19.378,-0.011244,0.0092028,-0.0099431,-0.99963,-0.0032371,-0.0007076,-0.0057444,-0.18494,-3.1354,-0.18047,-30.419,2.4007,15.741,0.79331,-17.42
48.2,0.011818,-0.0091684,0.0029879,-1.0026,0.0057467,-0.00062979,0.00010274,-0.86276,-4.8003,-2.1579,-32.567,1.3977,16.405,2.0396,-16.683,0.017247,0.0071316,0.0025123,-0.99529,-0.0056445,0.011259,0.0020028,-0.33741,-4.6334,0.76049,-31.637,0.43339,16.571,-1.2365,-16.996
48.3,0.028599,0.002937,0.0048732,-1.0136,0.0049003,0.0012571,0.0042093,1.5566,-3.8693,-0.19122,-32.376,0.56584,17.756,-0.66855,-17.007,-0.011278,0.0061591,0.0026073,-0.98759,0.0040073,0.0014796,-0.0076003,1.4612,-3.91,-1.87,-31.253,-0.34212,18.728,-1.2166,-14.689
48.4,-0.011811,0.0053436,0.0057286,-0.98089,0.0019368,0.005844,0.0078441,-1.5759,-5.1203,0.29654,-30.435,-2.4921,16.458,-0.88014,-15.902,0.012655,-0.0057324,-0.0024077,-1.0085,0.0011702,0.0011649,0.0047031,1.5901,-5.046,-0.061058,-31.816,-0.85228,17.805,1.155,-18.414
48.5,0.0059827,-0.0090449,0.011182,-0.99757,0.0050289,0.0064098,-0.0015269,-0.80084,-3.7171,-2.2403,-31.067,-0.83131,17.805,-0.47921,-17.513,0.0058395,0.0031903,-0.0028646,-0.99639,0.0010187,-0.0094965,-0.0012445,0.92641,-4.7857,0.31578,-31.169,0.93615,16.68,0.28391,-17.166
48.6,-0.010089,-0.0049222,-0.015501,-1.0014,-0.009772,0.00082466,-0.0086232,-1.3902,-5.3243,-3.0199,-32.414,-1.4515,18.19,-0.82038,-18.291,0.0076278,-0.0021727,0.012337,-0.99475,-0.00084874,-0.002324,0.0037019,-1.0061,-4.3691,0.054474,-32.165,0.21675,18.801,-0.786,-18.555
48.7,-0.0084545,-0.0052954,-0.0048562,-1.0226,-0.00010797,0.0045509,-0.00015574,1.5422,-4.713,0.70278,-31.257,0.47225,17.083,-1.2833,-18.787,-0.0010119,0.013383,0.0059782,-0.99145,0.0025673,0.0079157,0.0086039,0.0010383,-4.2779,1.1173,-32.842,-0.19672,18.388,-0.1829,-17.286
48.8,-0.0080237,0.0083399,-0.0022372,-1.0088,0.0048799,0.0042196,0.0026266,-0.30391,-3.5862,-0.71924,-33.042,1.29,20.986,-0.59408,-18.628,0.011223,-0.002831,-0.0048521,-0.99954,-0.0068722,0.00065374,0.00083575,0.798,-4.8982,2.4348,-32.843,0.15703,18.337,0.3926,-17.267
48.9,-0.00048173,0.006804,0.023166,-0.99103,-0.0011663,-0.0066979,0.0011582,1.5949,-4.3383,2.3672,-32.151,-2.1244,17.924,-1.0146,-16.938,-0.0091389,0.00097166,-0.00091699,-0.99633,-0.0071616,0.0012807,-1.7996e-05,1.4779,-5.7871,-0.94009,-33.761,0.83183,17.352,-1.3692,-18.339
49,-0.010683,-0.0025796,-0.014356,-1.0092,-0.008072,0.002679,0.0030584,-1.5899,-3.4783,0.12034,-31.889,0.18299,17.144,-0.63013,-17.521,-0.0020957,-0.013244,0.015216,-0.98915,-0.00039776,0.0015753,-0.00069032,-1.0728,-2.8526,-0.53254,-31.395,-0.51692,16.748,-0.37398,-17.899
49.1,0.01468,-0.00064268,-0.0066638,-1.0247,0.0032899,0.0031,-0.0037862,-0.40161,-3.294,-1.5682,-31.726,0.80967,17.355,-0.65378,-16.616,-0.0029575,-0.0017486,-0.00089043,-1.0114,-0.0076033,0.0024837,0.0018346,-0.015991,-4.2327,0.96731,-33.4,-1.0823,19.571,-0.98619,-15.944
49.2,-0.010238,0.0031172,0.0018987,-1.0106,0.005894,-0.0035331,0.0049498,-0.31372,-3.6966,0.11484,-32.41,0.15957,20.03,-0.39157,-15.535,0.0002583,0.017366,-0.00031349,-1.0063,0.0002786,0.0054737,0.0018343,-0.96167,-4.6336,-1.0459,-30.501,1.2421,19.723,-0.40728,-16.514
49.3,0.00030553,0.0080923,0.0034208,-1.0043,0.00034987,0.0076208,0.0010372,-0.24515,-4.8626,-0.61147,-32.03,-0.69739,17.337,-0.17156,-16.558,0.022524,-0.011212,0.019679,-0.99634,0.00088269,-0.0012441,0.0039536,1.2031,-3.9358,-0.010976,-31.203,-1.3044,18.583,-0.4908,-17.1
49.4,-0.013697,0.010176,0.0013479,-0.99815,0.010099,0.0020758,-0.0060883,2.1241,-3.5767,0.65386,-31.259,-0.7049,18.511,-0.24734,-17.563,0.0085546,-0.0035349,0.0058151,-0.99726,-0.00068857,0.0067259,0.0045496,1.1493,-4.2697,0.42482,-32.242,-1.8771,17.817,-1.6636,-15.78
49.5,0.016462,0.00214,-0.011478,-0.99659,0.00066183,0.0054271,-0.0053723,0.23954,-3.909,-0.25744,-31.978,1.5189,17.247,-0.9869,-18.181,0.004667,0.0092039,0.00099622,-1.0187,-0.00070457,0.0095671,0.0020134,-1.5821,-3.8229,1.6711,-33.469,-0.62572,15.696,-0.56451,-14.9
49.6,0.0053146,0.0027086,-0.0055546,-0.97466,-0.010938,-0.003808,-0.00028922,0.42386,-6.0289,-0.43642,-31.925,0.95191,16.965,1.0058,-17.277,-0.0035733,-0.021022,-0.0089561,-0.99172,-0.0041289,0.0057512,0.00072205,-0.1041,-6.0939,1.8914,-31.778,-1.3104,17.489,1.1788,-18.189
49.7,-0.0065883,-0.0078486,0.009484,-0.99946,-0.00091752,-0.0017665,-0.0005021,-0.15367,-4.8553,-1.4192,-32.371,1.6888,17.525,-0.67488,-19.482,0.010117,0.0044107,-0.0029889,-1.0157,0.0035063,-0.0085441,-0.0017582,-0.77388,-5.4289,0.21619,-32.216,-1.178,16.785,0.1884,-15.272
49.8,-0.0089744,0.0026387,0.0049959,-0.9981,0.0040749,-0.0073166,0.0064304,-0.36403,-4.122,0.22544,-32.235,0.68689,19.208,-0.58218,-15.935,0.00096096,0.01067,-0.00025126,-1.0187,0.0033605,0.0024635,0.00023485,-1.733,-3.7925,-0.47389,-31.025,-0.71936,19.338,-0.76439,-16.872
49.9,-0.0038331,0.012709,0.014142,-0.98791,-0.0010106,-0.0052546,-0.00089945,1.7711,-3.6486,0.2536,-31.208,-0.98474,18.62,-1.4013,-17.406,0.00089305,0.0021925,-0.0018778,-0.99047,0.00089689,-0.00025898,0.0026409,1.1002,-3.6227,1.5051,-31.813,-0.15167,19.119,0.028027,-18.235
50,0.012776,3.4491e-05,-0.011011,-0.98747,0.0024665,-0.0044111,-0.0010649,0.2393,-3.5961,-0.68519,-31.181,-0.0081655,17.644,1.3473,-16.641,-0.00065511,-0.0043154,0.003102,-1.0028,-0.0008515,-0.0081982,-0.0004735,0.038742,-5.8986,-0.9861,-31.889,-1.8871,18.886,-0.18858,-16.754
50.1,0.0055,0.00099511,-0.0026764,-1.0129,0.0092674,0.0006912,0.0037767,-0.71773,-2.9992,-0.89346,-31.563,-0.64558,17.444,0.94881,-16.923,0.0077422,0.001667,0.021912,-0.98686,-0.0018245,-0.0010641,0.0083382,-0.49341,-4.3076,-1.5086,-31.686,0.50263,18.732,0.47888,-16.699
50.2,0.011984,-0.00088978,0.0055608,-0.97801,0.0055367,-0.0090624,0.00055684,0.70222,-5.4919,-0.82477,-32.462,0.69815,18.414,-1.2772,-16.381,-0.0073076,-0.0054035,0.0070841,-0.99497,-0.0038783,0.0052053,-0.0012493,-0.027761,-5.0436,-1.065,-32.226,-0.053578,17.227,2.5428,-16.701
50.3,0.0059101,-0.014815,0.0038597,-1.0089,-0.00059382,-0.00042038,0.00056344,0.49693,-3.6459,1.2711,-33.029,1.9503,18.776,-2.1561,-16.243,-0.0081823,0.0048196,0.0025023,-1.0067,-0.0046631,-0.0023461,-0.0012886,0.99401,-2.5689,0.25966,-30.772,0.49989,17.28,1.05,-17.492
50.4,0.0091612,-0.0088753,0.00071909,-0.99686,-0.0027558,-0.00069781,0.0057237,0.77174,-4.6282,-0.47946,-34.014,-2.021,18.066,-1.7443,-14.915,-0.00084245,0.01234,-0.01165,-1.0168,-0.0023331,-0.0013367,0.0025102,-0.72436,-3.8774,2.1631,-32.802,-2.2965,17.927,-1.1657,-13.625
50.5,0.013153,0.017508,0.014289,-0.98233,2.1e-05,-0.0027623,-0.0035594,0.70902,-3.8167,-1.5315,-31.98,0.2819,18.003,-0.55677,-17.591,-0.0038879,0.0075728,-0.036007,-1.007,0.0042555,-0.0078545,0.0038158,-1.2001,-3.1201,0.4116,-32.706,-2.5031,17.093,0.22834,-17.051
50.6,-0.014598,0.02071,-0.00074916,-1.0107,-0.0049936,0.0099631,0.0029443,-0.96107,-3.0287,0.28744,-33.996,0.2122,18.629,2.112,-16.681,-0.0062212,0.020206,0.010782,-1.0061,-0.0046693,-0.0033957,0.00077392,0.90524,-4.6089,-0.18191,-31.598,-0.83532,18.142,0.016739,-17.436
50.7,0.011926,-0.015355,-0.0051823,-0.99546,-0.0037697,0.010362,-0.0049395,0.73521,-3.0514,-0.47008,-33.555,0.21684,18.394,-1.9807,-15.339,-0.0024195,-0.004475,-0.0069188,-1.0078,-0.0035544,-0.0014708,0.0030069,-0.66372,-4.7987,-0.58081,-32.332,0.91392,19.635,1.8845,-15.972
50.8,-0.010627,-0.0021102,0.012171,-1.0064,0.0034167,0.0013609,0.00055665,1.347,-3.5433,-0.43644,-32.852,0.43142,19.921,-0.60327,-18.695,0.014022,0.0052297,0.0034045,-0.9833,-0.0002573,-0.0014241,-0.011106,1.6349,-4.8543,-0.2969,-34.052,2.5367,18.984,0.94519,-14.728
50.9,0.010029,0.0039008,-0.0033796,-0.98451,-0.0037879,0.0012718,-0.0016289,-0.065662,-4.0865,-0.28084,-34.866,-3.377,17.781,-0.48204,-16.558,0.0045473,-0.014198,-0.0075487,-0.98953,-0.0015991,0.0046111,0.0017607,0.61702,-3.9427,0.50936,-31.828,0.050203,17.387,0.01487,-16.589
51,-0.017038,0.017293,-0.00043492,-0.99137,0.0039278,0.0038928,0.0040985,0.84531,-4.0351,-0.72562,-33.618,0.10908,19.226,-1.8629,-16.55,-0.01172,-0.012409,0.0095855,-0.98118,0.0029494,-0.00029905,0.0068164,1.1198,-3.497,0.76658,-31.539,0.84874,18.118,0.17973,-15.972
51.1,0.0069569,0.017015,0.019446,-0.99158,-0.0053334,0.0016333,0.0068216,-1.044,-5.0333,0.10575,-34.252,-0.55825,17.558,0.64134,-17.215,-0.0027708,-0.00569,-0.0016242,-0.98972,-0.0083003,-0.0056649,0.0049545,0.70003,-2.8589,0.22062,-32.853,1.0369,17.497,0.074242,-16.052
51.2,0.00016213,-0.0011155,-0.0173,-1.0123,0.0065235,0.0074375,-0.0040507,0.49481,-4.3534,0.46115,-33.544,0.87028,19.593,-1.1477,-18.533,0.0051991,0.020548,0.005849,-0.99079,-0.00088086,0.0096034,0.0045965,0.9017,-2.9432,-0.46155,-32.414,-2.3729,16.847,1.685,-16.185
51.3,0.014615,-0.0046181,0.004787,-1.0018,0.0054982,-0.0013106,-0.00028306,0.17045,-5.903,0.78739,-35.148,1.6953,17.38,2.0577,-17.706,-0.0009826,-0.0070153,-0.0042844,-1.0206,0.0098975,0.0046347,0.00055656,-1.4576,-3.7195,-0.058167,-32.913,1.7771,18.383,0.53061,-15.82
51.4,0.014318,-2.3807e-05,-0.0027091,-0.99675,0.0070059,0.0016635,-0.00038448,0.033532,-5.0865,1.1009,-34.62,0.054535,18.334,-0.6029,-17.276,-0.0099769,-0.0057917,-0.00026511,-1.0068,0.0064802,0.0029858,-0.0025925,0.43345,-5.0361,2.1232,-33.557,-0.71684,18.797,-0.28158,-14.271
51.5,0.0024538,0.019631,0.0055396,-1.0069,-0.0066769,0.0033247,0.0039191,-1.0562,-3.8319,0.7888,-32.092,-3.0281,19.132,0.50358,-16.455,0.0046912,-0.0040298,0.0046294,-1.0018,0.013409,0.0034871,0.0028201,1.348,-4.035,1.2674,-33.122,-0.47678,18.11,0.17982,-14.27
51.6,0.011362,0.0076071,-0.0010503,-0.99927,-0.0040599,0.0013678,0.0015076,0.4777,-4.6012,-0.34682,-33.625,-1.4478,17.6,-1.171,-17.726,-0.0057643,-0.0078539,0.0083501,-0.99861,-0.0016131,-0.0030764,-0.0082406,1.5371,-1.2708,-0.26056,-31.524,-0.18976,17.022,-0.44762,-16.966
51.7,-0.0078464,-0.0019222,-0.0094382,-1.0114,0.0034446,-0.0057732,-0.0010709,-1.5148,-2.0604,-0.005014,-34.206,0.26683,18.619,1.5331,-17.204,0.0038869,-0.0090455,0.0090264,-0.99597,-0.0047803,0.011082,0.0084802,-0.32017,-4.0641,-0.37761,-34.337,0.27274,18.622,0.29154,-14.459
51.8,0.0070297,-0.0024557,0.0061068,-0.99127,0.0020976,-0.0075751,0.0054878,0.36477,-5.0828,-1.228,-32.905,0.28273,17.887,1.2804,-18.38,0.00036233,0.005718,-0.0084401,-1.0082,-0.0019314,-0.0039048,-0.0027364,-1.2995,-2.1247,0.59676,-32.518,0.45871,17.148,-0.77092,-17.59
51.9,0.0027061,0.0023093,0.0039243,-1.0072,0.0073359,-0.0020617,0.0041039,0.030562,-5.0662,0.047367,-34.301,2.3968,18.139,-0.15969,-17.705,0.0247,0.0042414,0.0040729,-0.99839,0.0010766,-0.0053015,-0.0082593,0.014775,-2.1686,-1.0818,-32.319,-0.041392,17.831,2.6697,-17.332
52,-0.019566,-0.0064154,-0.0031579,-0.99423,-0.0042163,0.0083038,-0.0041898,0.32485,-4.158,2.6333,-33.786,-0.69615,18.248,-1.0889,-17.28,-0.0087584,0.0077009,-0.0067919,-0.98963,-0.0052675,0.0095242,-0.015431,2.189,-4.8781,-1.2737,-32.57,0.033197,18.09,-1.5624,-16.267
52.1,0.0074752,-0.00095278,-0.0081728,-1.0141,0.0017872,0.00029196,0.0021269,-1.2404,-5.7303,0.65602,-35.86,-1.0387,18.064,-2.0721,-17.414,0.01294,-0.0054708,-0.0055388,-1.0109,0.0069702,-0.0057937,-0.0026329,-0.89705,-4.2646,1.3133,-34.094,0.11323,17.117,-0.58963,-16.562
52.2,0.023267,0.0077161,0.0032271,-1.0018,-0.010646,0.0011684,-0.008216,0.23816,-3.928,1.474,-34.099,0.47951,18.384,-1.6037,-16.282,-0.0024745,-0.0018075,0.011136,-1.0101,0.0004078,-0.002597,0.0020047,1.3871,-3.2253,1.5143,-31.712,0.2808,18.105,1.7097,-17.022
52.3,-0.0027582,0.0013569,-0.0018889,-0.99414,-0.00054092,0.0047987,0.0040669,-1.7805,-5.5813,-0.030387,-31.808,-0.13272,19.048,1.2078,-18.446,-0.0013946,-0.0045126,0.0091149,-1.0232,-0.0014584,0.0055427,0.0029932,-0.053491,-3.1919,-1.2486,-34.988,-0.13682,16.302,0.58357,-13.95
52.4,0.018651,0.00051389,0.0218,-1.0182,0.0019085,-0.0091632,-0.0010449,0.3939,-6.4709,-0.42525,-35.774,1.2948,19.117,1.5712,-16.729,-0.0020084,-0.0037045,-0.0057085,-0.99737,-0.0028837,0.0097142,0.000873,-1.2115,-3.1315,-0.67578,-33.898,-0.1531,18.735,0.91802,-17.613
52.5,0.0019119,0.0093123,-0.00052651,-1.006,-0.0039834,-0.0031098,-0.0011579,-0.56256,-3.5999,-0.048733,-33.843,-1.046,17.304,-2.5268,-16.134,0.022922,0.012503,-0.0088581,-1.001,0.0024443,0.0011484,0.0033869,1.3479,-4.012,-1.2432,-32.304,-0.32138,19.108,-0.067233,-17.158
52.6,-0.01489,-0.012371,-0.0019732,-0.99144,0.00053568,-0.0055582,0.0056186,2.2803,-4.9745,0.068371,-34.932,-0.31633,18.127,-1.8002,-17.051,0.0081911,-0.0050141,0.0054508,-1.0101,-0.0051658,0.011801,0.0017582,2.7202,-2.8521,0.99795,-33.213,-0.18373,17.073,-1.166,-14.888
52.7,-0.002792,0.010748,-0.022295,-0.99993,0.002802,0.0027976,0.0047969,-2.1298,-2.7417,1.1158,-33.703,-0.66344,18.03,0.12358,-16.369,0.005338,-0.0031361,0.018666,-0.97717,-0.0059468,-0.0012063,0.0092062,0.31231,-2.2663,0.61238,-32.945,2.6901,18.299,0.012885,-17.737
52.8,-0.0075674,0.0094291,-0.011519,-1.0114,0.010971,0.0017548,0.0041191,-2.915,-4.548,-0.72068,-31.542,0.43637,17.804,2.1726,-15.703,-0.0038085,0.0036243,-0.011697,-1.0004,0.0019841,0.012666,0.0087843,-1.3514,-3.4382,-1.6812,-34.28,-0.19131,17.322,-0.37543,-14.097
52.9,-0.0077065,0.015944,-0.0048175,-0.98475,0.0046494,0.0075978,-0.0024123,-0.29746,-4.6251,-1.6014,-34.611,0.5612,20.287,1.9632,-17.332,-0.010632,0.0097527,0.00078462,-1.0039,-0.0053889,0.0021797,0.005376,1.155,-4.3179,-0.22802,-33.092,0.28176,18.005,-1.4472,-15.434
53,0.0057552,0.0044185,-0.00057597,-0.99598,-0.00681,0.0019731,0.0034751,1.3181,-5.7461,2.7749,-33.686,0.64796,19.206,-0.51069,-15.869,-0.0036589,0.0080396,0.027369,-0.99824,0.00056768,-0.0050134,0.0065828,-0.52453,-3.8563,0.69961,-32.943,1.8505,17.91,-0.44047,-17.088
53.1,0.022289,-0.0064898,0.0043583,-1.0021,-0.0081637,-0.00059085,0.0036825,0.51866,-1.7887,1.4738,-33.016,1.2415,19.005,-0.97304,-17.72,0.0017104,0.017154,0.0044507,-0.99542,-0.0023835,-0.0070523,-0.0035737,1.7663,-3.5797,2.9507,-31.868,-0.14945,20.687,0.8769,-17.252
53.2,-0.012746,-0.0045826,-0.0077139,-1.0041,0.0060623,-0.0032125,-0.0043388,2.3932,-3.6044,-1.6072,-33.089,-0.21756,17.089,-1.001,-17.924,-0.011488,0.011786,-0.0013248,-1.0097,-0.00093228,-7.5162e-05,0.0060991,1.1318,-3.4397,0.87598,-32.335,0.33337,17.196,0.41577,-18.02
53.3,0.00062377,-0.010328,-0.012216,-0.98785,0.003168,0.00038487,0.0057297,0.80768,-5.2397,1.3184,-32.385,1.0046,17.422,-0.6703,-15.613,0.019972,-0.0033549,0.0039399,-0.99038,0.0045242,-0.0010196,-0.0030918,-2.003,-2.2491,-2.8163,-32.586,0.86821,18.511,0.45753,-15.385
53.4,-0.0010671,0.0056678,-0.0085001,-0.99953,-0.0044775,-0.0042373,0.0082924,-0.87194,-4.3048,-0.29787,-34.312,0.061544,19.309,-1.1552,-16.735,0.0075457,-0.01009,-0.0055995,-0.99787,0.0062251,0.0037865,0.001922,0.59198,-3.2619,-3.2501,-33.947,1.7613,19.37,-0.54712,-13.416
53.5,0.0089536,0.015907,-0.015696,-0.98374,0.0033647,-0.0059181,0.0055137,0.25611,-4.8021,-1.1789,-33.504,1.4255,17.126,-0.57328,-16.706,-0.001477,0.0143,0.014789,-0.9986,-0.0012863,0.0011663,-0.0053202,0.20047,-3.8934,-0.52625,-34.57,-1.2304,18.678,-2.19,-16.16
53.6,-0.0074683,-0.0012834,-0.0049099,-1.0022,-0.0084731,-0.0046744,-0.0054733,0.038774,-2.4921,0.027763,-35.205,-1.5817,17.697,1.2261,-17.24,-0.00050933,-0.0010019,-0.011513,-0.9941,-0.0010977,-0.0035287,0.0027982,-0.18458,-2.5332,0.69636,-34.959,1.313,16.586,-0.95644,-15.384
53.7,0.0012987,-0.011856,-0.0096832,-1.0136,-0.0047936,-0.0028536,0.0091139,1.3823,-3.2588,-0.52091,-33.685,-0.084831,17.817,-0.74698,-17.688,-0.0016298,0.014354,-0.024603,-1.0232,-0.0033912,-0.0066831,-0.0019788,-0.33807,-3.2856,-0.040824,-31.27,0.10062,16.923,0.17662,-17.38
53.8,0.0073383,-0.0019868,-0.0026713,-0.99816,-0.00047595,0.0057159,-9.6136e-05,-0.16119,-3.6028,-0.98047,-36.161,0.69857,17.874,0.67383,-18.248,0.0021843,-0.016482,0.00059884,-1.0013,-0.010864,-0.0045779,-0.003289,0.97029,-2.8316,0.35492,-32.745,1.8592,17.646,0.87805,-16.051
53.9,0.0037048,-0.0061581,0.0026353,-0.99447,-0.0039137,0.0022926,-0.00081618,-2.0702,-2.8039,0.37469,-31.758,0.019062,17.407,0.76481,-16.913,0.013058,0.011846,-0.008667,-0.9891,-0.014592,-0.0016103,-0.0015176,-0.21255,-4.7371,0.40547,-34.283,1.3689,18.951,0.55695,-17.294
54,-0.010842,-0.0038372,0.011635,-0.99166,-0.001873,0.013624,-0.0057374,0.60425,-4.5996,-0.83296,-34.322,1.3428,18.433,-2.2197,-16.972,0.002831,0.0025847,-0.011276,-0.99418,-0.0013697,0.0015334,0.00012567,-1.321,-4.0262,0.80079,-34.45,2.148,17.741,-2.1463,-15.886
54.1,0.00039049,0.0070162,-0.0016107,-1.0101,-0.0023636,0.0012265,-0.0076294,1.3851,-4.2281,-0.68119,-35.333,-1.2568,18.906,0.10708,-18.054,0.00014449,0.0057555,0.0017889,-1.0084,0.0092047,-0.0045371,-0.0011427,-0.093975,-4.9382,1.854,-33.422,-0.77577,18.475,-0.98159,-15.672
54.2,-0.0035071,-0.0020029,0.0030884,-0.99422,0.0061994,1.624e-05,0.0094979,-0.086034,-4.1414,1.0068,-33.895,1.0973,18.667,-0.3801,-17.022,-0.010939,0.026398,-0.0080451,-0.99461,0.002937,0.0011069,0.003692,-0.3784,-3.9254,1.4282,-34.141,-0.76712,18.347,-0.023184,-16.037
54.3,0.0078418,-0.016369,0.0048876,-1.0176,-0.0011277,-0.010576,-0.0030222,-0.85866,-4.7169,-0.2846,-36.022,1.5559,20.588,-0.91637,-15.109,0.015819,0.01698,0.017231,-0.99714,0.0006359,-0.0058259,0.0059559,0.39094,-2.9765,0.68266,-31.623,-0.48314,16.963,-0.69595,-16.983
54.4,-0.012465,0.001264,0.0079937,-0.98504,-0.0057025,-0.004028,-0.0035299,-0.66962,-3.2873,0.36038,-33.329,1.4707,18.197,0.10543,-15.644,0.011346,0.00013581,-0.0018677,-0.98562,-0.007124,0.0027621,0.0047821,0.59003,-6.3048,-1.9729,-33.18,0.037032,18.2,-2.3466,-16.514
54.5,-0.0037458,0.025657,0.0017769,-0.9934,0.0019491,0.00024902,-0.0042194,0.32149,-3.3272,0.65493,-33.527,-2.3189,18.462,-1.3449,-14.952,0.0042087,0.022247,0.0062688,-0.99702,0.0062591,-0.002441,-0.0010031,0.31611,-2.7495,-0.81983,-34.233,0.82825,17.034,0.47941,-15.131
54.6,0.0098111,0.0015626,0.0031123,-0.98797,0.0053202,-0.0030546,0.003701,-0.76714,-3.1874,1.7697,-33.519,-0.95232,16.692,-1.7705,-16.884,0.011573,-0.0049612,0.0095368,-1.0033,0.0023416,0.0051201,-0.0044071,-1.2102,-3.8674,1.0862,-32.094,-0.24821,18.353,-0.13509,-15.731
54.7,-0.0031481,0.011575,0.0090063,-1.0007,-0.003728,0.010429,0.0058404,-0.064088,-3.8952,-0.21354,-33.006,0.89012,17.977,1.843,-16.72,-0.0030843,-0.0078233,-0.012628,-0.99728,-0.008756,0.0032588,-0.0050958,-0.16553,-1.2942,0.75897,-33.753,1.8435,17.588,-1.6583,-14.697
54.8,0.019356,-0.0067596,0.006051,-0.98089,-0.0027997,0.0018011,0.0023072,-1.1797,-3.8161,-1.1266,-34.164,2.5263,18.728,2.7724,-15.68,0.0019277,0.0025631,-0.0072419,-0.98806,0.00040242,-0.0090617,-0.0014234,-0.28073,-3.1532,0.50133,-32.078,-0.15655,16.476,0.26304,-16.457
54.9,0.020041,-0.014865,0.0012314,-0.99522,0.0035174,0.0024671,-0.0026909,-1.6215,-3.4016,-2.5626,-34.91,1.4713,18.335,0.93462,-13.418,0.0003915,-0.0044342,-0.013442,-0.99284,0.00032644,0.00092809,0.0062368,-1.1405,-3.866,-1.3852,-32.308,1.2633,18.171,0.19384,-16.703
55,-0.01757,-0.012666,0.032512,-1.004,0.00010403,0.0023356,-0.0028969,0.44153,-4.6873,-1.0479,-34.312,-0.78525,18.379,1.2187,-16.709,-0.0076886,-0.0012717,0.0083856,-0.99784,-0.00072344,-0.008912,-0.018953,-0.38174,-1.6548,-2.1006,-33.581,1.8851,19.32,0.81049,-15.131
55.1,0.0013427,0.021147,-0.0059138,-0.99664,0.001834,-0.00087677,0.0018199,0.72627,-6.0195,0.26947,-32.47,-1.833,17.246,0.35413,-18.201,-0.0061446,-0.0046138,-0.0010115,-0.99821,-0.0010047,-0.0011414,-0.007491,-0.92808,-3.6015,-0.33706,-35.37,-1.1952,18.328,1.3935,-16.207
55.2,-0.015059,-0.0063451,-0.0040765,-1.0119,-0.004691,-0.0033173,0.0083885,0.66796,-2.9486,-0.20402,-33.872,0.21247,16.146,-1.085,-15.828,-0.002273,-0.0098444,-0.0025229,-1.0233,0.0030626,-0.0034307,-0.0064193,0.56669,-3.0451,-1.4684,-35.805,-1.1331,20.242,-1.974,-16.083
55.3,-0.0037623,-0.0091053,-0.0078636,-1.0159,0.0022406,-0.0041486,0.0034731,-0.75665,-3.3991,0.85409,-33.057,-0.36045,19.04,-1.3714,-14.476,0.012337,-0.007428,-0.0084939,-1.0201,-0.01216,-0.0061588,-0.0021607,1.7289,-4.3155,-0.26512,-34.69,-2.1354,16.324,-0.75403,-15.943
55.4,0.0035732,0.018191,0.00994,-1.0061,-0.0012378,0.00014108,-0.00085811,-1.2626,-4.3568,-0.93399,-34.028,0.7598,19.701,1.1076,-15.434,-0.0094362,-0.019105,-0.0055016,-0.98091,-0.0016655,-0.006562,-0.0062549,1.0145,-3.2741,0.94257,-31.747,-0.34329,16.335,-1.7431,-14.303
55.5,0.0030512,0.015498,-0.012413,-0.99818,0.0061171,0.0084733,-0.0012406,-1.5323,-4.6549,-0.53721,-34.824,0.10631,17.669,1.5909,-17.956,0.014717,0.010982,0.01903,-1.0013,-0.007017,-0.0069511,0.0017843,1.2799,-4.0203,-1.1885,-35.865,-1.2186,16.462,0.39534,-16.933
55.6,-0.0044453,0.0045639,-0.029931,-0.99616,-0.0007281,0.00075612,-0.0022265,-0.23908,-6.0937,-0.38074,-36.388,-0.033622,19.262,-0.0035998,-17.077,-0.018727,-0.002471,-0.0062315,-1.0211,-0.00023763,0.0043145,-0.0033398,-1.3243,-2.8893,-2.3612,-34.678,1.2422,18.169,0.26735,-17.033
55.7,0.008221,-0.013128,-0.0093688,-0.99744,-0.0066057,0.0014554,0.0079928,-0.65629,-3.461,-1.7905,-35.32,-1.8548,19.66,-0.76017,-17.112,0.0031003,-0.0074868,-0.0031572,-1.0196,0.002681,0.002828,0.0039094,0.53692,-4.418,-1.9794,-33.225,1.293,17.327,0.69164,-15.823
55.8,-2.4619e-05,0.002357,0.00064741,-1.0233,0.00023351,-0.00029216,0.011003,0.29365,-5.2639,-0.04418,-33.578,1.8511,17.832,-0.85657,-17.011,-0.0075858,-0.01764,-0.0068774,-1.0051,-0.0037851,-0.0072009,0.001362,0.6981,-4.9385,-1.3133,-32.884,-0.64774,19.253,-1.568,-15.747
55.9,-0.00015101,0.010899,-0.0041186,-1.0023,-0.00062047,-0.0043278,0.0030836,-1.1455,-4.9919,-0.81158,-33.001,-0.95064,18.694,-0.24282,-16.527,0.0032363,-0.0088699,-0.0014129,-1.0008,0.0013548,-0.0086857,0.0070468,1.6364,-3.2243,0.63536,-34.089,-0.34052,18.325,-0.32825,-16.528
56,-0.0025379,-0.0063832,0.0083088,-0.99732,-0.0075746,0.01513,-0.0061089,-1.6619,-1.7619,-1.0736,-34.185,0.3225,19.126,2.365,-15.087,-0.0092065,0.01353,-0.00019167,-1.006,-0.006619,0.0093672,0.0033005,0.5045,-2.6841,1.3219,-35.96,-0.73408,16.629,-0.15837,-14.596
56.1,-0.0056218,0.0039619,-0.006724,-0.98802,-0.0047062,-0.00087672,0.0011106,-0.99607,-3.1899,1.1004,-34.53,0.85917,18.247,1.7167,-17.594,0.0062668,-0.0093124,0.0051767,-1.0045,0.0070117,-0.0045289,-0.0037487,-0.36812,-1.9037,0.75641,-33.945,0.47073,17.622,3.4834,-17.119
56.2,-0.001112,-0.011607,-0.0013725,-1.01,0.0080937,0.0071912,-0.0019743,0.54828,-3.5297,-2.253,-36.914,-0.20176,17.867,-0.75036,-17.199,0.0051548,0.00078616,-0.018162,-1.0046,-0.00027675,-0.0023735,0.0045179,-0.11537,-3.617,-1.6421,-35.355,0.16052,19.409,0.57794,-16.89
56.3,-0.0023923,0.008063,0.0047368,-1.0116,-0.0029467,-0.0025411,-0.0011625,2.1904,-3.0534,0.94119,-33.828,-2.2344,16.605,-0.052822,-17.003,-0.0029899,0.0017551,0.011298,-0.99048,0.00089012,-0.00036103,-0.0033034,3.1859,-4.6498,-0.54573,-35.11,-0.071809,18.345,2.6901,-15.895
56.4,-0.0038236,-0.0077688,-0.0047068,-0.99156,-0.00044019,0.0038541,0.0086337,0.097717,-5.1612,-1.6119,-34.763,-0.75012,19.308,-0.1216,-16.384,-0.0075306,-0.0042418,-0.0022191,-1.0048,-0.0050097,-0.0015339,0.0031726,1.3508,-5.8046,0.67657,-34.282,-1.4706,17.438,-2.8442,-16.116
56.5,0.0098155,0.015574,0.0031574,-0.99674,-0.0013634,0.0040192,-0.0039611,-0.50767,-4.4713,-2.0026,-33.78,-0.051618,18.056,-0.38955,-15.857,-0.0073612,-0.011216,-0.0070747,-0.9978,-0.0069873,-0.0046297,-0.0051764,-1.1751,-2.6668,1.3106,-32.406,0.29762,18.897,-0.3141,-17.543
56.6,0.0089505,0.0014084,-0.0118,-1.0004,-0.0050192,-0.006729,-0.0019827,-0.87488,-3.3019,-1.2409,-35.082,0.55949,18.378,0.43632,-16.698,-0.011053,0.013259,-0.0063576,-1.0064,0.0048075,0.0039728,0.0051831,-1.3434,-5.6178,-0.12556,-35.039,1.649,18.011,2.2042,-17.001
56.7,0.013604,0.013813,-0.0033322,-0.99708,0.00059853,-0.0016763,0.0011789,1.1468,-2.4088,-1.2508,-33.952,2.5761,20.053,-0.42028,-16.32,-0.0086687,0.0021674,-0.0040466,-1.0069,0.0043223,0.0044272,-0.00098025,-0.5842,-3.9686,-1.0685,-35.774,2.2678,18.602,0.82491,-14.706
56.8,0.00059892,0.0072762,0.011635,-1.0037,-0.0011205,0.0047697,0.0018376,1.7625,-3.2347,-0.63432,-32.327,0.9251,18.406,-0.12772,-16.808,0.011537,-0.00026158,-0.00018266,-0.99755,-0.0025645,-0.011785,-0.0018527,3.4348,-3.8064,0.34182,-34.878,-0.88772,16.9,-0.76375,-16.403
56.9,0.015472,0.010471,0.0096926,-0.99581,-0.0010282,0.00512,0.0040769,0.12223,-5.289,0.97626,-34.176,-0.1286,17.703,-0.50778,-15.802,0.0086599,0.015168,0.00029991,-1.0178,-0.0069826,-0.0093253,0.0019898,-1.1959,-2.9921,-1.3346,-36.903,0.60959,18.48,0.098023,-15.159
57,0.029241,-0.0047233,-0.004659,-0.99003,0.0057866,-4.8165e-05,0.00020896,0.34933,-2.77,0.048953,-35.03,-1.2657,18.014,-0.71787,-16.353,-0.00091122,0.0046255,0.0058127,-0.99615,0.0015431,-0.0022698,-0.0015315,-1.5309,-2.6782,-0.86408,-33.662,-1.31,17.444,-0.32986,-17.528
57.1,0.0023193,-0.00088966,0.00093157,-0.994,-0.013136,0.0059358,-0.0043025,0.4216,-4.7038,-0.44231,-33.886,-0.90014,17.11,0.31672,-16.193,-0.0091853,0.012225,0.010249,-1.0062,-0.0032242,-0.0014469,-0.0012844,-1.3279,-4.2661,-2.2339,-35.534,1.0724,19.015,0.70065,-15.75
57.2,-0.005081,-0.0024068,0.010094,-0.9959,-0.0047168,0.0028497,-0.0097052,-1.6767,-0.9253,-1.5972,-34.579,1.2458,18.279,1.4365,-15.996,-0.0011257,0.0029533,0.012562,-1.0025,-0.00089471,0.0032096,-0.0021691,-0.82702,-5.1421,-1.6255,-36.467,0.0056686,19.48,-0.78818,-14.44
57.3,0.0020446,-0.0088374,-0.0007063,-1.0266,-0.010568,-0.00021287,0.0040262,-0.81773,-4.3341,0.53192,-35.72,1.3072,19.48,-0.65837,-15.332,-0.006874,-0.0044916,0.0001456,-0.9973,-0.0045311,-0.00098971,-0.010034,1.7627,-3.5767,-0.1004,-35.015,1.5016,17.597,-0.53906,-16.103
57.4,-0.0048444,-0.0015959,-0.015089,-0.9924,0.00026435,-0.0010135,-0.00022918,1.2539,-3.8819,1.0689,-33.397,-2.0804,17.643,1.0199,-16.52,0.026547,-0.00075741,-0.0070319,-1.0003,0.011254,-0.0017415,-0.01145,-0.72851,-4.9097,1.8368,-34.645,0.93787,18.999,-0.96412,-16.13
57.5,-0.0050131,0.013508,0.001465,-0.98719,-0.0026093,0.0051518,0.0020997,0.58258,-2.7885,-1.1361,-35.86,-0.45786,20.689,1.1241,-17.851,-0.0017321,-0.00037578,-0.003351,-0.99335,-0.0077798,-0.0083872,-0.0028051,-0.28908,-2.1455,-0.034667,-32.889,-0.17508,17.442,-0.64746,-15.844
57.6,0.0054113,0.022965,0.0057069,-1.0063,-0.0011295,-0.011158,0.00019403,1.7703,-2.4435,-1.0458,-35.247,-1.1053,19.016,0.16604,-16.844,0.00028538,0.010512,0.0014633,-1.005,0.0051956,0.00062498,0.0070897,-1.3513,-1.4772,-1.3772,-33.474,3.2456,18.689,-0.34002,-17.64
57.7,0.0067197,0.0011533,-0.010493,-0.99909,0.0048393,-0.00056103,0.0011705,-0.90688,-4.2475,-0.59933,-35.604,1.6749,21.011,-0.46086,-18.59,-0.0085701,0.00756,-0.0037052,-0.99052,0.0028387,-0.0077676,-0.0028511,-0.71651,-2.2109,-1.3807,-35.911,0.0078292,16.427,-0.4599,-16.492
57.8,-0.0073112,0.00041741,0.007809,-0.99918,0.002255,7.341e-05,0.0089838,0.71638,-3.012,-3.8928,-35.949,-0.12037,20.472,0.1096,-16.824,-0.0082703,0.00022324,-0.028974,-1.0122,0.0093066,0.0033243,-0.0045527,-0.12704,-3.8838,-0.48576,-34.26,-0.71261,19.615,-0.6683,-14.147
57.9,0.02688,0.020446,-0.0046138,-1.0041,-0.0028889,-0.0080838,0.0012046,1.5808,-4.2582,0.59192,-36.688,0.446,19.11,-0.6506,-18.428,-0.03176,0.0095918,0.011026,-1.0093,0.0012218,-0.0027243,0.0071262,-0.10252,-2.1954,0.61626,-33.727,-1.8083,20.022,0.63869,-15.5
58,0.011994,-0.0053344,0.0056517,-0.98344,0.0017977,0.0045555,0.0061893,0.67742,-2.0841,-0.087273,-33.716,-0.31405,20.001,-1.3849,-17.868,-0.005786,0.00086946,-0.0097908,-0.99855,-0.0037345,-0.0021984,-0.0014605,-1.5737,-1.8249,0.73396,-33.653,-0.96066,18.725,0.3164,-15.6
58.1,0.0099511,0.0025968,0.022365,-0.98532,-0.0046944,-0.010042,-0.0021138,0.96138,-2.1881,1.5094,-35.304,-0.071663,19.259,1.0598,-16.232,0.00018688,-0.007319,0.0083174,-0.9979,0.0064626,-0.00067776,0.0027196,-2.6641,-3.6365,-1.6201,-34.681,1.1801,18.352,-1.5101,-15.806
58.2,0.0083999,0.0028983,0.016378,-1.0181,0.0045453,0.0054711,-0.0014227,-0.26856,-4.6455,-1.0013,-34.166,0.00952,18.832,1.2207,-16.886,0.018561,-0.010673,0.0096421,-1.0029,-0.0040898,-0.0029854,-0.0028426,-0.033369,-3.6853,-2.1569,-36.253,0.1902,19.098,1.2311,-15.075
58.3,0.0089253,-0.005257,-0.012138,-0.99994,0.0080069,0.0072122,0.0017144,0.25715,-4.4033,-1.2508,-36.984,-0.10191,19.122,0.058208,-16.131,-0.007927,0.0043292,-0.001519,-1.01,-0.0066349,0.0010706,-0.003586,1.2119,-4.413,-0.020653,-34.966,-2.5198,17.991,-0.83199,-15.613
58.4,-0.0052031,-0.010874,0.00072976,-1.0027,0.0019506,0.0086808,0.0022808,-0.12871,-5.2945,-0.55587,-36.074,0.64201,19.051,0.85466,-16.795,-0.011683,0.0088398,-0.014539,-1.0008,-0.0080018,-0.0070958,0.0014316,2.0853,-1.5852,0.98406,-35.814,0.019731,17.774,-1.8628,-14.94
58.5,0.0042756,-0.0033044,0.016466,-0.99868,0.0014248,0.0028576,-0.0022421,1.4677,-3.8279,-0.47994,-35.318,-1.4999,18.063,-2.1075,-17.371,-0.0018488,0.0025532,-0.00454,-0.99456,-0.0047074,0.00043443,-0.00015515,-1.6683,-3.5579,-0.020149,-34.734,-0.90357,17.326,0.83244,-16.445
58.6,-0.00021292,0.013064,0.0061561,-1.0149,-0.0008373,0.00078817,0.0036786,2.3741,-4.57,0.56377,-37.993,0.069576,17.693,-0.7964,-16.771,0.0011337,0.0091768,-0.0020974,-0.99318,0.0034,0.0067887,0.0029371,-1.7011,-2.6989,-1.6383,-34.625,0.18306,16.423,-0.27569,-14.019
58.7,0.0011164,0.00016429,-0.0027259,-0.98802,0.0053877,-0.0080618,0.0006316,-0.013684,-1.9165,-2.8965,-35.062,-0.43079,20.016,0.78643,-18.777,0.019321,-0.021597,-0.012782,-0.99591,-0.0014954,0.0088977,-0.00068379,-0.27778,-4.2572,-0.26251,-34.528,1.7004,18.691,1.4371,-13.509
58.8,-0.018145,0.019138,0.015037,-0.97589,-0.00083882,-0.0074814,0.0016043,-0.65679,-2.6869,-0.23725,-36.512,-0.30934,18.678,1.4971,-17.873,-0.018814,-0.0098144,0.010439,-0.98147,-0.0019495,0.0014473,-0.0075238,-0.86299,-2.8666,1.2962,-35.419,1.4122,17.505,-1.0009,-13.194
58.9,0.0075781,-0.0047911,0.014432,-1.0042,0.0071185,0.0047285,-0.0024772,0.37106,-1.7597,-0.20703,-34.742,1.0473,19.427,-0.74493,-15.769,-0.0029865,0.00086913,-0.0076471,-1.0134,-0.00012792,0.0044568,0.0024947,0.042163,-2.6735,2.1098,-34.67,-1.92,17.607,-1.0962,-15.442
59,0.0099445,0.0034819,0.0089141,-0.97658,0.0035623,0.0024337,0.0038111,2.4999,-1.261,0.63187,-35.313,-1.6754,18.937,-0.48858,-15.293,0.0076671,0.0042669,0.0098751,-0.99689,-0.00096825,0.0028267,-0.0046346,-0.82494,-3.1372,-1.5135,-35.39,0.50159,16.063,-0.3116,-14.75
59.1,1.9595e-05,0.0041937,0.0043838,-1.0003,0.00151,0.0043482,-0.0064703,-0.14299,-1.6553,0.99588,-34.775,-1.2036,18.957,0.60852,-16.84,0.0047169,-0.014738,-0.010382,-1.0111,0.0045379,-0.0023128,-0.003306,-0.5179,-2.0295,0.42345,-35.168,0.037503,15.389,0.20563,-15.322
59.2,0.0057953,0.0069346,0.0095345,-0.99273,-0.0057082,0.001865,-0.0091507,-1.7913,-3.6069,-1.5189,-34.467,1.6548,16.485,1.0937,-18.132,0.010651,-0.023386,-0.022799,-1.0048,-0.00030996,0.00078148,-0.010112,-1.5714,-1.8451,-1.629,-33.965,1.5748,17.201,1.7223,-15.309
59.3,0.010161,0.0093978,-0.012631,-1.0051,-0.0015143,-0.0020979,-0.0035392,0.09518,-2.8972,-0.80205,-34.028,1.9731,21.026,0.14221,-15.495,-0.0098222,0.0025571,-0.031615,-1.0028,0.0014688,0.0053521,-0.0097965,0.28437,-2.7592,-1.0245,-34.37,-0.18381,18.276,0.033397,-14.958
59.4,0.0073902,-0.0051262,-0.010515,-0.99932,0.0051734,-0.00041097,-0.0026283,-1.3643,-3.4325,-0.2756,-35.197,-1.1646,19.669,0.092678,-15.574,0.0031589,0.0038746,0.0099985,-1.0189,0.0038522,-0.00014146,0.0049516,0.89705,-3.3182,0.78954,-35.055,0.26379,18.348,-1.0144,-13.632
59.5,0.0078258,0.0077683,0.021729,-1.0139,-0.0005158,0.00013907,0.0010965,-0.66429,-3.2241,-0.13309,-35.262,-1.1192,18.14,-1.9288,-17.897,0.00113,0.0019776,0.0046038,-0.9902,0.0064295,-0.011546,-0.0050284,0.56871,-2.1172,1.9629,-34.828,0.28635,17.421,2.4316,-15.94
59.6,0.00093529,0.0078233,0.019817,-1.0053,0.0050421,-0.00017841,-0.00021096,0.05251,-3.43,0.80819,-35.294,1.7249,19.483,-1.3789,-18.096,-0.0014296,0.0098327,-0.0074404,-0.9879,0.002068,-0.0023657,-0.0049966,-2.0601,-2.1991,-2.4429,-34.194,0.44664,17.113,-0.70365,-15.033
59.7,-0.0043811,-0.0030585,-0.0010532,-1.011,-0.0047635,-0.0052141,-0.00019422,-0.88045,-1.8846,-1.1591,-36.857,-0.67345,18.946,-0.83943,-17.576,0.0033881,-0.0075664,-0.0027405,-0.98536,-0.00042652,0.0034118,0.003266,-0.81107,-1.662,-1.2567,-35.93,-1.921,18.716,1.7917,-15.249
59.8,0.015309,-0.011746,-0.0072339,-1.0028,-0.0059633,-0.00443,2.99e-05,-1.1307,-0.6238,-0.35607,-35.943,0.97587,20.449,0.59817,-14.659,0.0096247,0.013528,0.016003,-1.0175,-0.0030981,-0.0025155,-0.0059787,1.967,-3.5339,0.24905,-36.1,-0.17805,15.898,0.36335,-13.44
59.9,-0.0058232,0.010224,-0.0073905,-1.0087,-0.0050915,0.004012,0.0017599,-1.1255,-4.8169,-0.31819,-35.741,-0.35297,19.427,0.77391,-17.535,0.0062962,-0.023192,-0.01418,-0.99915,0.0023149,-0.004827,0.0022471,-1.2018,-0.51042,0.38298,-36.179,-0.10754,18.725,-2.5976,-14.753
60,0.0043606,0.0022751,0.013234,-1.0021,-0.00011073,0.0057423,0.0034924,-0.69639,-3.64,0.71594,-35.622,0.019564,18.94,-0.28371,-17.939,-0.0016475,-0.0060542,0.019374,-1.0109,0.0014714,-0.0025862,0.001476,-0.10159,-0.83771,-1.3483,-33.866,-0.78949,16.488,1.6841,-17.496
