time,q1_healthy,q2_healthy,q3_healthy,q4_healthy,omega1_healthy,omega2_healthy,omega3_healthy,wheel1_i_healthy,wheel1_w_healthy,wheel2_i_healthy,wheel2_w_healthy,wheel3_i_healthy,wheel3_w_healthy,wheel4_i_healthy,wheel4_w_healthy,q1_faulty,q2_faulty,q3_faulty,q4_faulty,omega1_faulty,omega2_faulty,omega3_faulty,wheel1_i_faulty,wheel1_w_faulty,wheel2_i_faulty,wheel2_w_faulty,wheel3_i_faulty,wheel3_w_faulty,wheel4_i_faulty,wheel4_w_faulty,
0,0,0,0,0,0,0,0,0,0,0,0,0,0,0,0,0,0,0,0,0,0,0,0,0,0,0,0,0,0,0
0.1,-0.69193,-0.0035314,0.13178,-0.70045,-0.0059317,0.0023308,-0.00038483,-0.16797,-0.2246,1.6762,-1.6412,-0.97665,0.0028833,-2.2603,1.4754,-0.70004,-0.022641,0.13748,-0.71854,-0.005507,0.0072923,-0.001836,-0.57172,-0.26901,0.16933,0.22671,-1.0859,-0.021571,-2.7506,0.27481
0.2,-0.69577,-0.0039821,0.13129,-0.69974,-0.0023574,-0.0015845,-0.0019222,1.4133,1.2724,-0.61966,-2.337,-1.2815,-1.7059,-1.0595,-0.14791,-0.7016,0.0045953,0.11619,-0.69957,-0.0006406,-0.0015388,0.0024656,0.84584,1.1787,-0.21908,0.55976,-2.6276,-1.0114,-1.6313,-0.16644
0.3,-0.6986,0.010372,0.12139,-0.68928,-0.0019655,-0.0022276,-0.0032355,1.8755,-0.49999,-0.21413,-0.76085,-0.99331,-0.82938,-1.2613,0.030995,-0.7072,0.0085719,0.13608,-0.67979,0.00017183,0.0006168,-0.0015345,0.088868,-0.15696,0.40517,1.2744,0.67023,-0.24673,0.20724,-2.3107
0.4,-0.71553,0.0047448,0.12084,-0.68761,-0.0072456,-0.0020807,0.0032528,-0.65144,0.49921,1.0785,0.94309,-0.92299,-0.71465,-1.787,-0.57306,-0.71547,0.0072427,0.10693,-0.68587,0.00027225,0.0043419,0.0043053,0.85519,1.4245,-0.82272,-1.2638,-1.0804,-1.6057,-0.52405,-0.71189
0.5,-0.69583,0.0034989,0.11176,-0.69442,-0.0044288,-0.0061951,0.012948,-0.72009,2.0256,-1.3945,0.19299,-1.9765,0.2108,-0.44085,-1.9298,-0.70693,-0.00062084,0.12888,-0.68345,-0.01018,0.001211,0.0070723,0.96449,1.8042,-0.64475,0.19423,-1.6375,0.26879,-0.21936,-2.2753
0.6,-0.69862,-0.0043905,0.11447,-0.69163,-0.0076832,-0.0092877,0.0049821,2.0283,1.2295,1.8982,-0.13568,-2.2927,-0.72436,-0.33036,-2.0856,-0.71366,-0.0090437,0.11483,-0.68783,-0.011831,-0.0074133,0.0056118,-0.32094,1.0851,1.3147,0.64602,-0.11769,-1.8946,-1.3544,-2.2153
0.7,-0.72001,-0.014212,0.12177,-0.70112,-0.0066895,-0.0026369,0.0033382,1.2487,1.3796,-1.2434,-1.7585,-2.6691,-1.461,-1.9516,-1.4689,-0.70774,0.014095,0.10813,-0.69755,-0.012209,-0.0032803,0.0062504,0.6364,-0.025793,0.04584,0.50239,-1.0431,-2.1561,-2.3049,-0.92912
0.8,-0.69619,-0.0075507,0.11804,-0.70891,-0.014918,-0.011723,0.0089415,2.7845,2.0421,-0.57413,-0.17687,0.24638,-4.7513,-2.36,-1.9538,-0.68132,0.0049578,0.13288,-0.69104,-0.01455,-0.0074374,0.01133,0.63569,2.758,-0.55254,1.6884,-2.359,-1.7816,-0.37059,-1.5398
0.9,-0.69039,-0.00555,0.13887,-0.70931,-0.00885,-0.013255,0.0082626,1.1373,0.084502,-0.28009,0.34264,-1.1073,-5.1702,0.33161,-3.2145,-0.70761,-0.029716,0.12439,-0.69924,-0.016592,-0.0020129,0.012343,1.1782,1.7645,-0.53455,-2.2035,-1.5308,-2.4475,0.54116,-1.8627
1,-0.71463,0.0029112,0.11848,-0.70506,-0.019974,0.0016041,0.015243,-0.40841,2.4682,0.56292,1.8383,-0.92347,-0.6597,-0.69885,-4.4045,-0.70062,-0.0061759,0.13176,-0.68681,-0.0095394,-0.0048577,0.018915,1.0716,1.5336,-1.2135,-0.77453,-0.73244,-3.4794,-0.71255,-2.276
1.1,-0.70668,-0.0063732,0.14791,-0.69796,-0.0059446,-0.010363,0.011177,0.69356,3.8015,1.0224,-1.7438,-2.5143,-1.8467,-0.5901,-2.1374,-0.70379,0.0088826,0.11513,-0.69148,-0.014549,-0.0039693,0.017442,1.2926,2.2534,-2.1263,-0.62607,-1.5864,-4.5614,-0.78291,-4.7534
1.2,-0.71191,0.016065,0.12713,-0.69763,-0.026161,-0.012994,0.017095,1.0119,3.9279,-0.62332,-0.44546,-3.0273,-2.4561,-2.1107,-3.0231,-0.7022,-0.0060638,0.12779,-0.7074,-0.014109,-0.012301,0.021748,2.3629,2.3381,-0.55188,0.52018,0.26824,-4.7398,-1.2696,-4.6291
1.3,-0.70191,0.0082747,0.10245,-0.68975,-0.020455,-0.0028148,0.024947,-1.4733,3.4359,-0.13181,-1.4486,-0.48527,-2.2325,-1.5802,-4.292,-0.69247,0.0054803,0.11781,-0.69378,-0.017843,-0.0028819,0.020613,0.29069,2.7226,-0.83027,0.30632,-0.93485,-4.8355,-1.8152,-5.3438
1.4,-0.71588,-4.324e-05,0.10953,-0.70323,-0.021113,-0.011846,0.01935,-1.1683,2.5188,-1.3346,2.4145,-2.4727,-4.9023,0.19577,-4.2081,-0.71052,0.0049119,0.11714,-0.68728,-0.023201,-0.0057658,0.017894,1.2624,5.1734,1.8337,-2.2101,-2.8125,-7.8088,-1.2034,-3.517
1.5,-0.70044,0.0056187,0.12761,-0.69381,-0.020663,-0.012845,0.027816,2.2651,2.8111,1.1464,-0.34611,0.13851,-5.0542,-1.0655,-4.1177,-0.68695,-0.0014624,0.11942,-0.70356,-0.01672,-0.0027343,0.023849,-0.97965,4.5851,-0.81109,-0.73967,-1.3183,-4.6502,-3.4615,-4.7149
1.6,-0.70225,-0.0025536,0.12048,-0.70966,-0.024513,-0.011241,0.019388,-1.4254,3.188,-0.29341,1.314,-0.87993,-7.3332,-1.1808,-6.8427,-0.71592,0.0063456,0.11471,-0.70696,-0.025001,-0.0074182,0.018756,-0.87995,3.7611,-0.60238,-1.9552,-1.0317,-6.6383,-1.3706,-6.3327
1.7,-0.7089,0.021225,0.10606,-0.70029,-0.02556,-0.0066816,0.035803,1.2402,3.0329,-0.66439,-0.89038,-1.1244,-6.2383,-2.6293,-6.807,-0.69059,0.010446,0.11939,-0.69331,-0.028502,-0.013599,0.025296,0.08341,5.1388,-1.3446,-1.533,-0.51643,-4.5905,-1.6694,-4.9411
1.8,-0.6952,0.014482,0.11416,-0.70677,-0.02806,-0.0082178,0.034094,0.95033,5.1891,-1.1642,-1.8241,-1.6185,-3.7605,-2.2808,-7.2518,-0.69607,0.0020289,0.12181,-0.70092,-0.017633,-0.016047,0.029118,-0.17643,3.8194,0.4032,-1.5111,0.37596,-3.4206,-0.16149,-7.8235
1.9,-0.70368,0.0082671,0.11051,-0.70924,-0.034478,-0.012033,0.027661,0.50544,3.7633,-0.95456,-1.0971,-0.72182,-7.0845,0.16449,-7.048,-0.68547,0.0051744,0.13446,-0.72854,-0.021281,-0.010178,0.029982,2.3227,5.2319,-0.23588,0.53005,-2.9647,-6.9963,0.28643,-4.3014
2,-0.69142,0.015059,0.11062,-0.69486,-0.035244,-0.020577,0.027732,1.3426,4.8747,-0.82248,-3.2607,-0.69524,-4.9111,-2.4538,-6.9457,-0.71611,0.00098833,0.12077,-0.70348,-0.026107,-0.013935,0.026975,0.64368,4.0788,-0.19931,-1.0427,-1.5773,-5.2521,-0.65561,-5.9534
2.1,-0.69563,0.012951,0.12043,-0.70002,-0.026615,-0.024849,0.035232,0.82411,5.1762,0.92074,-4.2333,0.43986,-7.2216,-1.2041,-6.4854,-0.701,0.010818,0.10866,-0.7047,-0.029117,-0.0052621,0.035537,0.169,6.0038,0.34482,-1.5123,-1.0823,-6.1757,-1.8279,-6.6777
2.2,-0.70828,0.012111,0.11664,-0.71335,-0.031397,-0.0035177,0.027351,1.5275,4.0401,-1.4017,-2.5737,0.64566,-10.17,-1.3421,-7.4198,-0.69217,0.023065,0.10154,-0.70028,-0.022566,-0.0020149,0.019876,0.10354,5.1788,0.27483,-1.0426,-1.062,-5.9756,-0.94414,-8.08
2.3,-0.70827,0.016966,0.12113,-0.70531,-0.032513,-0.012879,0.042408,0.36005,5.996,0.7134,-1.2019,-0.45313,-6.8515,-3.1695,-8.2416,-0.67952,0.014932,0.099569,-0.71374,-0.03422,-0.012689,0.036115,1.0716,3.4299,0.51076,-0.9479,-1.4404,-7.7179,1.0536,-7.1203
2.4,-0.69858,0.0047659,0.12748,-0.69812,-0.034449,-0.0062369,0.039624,1.3693,8.5615,0.5009,-0.88787,-0.28999,-9.2313,-1.8719,-7.6902,-0.68774,0.01044,0.11524,-0.72377,-0.030219,-0.013443,0.031285,0.69186,6.2345,-1.3023,-1.562,0.32117,-6.678,-1.4294,-8.1891
2.5,-0.71427,0.030819,0.11619,-0.70456,-0.04537,-0.014575,0.037154,2.1507,6.787,-0.27738,-0.41358,-1.0369,-8.5624,0.90155,-9.3714,-0.69108,0.015234,0.10199,-0.71213,-0.032071,-0.0064698,0.041102,3.0531,6.7584,-1.4144,-0.65509,-0.71153,-8.9676,-1.7218,-8.5942
2.6,-0.6734,0.029108,0.1085,-0.71361,-0.041982,-0.017915,0.037187,1.492,6.7029,0.034975,-0.83864,-1.1521,-8.5853,-0.86208,-9.6897,-0.69331,0.025964,0.10453,-0.71653,-0.040166,-0.017757,0.030118,1.2434,6.4227,-0.21922,-2.8189,0.026135,-10.294,-0.14593,-7.345
2.7,-0.7025,0.031753,0.097281,-0.71433,-0.042462,-0.015008,0.051163,0.53538,7.8112,-1.6867,-1.5554,-2.7591,-9.1637,-2.02,-6.9558,-0.68173,0.03001,0.11873,-0.72305,-0.031203,-0.016211,0.036993,-0.49386,7.4552,0.28456,-2.1221,1.2171,-8.9853,-1.1121,-9.5447
2.8,-0.69472,0.024143,0.11516,-0.70267,-0.045357,-0.0075353,0.037347,-0.29863,6.9856,1.039,-1.9711,-1.5475,-7.8283,-0.50034,-10.104,-0.69402,0.030059,0.10495,-0.72828,-0.039288,-0.019202,0.03655,0.42515,7.8674,1.4557,-0.59161,-0.40427,-8.182,-0.37829,-10.954
2.9,-0.70122,0.0297,0.093154,-0.7119,-0.043652,-0.015985,0.04407,0.067279,6.6699,0.60583,0.53485,-0.069913,-9.4587,-2.6474,-11.089,-0.68669,0.030802,0.094994,-0.71328,-0.040058,-0.019378,0.039216,-1.3168,7.2188,-0.3467,-0.9773,1.1923,-11.265,-0.44047,-10.14
3,-0.68316,0.030073,0.1067,-0.72527,-0.042964,-0.010922,0.041126,1.055,8.4533,-1.6557,-0.88111,-0.46487,-9.6873,-1.2371,-11.814,-0.67793,0.019402,0.095359,-0.72941,-0.047758,-0.014977,0.043162,-0.40744,7.3451,-0.043279,-2.1011,-1.3743,-10.762,-0.17755,-11.12
3.1,-0.67915,0.032277,0.097843,-0.7234,-0.045399,-0.019988,0.048318,2.1866,8.8118,1.2705,-2.2865,-0.77245,-12.174,-2.4907,-11.204,-0.69453,0.03539,0.11555,-0.71425,-0.058654,-0.0063214,0.044311,2.3739,10.308,-0.56715,-1.2181,0.39481,-9.6394,-0.97532,-10.311
3.2,-0.68716,0.015685,0.095402,-0.72203,-0.047633,-0.016455,0.047951,2.2345,8.0609,-1.9664,-2.2665,0.67252,-12.185,-0.96173,-11.299,-0.69021,0.032034,0.11406,-0.72752,-0.040326,-0.011928,0.049957,-0.070398,9.1794,-0.59974,-1.9092,-1.1567,-10.528,-1.5371,-12.919
3.3,-0.68112,0.022161,0.11053,-0.73169,-0.054547,-0.020204,0.047471,0.61908,7.7144,0.16963,-1.9763,-0.27448,-12.643,-2.7496,-12.703,-0.68249,0.030576,0.11337,-0.73079,-0.044178,-0.0094774,0.056134,1.0591,9.5318,-2.6548,-1.8967,-1.8052,-11.293,-0.18292,-11.589
3.4,-0.68189,0.02508,0.10762,-0.73196,-0.04957,-0.014428,0.048248,0.14139,10.045,-0.21889,-1.3982,0.12604,-11.002,-2.1931,-12.831,-0.6718,0.019724,0.094739,-0.73701,-0.047794,-0.014699,0.052929,0.66959,8.3192,-0.10426,-3.4247,-0.56092,-11.319,-1.1212,-13.709
3.5,-0.68643,0.016902,0.099745,-0.7509,-0.047308,-0.013681,0.062726,-0.24791,8.4226,-1.2584,-2.1469,0.30492,-12.294,-0.34211,-12.334,-0.68442,0.032816,0.10901,-0.73997,-0.045837,-0.015562,0.05181,1.6255,7.9287,-2.377,-1.7612,-0.94148,-12.614,-1.6079,-12.377
3.6,-0.67222,0.043134,0.092091,-0.7427,-0.049312,-0.010322,0.056293,1.5218,9.8858,-0.81676,-3.4908,0.95085,-11.305,-1.199,-12.868,-0.68439,0.050957,0.098135,-0.7517,-0.055401,-0.017635,0.059495,0.4384,9.0434,0.51863,-3.2019,-0.63394,-9.8125,-1.4861,-12.909
3.7,-0.6643,0.046704,0.098321,-0.73728,-0.05754,-0.017002,0.060331,2.3142,9.9247,-1.6802,-2.5609,-1.0252,-11.906,-1.5074,-13.706,-0.67275,0.032951,0.096179,-0.74851,-0.049463,-0.020151,0.056391,0.24457,9.4621,-0.49386,-1.7679,-1.5021,-12.519,-0.18376,-14.702
3.8,-0.67904,0.032564,0.10095,-0.72789,-0.053706,-0.017503,0.051872,2.1119,9.7968,-1.2631,-3.8689,-0.75417,-11.377,0.75589,-13.837,-0.68588,0.050984,0.085196,-0.73627,-0.052258,-0.0096812,0.048935,1.4268,11.932,-1.6959,-3.3119,1.3383,-13.165,-1.8594,-11.626
3.9,-0.67335,0.029881,0.090402,-0.74073,-0.050604,-0.012518,0.059214,0.75003,10.031,0.33223,-3.0436,-2.4714,-12.349,-0.54001,-13.097,-0.66941,0.042668,0.10139,-0.72956,-0.059769,-0.019872,0.064535,1.4064,9.3422,-1.3977,-3.2535,-2.5904,-12.458,-1.1838,-14.598
4,-0.67128,0.046912,0.10702,-0.73411,-0.06148,-0.01615,0.058018,0.71824,9.4953,0.065626,-2.0234,0.77101,-12.693,-1.4798,-14.462,-0.6645,0.054043,0.08588,-0.75132,-0.060552,-0.025673,0.056858,1.9199,11.131,-0.39806,-3.5935,-1.5805,-14.486,0.88542,-12.534
4.1,-0.66053,0.040721,0.091752,-0.73556,-0.053296,-0.014545,0.055114,0.14627,10.036,0.78376,-3.9386,-2.5937,-11.409,-0.43099,-14.406,-0.6742,0.061087,0.095625,-0.75153,-0.0566,-0.011179,0.067003,1.687,12.204,-1.106,-3.6102,0.2755,-12.069,-0.43109,-15.044
4.2,-0.6455,0.043483,0.095919,-0.74484,-0.058488,-0.014604,0.062116,-0.093808,11.507,0.12539,-5.0166,0.25096,-11.775,-1.3948,-16.178,-0.66038,0.039481,0.0862,-0.74886,-0.050468,-0.01187,0.067525,1.377,10.591,0.26274,-4.7432,-0.37848,-13.321,-0.61475,-13.794
4.3,-0.66157,0.059661,0.07629,-0.76019,-0.058581,-0.01297,0.056096,0.82763,11.296,-0.34835,-3.8531,-2.6881,-12.344,-1.6306,-14.644,-0.65753,0.038976,0.089279,-0.74448,-0.06601,-0.022878,0.064162,2.5645,10.004,-2.3499,-5.7613,-0.59209,-12.968,-1.6517,-14.365
4.4,-0.66547,0.043322,0.089563,-0.76433,-0.063727,-0.01232,0.061925,0.29287,10.919,-0.50874,-6.1308,-0.88316,-12.898,-2.4876,-16.371,-0.64176,0.060012,0.087736,-0.74256,-0.056283,-0.020843,0.068723,-1.2588,11.688,-1.478,-4.1506,-0.25735,-12.222,-1.0896,-16.347
4.5,-0.64352,0.058243,0.077863,-0.74662,-0.065743,-0.019058,0.067271,-0.74518,10.365,-3.0108,-5.2364,-1.0967,-13.734,-1.3563,-16.877,-0.65111,0.061731,0.083586,-0.76046,-0.069072,-0.0094316,0.057381,0.54266,10.668,-1.2882,-4.3414,1.2626,-12.742,-0.09069,-16.955
4.6,-0.66113,0.061332,0.067604,-0.75591,-0.059516,-0.0057654,0.066648,0.61148,11.919,-1.5656,-6.0304,-1.2848,-12.219,0.82035,-16.999,-0.65581,0.064558,0.080563,-0.74615,-0.069763,-0.014688,0.062284,0.47789,13.346,-1.4255,-6.9213,0.70422,-13.975,-1.3221,-16.078
4.7,-0.64796,0.078235,0.085063,-0.75461,-0.065423,-0.014305,0.066938,0.32138,13.447,2.4871,-4.6632,0.53278,-13.823,-2.3801,-17.526,-0.65961,0.06627,0.078522,-0.75484,-0.061523,-0.014912,0.069222,0.66373,12.399,-1.8716,-5.3388,0.68178,-11.85,-0.16813,-17.729
4.8,-0.63547,0.076907,0.067782,-0.76402,-0.073864,-0.010859,0.075125,2.1028,12.115,-2.9099,-6.0516,-1.4594,-14.631,-1.0461,-16.988,-0.64059,0.05023,0.087269,-0.76236,-0.066989,-0.011046,0.067415,0.33234,14.86,-1.3279,-6.4182,-1.5607,-12.906,-1.017,-18.575
4.9,-0.64244,0.068686,0.09318,-0.77053,-0.067409,-0.013709,0.065002,0.8402,14.457,-0.63979,-5.9859,-0.23013,-14.571,-2.0184,-19.307,-0.64537,0.067991,0.091262,-0.76065,-0.067484,-0.007197,0.057045,1.268,13.579,0.34712,-7.5492,-1.8947,-12.285,-0.074922,-18.314
5,-0.64935,0.085291,0.090514,-0.75361,-0.057995,-0.0092837,0.066885,0.079837,13.165,-2.6758,-5.8764,-0.72361,-14.175,1.067,-17.47,-0.62659,0.073474,0.073877,-0.7697,-0.085044,-0.012643,0.065126,-0.19952,12.815,-1.0877,-7.9033,-0.76032,-11.65,-1.0695,-19.089
5.1,-0.63694,0.059945,0.0723,-0.77472,-0.065693,-0.015696,0.075627,2.0898,13.067,-1.6025,-8.4331,-1.1961,-12.944,-0.60438,-20.047,-0.60904,0.078464,0.072152,-0.76664,-0.069858,-0.011117,0.073994,0.73297,15.4,-1.4022,-5.7601,-0.37416,-15.519,-1.1073,-19.413
5.2,-0.62491,0.062927,0.096849,-0.76127,-0.070208,-0.019245,0.069906,-0.063051,14.154,-1.6617,-7.4365,-0.57839,-13.375,-1.4553,-18.887,-0.63844,0.089777,0.062872,-0.76765,-0.072347,-0.011184,0.068161,1.6903,12.204,-0.81215,-8.15,1.2183,-14.709,-0.88359,-19.469
5.3,-0.63366,0.080597,0.079745,-0.77232,-0.078914,-0.019121,0.069999,1.4525,14.128,-1.0476,-8.8429,-1.7542,-15.01,-1.1845,-20.549,-0.63532,0.071741,0.081863,-0.78751,-0.078583,-0.011586,0.068876,1.4606,14.203,-1.5761,-7.5542,1.0723,-13.657,-1.3118,-20.065
5.4,-0.61709,0.076604,0.066162,-0.77225,-0.083252,-0.010044,0.070824,1.2464,14.644,-2.894,-8.951,-0.27671,-11.766,-1.6245,-19.143,-0.63645,0.08787,0.062464,-0.79118,-0.083322,-0.014936,0.068523,0.58401,15.491,-1.7691,-6.0869,2.6348,-16.058,-0.71724,-19.276
5.5,-0.63223,0.088074,0.072815,-0.781,-0.076145,-0.020473,0.076219,0.19017,14.739,-1.7723,-8.9043,-2.0053,-14.553,-1.6231,-19.923,-0.62148,0.082718,0.079551,-0.76376,-0.077592,-0.013445,0.076116,-0.57583,14.63,-2.389,-7.9579,-0.39694,-12.922,-0.76496,-20.992
5.6,-0.6059,0.077456,0.05198,-0.77527,-0.083381,-0.02043,0.079202,0.61046,13.017,-2.0086,-8.932,0.2839,-13.261,0.667,-19.567,-0.61216,0.070711,0.050344,-0.79216,-0.075972,-0.01504,0.074735,1.7493,14.402,-0.80574,-9.8947,0.14607,-13.804,-2.0566,-22.406
5.7,-0.61591,0.097307,0.05568,-0.77283,-0.08707,-0.0079063,0.07085,1.631,15.088,-0.86574,-8.2568,-0.084973,-13.763,-1.0053,-19.615,-0.6152,0.084184,0.068508,-0.77444,-0.085671,-0.016611,0.071941,-1.1019,15.324,-3.7631,-9.5047,0.55625,-13.7,-1.0515,-20.269
5.8,-0.60442,0.096657,0.068802,-0.79188,-0.079956,-0.0035357,0.080309,0.86785,14.605,-2.5685,-9.4992,-0.46484,-15.419,-1.0777,-21.76,-0.59923,0.078444,0.046411,-0.7855,-0.079625,-0.003999,0.071345,0.72129,15.423,-0.96957,-9.9525,0.81738,-12.69,-1.9692,-21.647
5.9,-0.60745,0.089334,0.056802,-0.78726,-0.088575,-0.014207,0.078764,-0.31678,14.562,-1.0681,-11.578,0.070497,-13.666,-1.024,-22.703,-0.6101,0.08948,0.064351,-0.79879,-0.071889,-0.01066,0.067473,0.30023,14.062,-1.9302,-12.039,2.3154,-15.112,-0.027223,-20.698
6,-0.58843,0.10353,0.05306,-0.78648,-0.09056,-0.011283,0.074209,1.1497,15.051,-0.95038,-12.609,1.1972,-13.272,-0.67271,-21.249,-0.58566,0.093157,0.053908,-0.78468,-0.085598,-0.016542,0.073141,0.22537,15.866,-1.4347,-10.235,-1.0906,-15.849,0.95697,-24.364
6.1,-0.60068,0.084697,0.056936,-0.79312,-0.086626,-0.0060845,0.07346,1.3668,18.323,-1.2219,-11.034,0.52755,-14.311,-2.4897,-21.535,-0.59457,0.085304,0.057002,-0.79682,-0.088215,-0.018299,0.068056,2.4103,15.185,-4.0498,-11.252,1.4776,-12.182,1.1153,-21.32
6.2,-0.60089,0.09825,0.06447,-0.78761,-0.084087,-0.01322,0.078385,0.82249,15.958,-1.1882,-10.989,-0.55507,-14.102,-1.1847,-22.515,-0.58046,0.082364,0.030917,-0.79976,-0.091421,-0.0070737,0.073504,1.1783,15.393,-0.72216,-14.447,-0.072357,-13.931,-2.486,-23.362
6.3,-0.5968,0.10758,0.042365,-0.80928,-0.1019,-0.010279,0.070365,0.14534,17.829,-0.80498,-13.306,0.92393,-14.468,-2.6561,-22.427,-0.58827,0.097112,0.043094,-0.78986,-0.093683,-0.0057411,0.077285,0.9058,16.996,-1.3951,-13.293,-0.93954,-13.687,0.83269,-22.684
6.4,-0.58202,0.093133,0.05015,-0.81408,-0.079432,-0.0096065,0.074987,0.87981,15.363,0.72824,-11.482,0.71907,-12.96,-2.2358,-22.893,-0.57214,0.098267,0.052156,-0.79899,-0.077176,-0.017271,0.082476,1.0638,15.801,-1.939,-12.168,0.37888,-13.854,-2.2984,-24.984
6.5,-0.58212,0.10077,0.067854,-0.79968,-0.088856,-0.011457,0.070869,1.6136,13.86,-1.3027,-13.058,1.4939,-12.831,-1.6959,-24.56,-0.57492,0.10613,0.046527,-0.80912,-0.086451,-0.0093546,0.073952,-0.6022,17.321,0.014306,-13.121,-1.6978,-13.772,-0.24485,-23.371
6.6,-0.58412,0.098425,0.055717,-0.81984,-0.10186,-0.016964,0.07791,1.198,18.742,-0.69856,-13.467,0.61408,-12.454,-1.9906,-25.197,-0.59071,0.13323,0.053798,-0.8226,-0.093368,-0.011554,0.071825,1.4701,17.158,-0.44678,-11.883,0.68095,-12.937,-0.84316,-24.991
6.7,-0.56708,0.12402,0.057145,-0.82028,-0.091533,-0.0041053,0.086385,0.55983,16.345,-0.20624,-15.268,-0.64979,-12.607,-0.34153,-23.285,-0.58542,0.10441,0.031019,-0.8185,-0.092568,-0.012094,0.07292,1.1337,16.805,0.33369,-12.217,-1.4551,-12.248,-1.0753,-24.402
6.8,-0.56456,0.11589,0.035395,-0.80548,-0.10308,-0.0017272,0.08736,2.0291,17.86,-1.2279,-14.01,0.42218,-13.267,0.6636,-26.204,-0.56494,0.10649,0.039182,-0.80627,-0.090126,-0.015034,0.076293,2.1234,18.634,-1.5961,-14.467,-1.3406,-13.978,-3.5561,-26.78
6.9,-0.5802,0.11459,0.026001,-0.80326,-0.10419,-0.0083508,0.078959,1.1283,16.981,-0.33709,-15.672,0.80364,-13.248,-1.9323,-24.813,-0.56543,0.1152,0.032466,-0.81987,-0.10024,-0.014355,0.087839,1.9128,18.145,-0.26278,-15.684,-1.5263,-12.974,-1.7908,-26.321
7,-0.55843,0.12102,0.045577,-0.8412,-0.1078,0.002574,0.082795,1.6488,17.064,-2.1512,-14.629,0.0061382,-13.218,0.28603,-24.878,-0.57051,0.12568,0.062114,-0.81842,-0.098224,-0.01119,0.082928,1.8573,16.872,-1.1405,-13.791,1.1453,-14.374,0.083717,-26.933
7.1,-0.54985,0.10361,0.057687,-0.80836,-0.096693,-0.0024045,0.083766,-0.54818,18.78,-1.0851,-13.138,-0.12915,-12.631,0.045941,-25.487,-0.55589,0.11244,0.027331,-0.82641,-0.10087,-0.013683,0.075867,2.6485,16.941,-3.0172,-13.429,-0.59626,-13.55,-1.3729,-26.09
7.2,-0.54566,0.1029,0.023785,-0.84392,-0.10117,-0.011621,0.085202,1.0937,19.643,-1.3377,-14.967,0.55907,-12.162,-2.0661,-27.337,-0.54681,0.1294,0.027877,-0.81774,-0.10478,-0.0065617,0.070844,0.12373,17.065,-1.3499,-15.155,0.75716,-13.423,-2.7215,-24.195
7.3,-0.54103,0.1454,0.02523,-0.82489,-0.10908,-0.0035003,0.079289,1.0577,18.627,0.56968,-16.282,1.6212,-11.75,0.025538,-27.496,-0.54003,0.11135,0.028385,-0.84945,-0.1078,-0.0020238,0.077806,-0.14306,17.945,-1.9837,-15.139,0.46614,-12.032,-0.96319,-28.501
7.4,-0.51501,0.13874,0.036172,-0.83922,-0.11696,-0.011137,0.082401,2.0646,18.66,-0.53397,-18.296,-1.5044,-11.866,0.49231,-28.48,-0.53267,0.12317,0.001719,-0.83673,-0.11006,-0.010602,0.080623,0.1949,20.471,-3.7525,-16.571,-1.1645,-12.55,-0.65507,-26.473
7.5,-0.52298,0.13491,0.027085,-0.83894,-0.11634,-0.005508,0.085363,1.3155,17.549,0.45098,-15.939,0.67459,-12.003,-1.715,-27.908,-0.54927,0.13863,0.025769,-0.82936,-0.10743,-0.010325,0.08729,0.9242,17.765,0.051734,-15.97,0.91183,-12.443,-0.96563,-26.995
7.6,-0.51784,0.12646,0.016232,-0.82701,-0.10845,-0.00032307,0.086704,-1.222,19.369,-2.553,-16.894,1.6433,-11.898,-1.6397,-26.565,-0.52799,0.10723,0.025973,-0.83566,-0.11119,-0.0067708,0.083218,0.82043,18.198,-2.0764,-16.503,-1.1017,-12.231,-1.4674,-27.472
7.7,-0.52447,0.14601,0.0077701,-0.84993,-0.11551,-0.006434,0.071908,0.97755,18.836,0.1745,-17.552,0.87056,-11.985,-2.041,-29.57,-0.52721,0.13092,0.0039393,-0.85898,-0.11182,-0.0073586,0.07161,0.23191,20.198,0.24809,-17.169,-0.23324,-11.94,-0.43665,-29.183
7.8,-0.51753,0.12178,0.023982,-0.85234,-0.1094,0.0010551,0.08106,0.64004,20.959,-2.9259,-19.386,2.2292,-10.071,-0.11978,-28.683,-0.52387,0.12753,0.018551,-0.8273,-0.11556,-0.011903,0.08227,0.73262,19.393,-1.7714,-19.634,-0.37529,-9.7216,-1.2918,-29.526
7.9,-0.51538,0.13663,0.0065306,-0.8655,-0.12265,-0.0073064,0.076572,2.6912,20.479,-0.84449,-17.169,0.78372,-11.296,-0.63105,-29.864,-0.51777,0.12407,0.015218,-0.84834,-0.1185,-0.001393,0.079761,-0.22197,19.655,-1.5534,-19.64,-0.58032,-10.952,-0.92885,-30.468
8,-0.50399,0.14069,0.00041468,-0.85347,-0.12429,-0.013708,0.076974,2.3269,20.285,-2.1347,-19.589,0.29067,-9.6639,-0.99975,-30.297,-0.50363,0.14685,0.0074067,-0.84377,-0.11898,-0.012863,0.088958,1.7901,20.969,-2.6897,-16.324,-0.55672,-9.2852,-2.4255,-28.587
8.1,-0.48548,0.15556,-0.0077425,-0.85716,-0.11956,0.00020562,0.079971,2.4523,23.963,-0.97218,-18.377,0.44544,-10.03,-0.90024,-30.889,-0.48985,0.14762,-0.014493,-0.85,-0.12987,-0.0059453,0.083443,2.0562,20.025,-0.92151,-18.04,-0.62612,-9.5244,-1.1597,-30.028
8.2,-0.50906,0.14458,0.006719,-0.86707,-0.11995,-0.0077131,0.086343,-0.15447,21.468,-1.506,-19.112,1.4337,-9.8285,-0.57734,-29.875,-0.50655,0.13007,0.0048765,-0.85082,-0.12838,-0.0017975,0.085223,1.47,20.518,0.31719,-19.79,1.1196,-8.4939,-1.7182,-27.979
8.3,-0.48357,0.17387,-0.0038746,-0.83605,-0.12527,-0.0046189,0.078795,-0.74294,21.852,-2.5764,-20.346,0.44936,-9.9177,-0.36652,-30.105,-0.46645,0.15452,0.0020783,-0.85794,-0.10833,0.002625,0.081232,2.1947,20.036,-1.8978,-20.598,2.0305,-8.6067,1.7605,-31.476
8.4,-0.48824,0.16042,0.003747,-0.86366,-0.1198,-0.0035335,0.084921,1.3517,20.877,-0.94078,-21.437,-0.093931,-7.8395,-2.2774,-30.584,-0.47524,0.156,0.011355,-0.85435,-0.123,0.0011967,0.079733,0.4908,20.862,-0.60161,-19.753,1.8938,-9.0954,0.12145,-30.67
8.5,-0.48482,0.13847,0.013545,-0.84945,-0.1245,-0.0028104,0.071891,0.82937,21.438,-1.0234,-20.56,1.6267,-9.4512,-0.82568,-32.613,-0.49048,0.13697,0.01096,-0.87091,-0.12384,-0.010552,0.086263,1.3941,20.781,-0.98947,-19.267,0.73266,-10.184,0.19949,-31.019
8.6,-0.46794,0.16551,-0.003528,-0.87118,-0.12281,-0.0055814,0.075678,1.1813,21.048,0.040375,-19.602,1.5886,-6.7183,-0.58803,-34.128,-0.48667,0.15441,0.002059,-0.86905,-0.12681,-0.0032259,0.068886,-0.6756,20.438,-0.57605,-19.52,1.1415,-8.788,-0.89331,-30.759
8.7,-0.46022,0.16637,-0.012721,-0.85557,-0.12288,0.00099047,0.084244,1.9572,21.263,-0.88103,-21.962,1.2179,-7.0006,0.087033,-30.972,-0.47097,0.14946,-0.014006,-0.87698,-0.12389,-0.010589,0.081401,2.662,22.18,-2.6236,-22.363,-0.9556,-9.3002,-1.7984,-32.134
8.8,-0.44437,0.17721,-0.009754,-0.86396,-0.12251,0.0042716,0.07742,-0.42772,21.692,-1.7533,-21.921,1.7879,-6.462,-0.53687,-33.272,-0.4579,0.15576,-0.00074414,-0.88333,-0.1296,-0.0011175,0.082385,1.4985,22.146,-1.2373,-21.304,1.8084,-5.6648,-0.055408,-34.663
8.9,-0.47036,0.16212,-0.003879,-0.89091,-0.1347,0.0014276,0.079827,0.41487,19.307,-1.3458,-21.794,0.80356,-8.2293,-2.5573,-32.046,-0.45204,0.17865,-0.021129,-0.88485,-0.12471,-0.012166,0.0798,0.01054,22.231,-1.3829,-22.065,0.77388,-8.1507,-0.45159,-32.336
9,-0.44014,0.16193,-0.023022,-0.87116,-0.12942,-6.0749e-05,0.083899,1.7007,21.527,-2.8663,-21.796,2.2875,-6.0444,-0.27207,-32.388,-0.44148,0.17439,-0.012781,-0.87909,-0.12851,-0.0058407,0.084416,2.9616,25.215,-1.2027,-25.235,0.1582,-6.2085,-1.54,-33.656
9.1,-0.45255,0.17818,-0.025291,-0.87262,-0.13082,-0.001547,0.074371,1.7996,22.962,-0.86739,-24.045,0.97561,-7.7805,-0.25621,-33.91,-0.443,0.17708,-0.031186,-0.88693,-0.12399,-0.0035203,0.079337,1.1541,23.114,-0.94629,-21.348,1.0787,-7.4859,-1.8057,-34.348
9.2,-0.44216,0.16202,-0.021365,-0.89805,-0.13333,-0.0020079,0.083311,-0.35473,21.684,-1.1257,-22.738,0.46501,-5.9745,-0.86947,-32.886,-0.41772,0.16418,-0.02309,-0.88368,-0.12916,0.00099819,0.077964,0.064054,23.578,-1.67,-22.121,0.48423,-5.5589,-0.79748,-32.11
9.3,-0.42072,0.14752,-0.03088,-0.91122,-0.12929,0.0065563,0.080057,-1.5038,24.824,-2.3998,-23.863,-0.6118,-6.8018,-0.36775,-35.198,-0.42522,0.17588,-0.031984,-0.8929,-0.13069,0.0010433,0.078748,-0.88311,22.585,-1.5588,-24.407,0.51259,-6.0687,1.9577,-35.628
9.4,-0.4091,0.177,0.0032131,-0.88273,-0.12343,0.0016646,0.073006,-0.0090437,23.96,-0.57176,-24.898,2.2463,-5.9952,1.1663,-33.811,-0.43306,0.15831,-0.030991,-0.88846,-0.12999,0.0025706,0.07467,0.88914,22.563,-1.1965,-22.502,0.25527,-7.6138,-0.29442,-31.39
9.5,-0.41399,0.15789,-0.029825,-0.90023,-0.13914,0.0092744,0.07425,-0.71061,22.957,-1.6964,-24.586,-0.56955,-4.1103,0.9468,-34.576,-0.40368,0.16717,0.0013149,-0.89939,-0.1333,-0.0032919,0.070508,0.95627,23.099,-2.5647,-23.914,2.0897,-4.6523,-0.97347,-32.933
9.6,-0.41051,0.18172,-0.033353,-0.91559,-0.12554,0.0015337,0.073585,-0.59146,24.555,0.89469,-26.664,-1.3969,-4.4897,-0.39973,-32.148,-0.40006,0.18867,-0.04077,-0.90102,-0.13671,0.0050637,0.069795,-1.3452,24.266,-2.9155,-25.489,2.8388,-3.9569,2.3132,-31.952
9.7,-0.39262,0.18724,-0.036387,-0.90377,-0.14252,0.0022834,0.07252,1.4378,23.862,-1.9843,-25.308,-0.18136,-4.6263,-0.91497,-32.869,-0.41115,0.18012,-0.038852,-0.90272,-0.12949,-0.0016301,0.072531,-0.65211,24.353,-0.59449,-27.081,-0.47806,-4.5631,-0.58215,-34.063
9.8,-0.40648,0.18026,-0.042035,-0.89781,-0.13695,0.0010418,0.073323,0.50002,23.641,-1.746,-23.539,-1.3357,-4.7569,-0.1946,-34.627,-0.40093,0.17135,-0.041026,-0.90807,-0.14032,-0.0039927,0.069744,1.1344,23.974,-0.15368,-25.377,2.058,-2.3091,0.49959,-34.288
9.9,-0.37977,0.17333,-0.010439,-0.90152,-0.13111,0.00031391,0.0781,1.0381,24.561,-2.8405,-25.573,0.035541,-3.7893,-0.93968,-32.9,-0.38229,0.17186,-0.048547,-0.90142,-0.14494,0.0099843,0.066239,1.6232,24.587,-0.63368,-26.14,-1.037,-4.4838,-0.153,-33.914
10,-0.38461,0.19026,-0.050906,-0.91871,-0.1309,0.018738,0.067089,0.64552,23.898,-1.5693,-26.358,0.6409,-4.1133,0.3227,-30.93,-0.38338,0.19535,-0.028341,-0.91726,-0.13363,0.0050306,0.069043,2.4622,26.478,-1.0108,-25.499,2.2081,-2.9719,0.092754,-34.993
10.1,-0.37341,0.18914,-0.05512,-0.90554,-0.14462,0.017558,0.072532,-0.43236,27.27,-0.079619,-27.034,2.1286,-1.0443,0.78401,-32.379,-0.40043,0.18643,-0.024572,-0.90745,-0.14142,0.01176,0.067644,2.2069,25.768,-1.6534,-27.389,1.0959,-2.0531,0.95394,-33.109
10.2,-0.3559,0.18559,-0.044352,-0.90745,-0.13684,0.012997,0.068542,1.5592,26.454,-1.0266,-26.972,-0.16748,-2.5417,1.3459,-31.758,-0.35977,0.1655,-0.055612,-0.90635,-0.14127,0.0076143,0.072317,1.0958,26.957,-2.64,-27.281,-0.96838,-1.4865,2.3925,-31.807
10.3,-0.37074,0.18108,-0.027716,-0.90481,-0.13071,0.00252,0.064541,0.41703,25.525,-3.0514,-27.876,0.41451,-1.582,0.99864,-30.948,-0.3507,0.18744,-0.039107,-0.91673,-0.14175,0.0066107,0.054307,1.3232,26.442,-1.6479,-27.38,-1.4461,-2.4415,1.98,-31.274
10.4,-0.34778,0.18238,-0.040522,-0.93172,-0.14231,0.015452,0.057823,2.1081,26.761,-0.86101,-29.532,1.6825,-2.1749,0.54023,-33.223,-0.36165,0.16216,-0.059767,-0.91321,-0.13063,0.01127,0.064907,1.8153,26.698,-2.4824,-28.508,-0.82402,-2.3707,-0.33442,-31.466
10.5,-0.34762,0.18288,-0.045426,-0.90884,-0.14115,0.024689,0.062408,1.5406,27.342,-3.0551,-26.847,2.0312,-3.2213,1.9362,-31.148,-0.34597,0.18053,-0.03055,-0.9226,-0.13352,0.0092873,0.071131,2.2581,25.779,0.061945,-29.217,0.074711,-1.7635,0.53793,-33.084
10.6,-0.33868,0.18811,-0.047708,-0.93151,-0.14947,0.0063644,0.058594,0.43677,27.922,-2.552,-27.654,-1.2844,-2.3219,0.58063,-31.881,-0.34114,0.17703,-0.062456,-0.91995,-0.13867,0.018975,0.066264,2.2709,27.701,0.20233,-28.156,2.0179,-2.3943,1.5979,-30.762
10.7,-0.33229,0.19635,-0.04513,-0.9491,-0.14176,0.012207,0.062811,0.76103,26.788,-1.8604,-29.929,0.047592,-1.7161,1.8285,-32.871,-0.35004,0.19736,-0.069699,-0.9085,-0.14665,0.012548,0.059825,0.46028,26.778,-0.23249,-29.465,0.25664,-1.0304,0.70777,-32.247
10.8,-0.32058,0.19057,-0.054492,-0.92073,-0.14531,0.010209,0.054806,1.7802,28.347,-0.69721,-29.305,0.60332,-0.65485,0.17329,-32.37,-0.31313,0.18486,-0.065296,-0.93011,-0.1393,0.022636,0.058548,-0.9611,26.82,-0.22101,-30.28,2.439,-1.4659,0.43939,-29.484
10.9,-0.32926,0.17555,-0.058995,-0.91095,-0.13454,0.01813,0.061294,0.015401,26.791,-2.1427,-30.836,1.1808,-1.4948,2.6376,-31.165,-0.32353,0.18282,-0.049908,-0.93475,-0.13995,0.0096116,0.060382,1.2109,26.312,-0.36916,-30.823,2.0221,-1.2323,0.30178,-30.514
11,-0.33443,0.18813,-0.059094,-0.9114,-0.13888,0.023923,0.045932,0.68437,27.492,-1.4392,-30.691,1.3877,-0.91645,-0.50228,-31.582,-0.3089,0.19711,-0.059397,-0.94403,-0.13587,0.019735,0.06401,2.5645,28.939,-2.4744,-29.328,1.2852,0.62875,1.6666,-29.46
11.1,-0.323,0.17965,-0.068347,-0.93422,-0.14297,0.01919,0.06196,0.26081,28.465,-1.9966,-29.265,1.692,-0.03508,1.2047,-30.508,-0.31531,0.18104,-0.032304,-0.91661,-0.1388,0.020287,0.06086,2.0368,26.854,-1.327,-30.675,-0.028796,-1.999,0.20145,-30.585
11.2,-0.29588,0.17703,-0.069512,-0.9394,-0.13303,0.014825,0.053669,-0.24899,27.737,0.28054,-31.27,1.31,-0.097658,0.95228,-28.736,-0.30633,0.1786,-0.052301,-0.93651,-0.13796,0.022629,0.052886,0.60017,27.992,-0.54819,-30.932,1.1939,1.1477,-0.36674,-30.061
11.3,-0.28026,0.19504,-0.057631,-0.94047,-0.13832,0.018815,0.047803,-0.82222,27.793,-1.7163,-30.334,1.2314,0.092264,1.268,-30.212,-0.28775,0.18139,-0.046595,-0.94406,-0.1331,0.024095,0.052412,1.7885,28.16,0.61961,-29.674,1.5094,0.41072,0.72793,-29.065
11.4,-0.2743,0.18055,-0.07571,-0.94453,-0.14117,0.020602,0.049262,1.179,29.538,-1.0168,-31.783,-0.37098,-0.093592,-0.27193,-30.807,-0.28093,0.1807,-0.059677,-0.93519,-0.14309,0.019389,0.047851,0.80581,27.231,-0.42665,-32.463,2.0775,1.7861,-0.91584,-30.257
11.5,-0.2825,0.20238,-0.084224,-0.94037,-0.13757,0.032896,0.056895,2.5433,29.291,-0.84937,-32.174,2.6291,-0.79346,0.46462,-28.68,-0.26695,0.18684,-0.082075,-0.94805,-0.14578,0.023,0.056033,1.2356,28.063,0.0032083,-34.43,0.89424,2.5227,0.677,-29.439
11.6,-0.25642,0.19434,-0.063508,-0.94097,-0.13527,0.021357,0.043933,1.0035,29.275,-1.4515,-31.731,0.38473,0.52327,1.009,-29.336,-0.25253,0.18231,-0.052983,-0.94232,-0.14023,0.028991,0.050318,1.7931,28.745,-0.22182,-34.086,0.46013,2.7577,0.36476,-29.274
11.7,-0.24628,0.20619,-0.06559,-0.93743,-0.13998,0.025456,0.050532,1.5209,28.286,-0.0020056,-32.794,1.0942,1.7318,-0.73466,-28.059,-0.26735,0.18002,-0.067699,-0.9328,-0.1334,0.044966,0.048753,1.6019,27.882,-0.078035,-31.95,1.1091,1.0369,0.42134,-26.79
11.8,-0.26063,0.1907,-0.062028,-0.96078,-0.13929,0.033522,0.041259,-0.8613,27.694,-1.1192,-33.998,1.1784,2.2183,1.0207,-27.054,-0.25631,0.19287,-0.073823,-0.93664,-0.14639,0.032404,0.042651,0.24117,28.53,-2.32,-33.719,0.49672,1.9215,1.0295,-26.328
11.9,-0.24111,0.19904,-0.075379,-0.93415,-0.13855,0.034912,0.04351,0.46151,30.063,-0.25819,-34.157,2.923,0.55531,0.41131,-26.859,-0.23765,0.1796,-0.055627,-0.9665,-0.13192,0.035708,0.03792,2.0294,29.275,-1.5773,-33.28,1.1905,1.0418,1.6378,-28.918
12,-0.222,0.19343,-0.061695,-0.94652,-0.13599,0.038817,0.044954,0.41169,28.459,-0.46273,-35.753,0.96637,2.1249,-0.10178,-27.892,-0.25162,0.17748,-0.073091,-0.95777,-0.14264,0.023972,0.045561,0.91487,30.392,-0.99011,-33.376,1.1256,2.9267,1.2268,-26.473
12.1,-0.24118,0.1756,-0.073461,-0.93714,-0.13878,0.0295,0.048703,1.266,29.921,-1.0059,-34.503,0.57382,5.0551,-0.30369,-26.191,-0.23415,0.18108,-0.076714,-0.96201,-0.14574,0.037028,0.039781,1.6171,30.384,-1.1222,-34.73,0.35013,3.9404,-0.13837,-27.449
12.2,-0.23687,0.17332,-0.073006,-0.94937,-0.13739,0.037283,0.036513,0.72669,29.323,-2.5102,-34.366,0.28371,3.6287,1.4691,-27.388,-0.22666,0.18082,-0.062617,-0.95239,-0.14231,0.041548,0.043482,2.2343,30.318,-0.5026,-36.209,1.1413,3.6284,1.2505,-25.833
12.3,-0.22841,0.17862,-0.074591,-0.95146,-0.14193,0.040105,0.030724,1.5039,29.535,-0.19022,-36.049,0.78615,3.7901,1.9197,-26.425,-0.20741,0.18792,-0.082352,-0.94805,-0.15,0.048286,0.042986,1.2441,31.782,0.88711,-34.275,0.95446,6.3899,1.629,-26.681
12.4,-0.21136,0.17245,-0.074263,-0.98934,-0.14719,0.044342,0.031338,0.96565,29.169,-1.874,-36.595,1.6702,3.5591,1.2564,-25.154,-0.22806,0.17905,-0.066362,-0.95219,-0.1364,0.041816,0.041151,0.91242,30.334,-1.55,-34.952,-0.48409,7.3279,0.030654,-25.189
12.5,-0.19898,0.19089,-0.062025,-0.97787,-0.15176,0.03565,0.036416,1.7591,28.246,-0.19264,-36.261,0.65655,4.8815,2.1565,-24.987,-0.22023,0.18185,-0.086443,-0.95306,-0.15096,0.038898,0.036406,0.80873,31.187,-2.0994,-37.283,2.5623,3.5746,-2.3184,-24.929
12.6,-0.18686,0.18423,-0.083716,-0.95124,-0.14445,0.039315,0.035805,0.95426,31.48,-0.59035,-36.974,0.53325,4.0477,-1.6083,-26.47,-0.18662,0.18993,-0.060945,-0.94212,-0.1449,0.043475,0.033694,1.7195,30.374,-2.5215,-36.954,1.5458,5.969,-0.28691,-26.363
12.7,-0.18867,0.17755,-0.059921,-0.96405,-0.13841,0.039785,0.031803,-0.11476,32.519,-1.5553,-38.857,1.0716,2.8469,0.80138,-23.591,-0.19898,0.17869,-0.08259,-0.96976,-0.15479,0.0496,0.037483,1.3974,31.62,-2.3307,-34.84,0.38539,5.6524,0.17109,-23.206
12.8,-0.16999,0.19351,-0.07263,-0.96804,-0.14813,0.039325,0.028152,-0.70897,31.572,-2.6579,-35.408,0.10358,4.3077,2.2566,-25.363,-0.17618,0.17396,-0.083138,-0.97968,-0.15224,0.039218,0.034213,0.67381,32.078,-2.4842,-39.697,0.81661,4.9159,0.88136,-24.089
12.9,-0.1604,0.16781,-0.08056,-0.97879,-0.14969,0.051275,0.025496,1.525,32.093,-1.2427,-37.345,0.29224,4.2863,-1.0924,-25.119,-0.16922,0.19313,-0.075973,-0.96905,-0.15442,0.035402,0.037479,1.4584,31.992,-2.0418,-39.757,0.27223,5.522,0.86063,-24.867
13,-0.16647,0.19515,-0.086196,-0.95356,-0.14065,0.03605,0.030338,0.27103,32.396,-2.1242,-36.956,0.26189,5.13,0.70769,-22.341,-0.16346,0.18884,-0.07513,-0.96057,-0.14215,0.039827,0.0216,-0.6626,32.929,-1.3081,-36.812,0.41696,5.214,0.58268,-23.981
13.1,-0.18079,0.18011,-0.071758,-0.94399,-0.14188,0.045517,0.026224,1.1842,32.766,-3.3771,-37.376,2.6932,6.4794,1.634,-24.124,-0.16059,0.16498,-0.075733,-0.95515,-0.1405,0.045421,0.020531,0.38799,32.528,-2.5569,-38.6,0.54795,5.7331,1.6501,-24.652
13.2,-0.15668,0.16644,-0.077879,-0.97281,-0.1515,0.052465,0.03071,0.86482,33.105,-1.0501,-38.012,0.46562,3.2492,1.2528,-22.839,-0.1537,0.16261,-0.079402,-0.99309,-0.15168,0.046867,0.029847,0.9353,33.045,-0.553,-39.57,-0.61151,4.1596,1.4152,-23.481
13.3,-0.14959,0.18688,-0.06538,-0.96111,-0.14213,0.053243,0.029783,-1.6161,31.065,-1.077,-39.346,0.75163,6.1502,0.98378,-22.144,-0.1561,0.18452,-0.077029,-0.97701,-0.146,0.047877,0.030321,2.9913,31.543,-2.5316,-40.256,1.3,8.1578,0.59267,-22.882
13.4,-0.1388,0.15541,-0.081117,-0.97583,-0.1586,0.056464,0.030684,-1.9568,33.386,-0.1759,-41.404,2.273,6.0628,3.2773,-22.038,-0.15876,0.15064,-0.092899,-0.97513,-0.15175,0.051517,0.026931,0.35885,31.018,-2.5276,-39.658,0.66949,7.1704,1.6009,-23.545
13.5,-0.11485,0.15309,-0.083814,-0.99048,-0.13772,0.050034,0.029972,0.53166,31.253,-2.1286,-40.297,0.67979,6.3225,1.0768,-21.855,-0.12651,0.18396,-0.072255,-0.96247,-0.15087,0.04845,0.02536,1.5196,31.17,-0.89765,-41.363,-0.87963,6.239,1.729,-22.121
13.6,-0.14305,0.17761,-0.070961,-0.97123,-0.13412,0.064976,0.023601,-0.062371,33.88,-1.337,-43.609,1.5965,5.8466,0.48056,-21.684,-0.12692,0.15941,-0.092269,-0.9717,-0.14539,0.055138,0.024422,-1.1539,32.779,-3.4326,-40.158,1.2541,6.2168,2.2295,-22.323
13.7,-0.11766,0.16414,-0.082807,-0.99403,-0.1378,0.054905,0.018229,-0.4448,33.424,-0.87948,-41.388,2.6061,3.2477,1.6697,-23.053,-0.1176,0.16017,-0.087794,-0.99145,-0.13992,0.056178,0.017732,-0.61717,31.626,-1.8998,-42.906,0.58837,7.5463,-0.53569,-21.709
13.8,-0.11088,0.14507,-0.10087,-0.9837,-0.14272,0.057105,0.017459,-0.1421,30.279,-0.38852,-42.518,1.3094,6.9334,1.2668,-22.669,-0.11258,0.15611,-0.082323,-0.98975,-0.14274,0.052205,0.023509,-1.5118,31.107,-0.81797,-41.748,1.5576,7.6805,1.9084,-21.413
13.9,-0.099793,0.15459,-0.084797,-0.97878,-0.12647,0.05501,0.022199,-1.5023,30.323,-1.3222,-42.531,0.58391,7.2478,1.6589,-22.126,-0.10154,0.14837,-0.08549,-0.97467,-0.1439,0.062035,0.019559,-2.251,30.992,-0.22717,-40.782,-0.15213,9.2114,0.67288,-19.953
14,-0.10154,0.16236,-0.081597,-0.97572,-0.12767,0.052836,0.032457,-3.5898,28.9,-2.2737,-41.419,-0.89652,7.7305,1.9902,-20.769,-0.095557,0.16769,-0.076644,-0.97204,-0.12562,0.055935,0.014121,0.08492,31.281,-2.2131,-42.563,-0.12339,8.0213,0.090454,-19.252
14.1,-0.087879,0.15614,-0.089324,-0.98241,-0.13443,0.062514,0.015883,-0.27818,29.095,-0.88977,-40.718,-0.8239,8.22,0.14966,-19.146,-0.08728,0.17126,-0.068252,-0.98482,-0.13534,0.065328,0.017409,-2.6701,31.264,-1.9717,-41.678,-1.0737,8.6132,0.5387,-21.782
14.2,-0.086062,0.16423,-0.081947,-0.99644,-0.13438,0.074279,0.015582,-2.6227,28.413,-1.516,-42.507,2.5951,6.4406,-1.064,-20.849,-0.06262,0.14083,-0.08391,-0.97053,-0.12649,0.061305,0.010428,-0.49409,29.881,-2.5586,-44.143,0.96382,7.741,1.0844,-19.078
14.3,-0.072096,0.14329,-0.075442,-0.96894,-0.11724,0.063322,0.0098939,-1.2616,30.623,-2.5548,-44.109,0.11716,7.2111,0.83269,-19.579,-0.095993,0.12905,-0.087109,-0.97545,-0.13007,0.07192,0.010577,-2.121,27.377,-0.032697,-43.075,2.1906,9.6476,0.40093,-19.646
14.4,-0.06395,0.15525,-0.089046,-0.98704,-0.1172,0.068238,0.0081332,-1.2843,29.106,-2.2943,-43.214,0.32086,7.9254,0.32557,-20.851,-0.071069,0.15423,-0.08039,-0.99296,-0.1296,0.062479,0.018705,-1.176,29.906,-1.2192,-43.257,-0.47167,9.3135,1.0157,-17.105
14.5,-0.050937,0.15568,-0.08955,-0.9782,-0.12763,0.061314,0.0090846,-1.4419,29.375,-0.1421,-44.186,1.5548,9.3687,0.36697,-21.753,-0.059793,0.14153,-0.076819,-0.99121,-0.12333,0.06564,0.0057245,-0.17744,25.413,-2.2093,-44.292,1.8135,10.143,0.027901,-16.818
14.6,-0.040333,0.15528,-0.061568,-0.99387,-0.11106,0.076641,0.0036101,0.34802,30.795,-0.49557,-43.227,1.4014,9.0834,-0.18561,-19.36,-0.049425,0.13481,-0.099297,-0.97726,-0.13145,0.069122,0.0087099,-1.4229,29.047,-2.8679,-46.783,1.4665,8.5754,1.8894,-17.851
14.7,-0.072427,0.12044,-0.084599,-0.98537,-0.12862,0.076779,0.010064,-1.9326,27.698,-0.24956,-45.862,0.59583,9.0241,1.0322,-18.328,-0.039329,0.12682,-0.064457,-1.0023,-0.10591,0.077188,0.022338,-0.76203,27.588,-2.591,-44.157,0.8936,12.143,-1.4825,-18.912
14.8,-0.035452,0.13511,-0.068987,-0.98344,-0.11607,0.06608,0.0034937,-1.1228,26.186,-0.19406,-44.262,-0.25168,10.021,-0.51565,-17.859,-0.049219,0.11983,-0.076106,-0.98904,-0.11473,0.081295,0.010943,-1.561,29.203,-1.5715,-45.408,1.1393,10.487,1.2416,-16.911
14.9,-0.032189,0.12674,-0.084445,-0.98109,-0.11851,0.073275,0.0056157,0.57285,25.802,-1.737,-45.883,1.1276,10.322,-1.0793,-17.163,-0.048827,0.13565,-0.067283,-0.97696,-0.11618,0.074677,0.0036585,-1.9575,27.055,-1.5365,-47.868,-0.020396,10.272,0.54942,-17.482
15,-0.043175,0.11607,-0.090096,-0.98096,-0.11755,0.081521,0.0072653,-0.95702,25.551,-1.5523,-45.271,0.62582,9.9611,1.8822,-17.856,-0.047212,0.13044,-0.060355,-0.98039,-0.12023,0.07374,0.011688,-1.2082,24.846,-2.759,-47.231,-0.83121,10.349,-0.91053,-15.928
15.1,-0.0084558,0.1265,-0.084772,-0.9889,-0.11003,0.079157,0.001804,-2.1585,24.185,0.77095,-46.125,-0.88426,10.981,-1.0315,-17.3,-0.0097374,0.12791,-0.079921,-0.97731,-0.10461,0.086211,0.0055634,-1.7339,24.215,1.8725,-46.011,1.3392,12.283,0.83058,-16.864
15.2,-0.0098639,0.11414,-0.094641,-0.99986,-0.11309,0.078939,0.0044822,-2.1134,25.189,-2.2263,-47.319,3.2623,9.7426,0.59431,-16.493,-0.019994,0.1264,-0.08525,-0.99142,-0.10821,0.077065,0.00017839,-1.1888,25.057,-1.4583,-47.174,0.3379,12.36,0.5555,-15.24
15.3,-0.0036813,0.085996,-0.089851,-0.99833,-0.10876,0.079934,0.00044077,-0.79703,25.514,-1.1507,-45.41,-0.26853,9.1002,2.3797,-17.127,-0.010269,0.12176,-0.079454,-0.97469,-0.10671,0.090648,0.0075572,-1.4334,23.721,-3.3416,-46.768,-0.18662,12.969,0.55709,-15.599
15.4,-0.01841,0.12591,-0.075013,-0.99494,-0.10717,0.079535,0.0042262,-1.7318,25.324,-3.3744,-49.248,-0.85023,11.42,0.70852,-17.523,-0.0059145,0.10558,-0.078059,-0.98626,-0.10176,0.080797,0.00023688,-1.478,23.486,-0.99213,-46.164,-0.27655,11.31,-0.73285,-15.146
15.5,0.0010408,0.12337,-0.065637,-0.99288,-0.10573,0.083841,0.011914,-0.41928,23.708,-2.682,-47.913,2.0113,11.022,1.4747,-17.231,-0.011432,0.11922,-0.075271,-0.98636,-0.095102,0.082533,0.0038802,-2.3462,22.466,-2.3541,-48.206,0.24266,13.48,0.96162,-14.281
15.6,-0.018272,0.094153,-0.088581,-0.99943,-0.096206,0.093809,0.0031655,-1.706,23.656,-0.98751,-48.835,-0.44874,11.174,0.37985,-18.219,0.01959,0.09935,-0.06297,-0.98265,-0.0912,0.09397,-0.0060926,-0.82843,23.935,-2.098,-49.039,0.27015,11.598,0.69615,-13.546
15.7,0.0091391,0.10035,-0.072926,-0.98401,-0.090226,0.08749,-0.00052104,0.036738,22.675,-1.6747,-49.735,0.39946,12.576,-0.49677,-15.328,0.015247,0.10123,-0.085542,-0.99981,-0.10686,0.093061,0.0031124,-1.0152,24.367,-0.80319,-47.271,2.5841,13.29,-0.35731,-14
15.8,0.019607,0.082978,-0.069592,-0.99304,-0.099624,0.088169,-0.0024285,-0.7628,21.953,-1.4497,-50.41,-0.83079,10.7,0.926,-14.574,0.022541,0.090062,-0.077149,-0.99749,-0.094236,0.078578,-0.0085183,-1.0097,23.43,-0.81498,-49.055,1.354,10.804,0.8221,-13.63
15.9,0.024131,0.10474,-0.083222,-0.98456,-0.089278,0.084392,0.004883,-2.2669,21.339,0.71658,-48.99,-0.68238,13.257,1.5589,-15.871,0.024806,0.091536,-0.066744,-0.99759,-0.09497,0.088154,-0.012268,-2.7899,20.129,0.093436,-50.428,-0.058881,13.953,0.80906,-12.037
16,0.035015,0.093212,-0.074495,-0.97846,-0.09734,0.087153,0.0063115,-1.0305,21.067,-1.3058,-49.086,1.1891,14.775,0.24126,-14.648,0.0153,0.085599,-0.08626,-0.99904,-0.095645,0.081576,-0.0098258,-2.172,18.878,-0.081758,-46.717,0.33264,14.758,-0.21216,-13.958
16.1,0.026574,0.098269,-0.062726,-0.99013,-0.09472,0.088625,-0.0039614,-1.2008,20.123,-2.8284,-48.537,0.23961,14.941,-0.19725,-14.938,0.038336,0.091879,-0.067025,-1.0043,-0.089803,0.091893,-0.010811,-0.9049,21.843,-1.2162,-48.898,-1.0258,12.354,3.7295,-12.423
16.2,0.050419,0.077869,-0.073274,-0.99978,-0.087996,0.095916,-0.0059525,-0.29664,19.961,-0.015895,-51.127,2.1398,12.851,2.003,-11.569,0.026438,0.088441,-0.068185,-0.98791,-0.084405,0.092673,-0.0049152,0.25692,19.816,-0.22455,-49.63,1.5788,13.697,1.8714,-13.347
16.3,0.034784,0.069553,-0.079974,-0.99806,-0.089496,0.093234,-0.0090526,-0.95215,21.178,-1.9977,-51.549,0.64357,13.523,1.7298,-12.682,0.050611,0.065817,-0.072788,-1.0061,-0.083721,0.099198,-0.0099747,-1.087,17.473,-2.6765,-50.399,1.3047,15.665,-0.20624,-13.103
16.4,0.041947,0.068961,-0.058944,-1.0032,-0.083689,0.094721,-0.0088973,-0.84823,20.725,0.66806,-49.21,0.85097,14.005,1.3838,-12.666,0.045445,0.081012,-0.075928,-0.9787,-0.081426,0.093685,-0.016304,-1.6627,18.176,-1.788,-50.777,0.30879,17.96,1.6134,-13.618
16.5,0.048961,0.067635,-0.077467,-0.9789,-0.083369,0.1043,-0.011134,-0.88817,19.638,0.64337,-49.477,-0.34754,14.88,0.84391,-12.232,0.046637,0.051757,-0.072095,-0.99074,-0.076256,0.085221,-0.0097942,-1.5972,17.8,-0.64622,-48.371,-0.041142,13.901,1.0226,-11.625
16.6,0.062175,0.077082,-0.073463,-0.98576,-0.079915,0.10095,-0.010384,-0.22815,19.337,-0.49272,-49.778,1.6033,13.025,2.0282,-13.475,0.050771,0.064015,-0.075967,-0.9981,-0.074338,0.087581,-0.012121,-2.1036,14.882,1.6881,-49.41,1.3134,16.599,-0.31672,-11.937
16.7,0.069858,0.062675,-0.068278,-1.005,-0.075949,0.088025,-0.026493,-2.0799,18.194,1.9129,-50.403,0.66762,15.405,1.1022,-12.678,0.057644,0.065027,-0.078024,-0.98362,-0.068507,0.098327,-0.012782,-1.3,17.645,2.24,-48.071,-0.11917,15.909,0.027782,-12.675
16.8,0.063172,0.048913,-0.063895,-1.0003,-0.076363,0.086682,-0.022762,-0.54257,17.797,1.4601,-49.317,2.4069,15.128,1.4383,-13.416,0.062501,0.051835,-0.070464,-0.98652,-0.066401,0.088065,-0.014573,-1.2468,17.795,0.053755,-48.147,1.0114,15.075,-0.15535,-10.457
16.9,0.075509,0.051309,-0.066946,-0.97563,-0.071262,0.083591,-0.014742,-1.3383,17.454,1.3337,-48.687,1.0947,15.696,0.43487,-11.639,0.06147,0.060093,-0.077221,-0.99076,-0.070417,0.095027,-0.019917,-1.9742,15.898,-0.32557,-49.019,0.79243,13.547,0.51754,-12.638
17,0.069241,0.058682,-0.069422,-0.98355,-0.072731,0.09913,-0.019787,-1.4348,16.661,0.82421,-47.962,1.0209,15.201,0.028573,-11.537,0.059695,0.053622,-0.056354,-0.99204,-0.063523,0.082647,-0.028979,-0.22212,17.115,1.6004,-48.214,0.32276,16.94,0.94195,-11.11
17.1,0.0742,0.020235,-0.06029,-1,-0.069242,0.090833,-0.013901,-1.2681,16.101,1.3874,-47.89,0.55983,16.651,1.0221,-12.076,0.094438,0.035201,-0.057074,-1.0009,-0.064985,0.084404,-0.024369,0.0038891,15.015,0.8091,-48.557,1.4095,16.298,2.4382,-9.6071
17.2,0.076933,0.030704,-0.073012,-0.99969,-0.072288,0.085366,-0.0099288,-0.40877,15.977,-0.085834,-50.2,1.3737,16.428,0.327,-10.007,0.082062,0.032934,-0.067043,-0.99282,-0.06892,0.082901,-0.025207,1.2299,15.285,2.1031,-50.352,0.82429,17.718,-0.6169,-9.593
17.3,0.091232,0.03966,-0.068694,-1,-0.065915,0.082986,-0.015883,0.15697,15.885,-0.58898,-48.259,2.503,16.565,-0.30173,-9.3964,0.073439,0.02049,-0.053223,-0.98624,-0.059929,0.083176,-0.02196,0.16696,15.14,0.801,-47.886,0.45845,17.943,0.31183,-11.049
17.4,0.084381,0.047044,-0.046466,-1.0087,-0.064517,0.085282,-0.017397,-1.1164,15.197,0.55675,-47.429,1.0465,15.571,0.38837,-9.5038,0.088368,0.018432,-0.061893,-0.99556,-0.054282,0.09346,-0.026529,-0.24264,13.813,0.0015384,-47.008,1.1991,17.581,2.326,-9.254
17.5,0.086495,0.015614,-0.063945,-0.98458,-0.058401,0.09625,-0.028425,0.50533,13.653,2.9574,-47.715,0.51511,13.746,1.7629,-9.2275,0.094734,0.020257,-0.055624,-0.98458,-0.059916,0.099613,-0.031968,-2.07,14.081,2.9885,-47.516,-0.80983,18.009,0.54578,-7.9093
17.6,0.092339,0.024024,-0.082163,-0.9896,-0.058605,0.084642,-0.016831,0.35438,12.926,0.68721,-47.702,1.1984,17.08,0.43076,-8.8621,0.075994,0.012549,-0.0503,-1.0137,-0.05758,0.092584,-0.017462,-0.93081,13.418,0.33695,-45.523,1.4646,17.476,0.90874,-6.4188
17.7,0.093554,0.016701,-0.048692,-1.0253,-0.062155,0.090298,-0.018382,-2.787,12.319,-1.2978,-47.23,0.42461,17.78,0.63641,-8.4306,0.08101,0.016017,-0.059708,-1.0011,-0.062296,0.094738,-0.023039,-1.9246,12.13,0.60308,-47.368,1.707,19.389,-0.96341,-8.9785
17.8,0.096888,-0.00018889,-0.057377,-0.99692,-0.055128,0.094142,-0.015954,0.27544,12.273,0.46439,-48.182,0.56953,15.928,-1.3017,-9.9702,0.086131,0.024021,-0.053834,-0.99595,-0.053417,0.08559,-0.027175,0.49866,11.775,2.1069,-46.744,0.70179,20.631,-0.29211,-7.7124
17.9,0.096606,0.026864,-0.058356,-0.97784,-0.055768,0.078096,-0.027164,-1.1816,12.9,2.0695,-47.73,0.38783,17.802,1.2449,-7.8167,0.092584,0.017031,-0.044456,-0.99103,-0.050795,0.089969,-0.038661,-0.33703,10.634,0.47045,-45.553,1.5735,18.606,-0.19684,-6.1191
18,0.1044,-0.0012206,-0.039297,-0.99183,-0.043297,0.082782,-0.037813,-0.49415,14.031,0.15451,-46.414,1.9005,17.812,-0.7343,-10.003,0.08653,-0.0022407,-0.051697,-1.0022,-0.049325,0.086351,-0.031851,0.53855,11.69,2.2961,-43.793,2.6103,18.081,-0.3253,-5.4382
18.1,0.095699,0.009002,-0.038191,-0.99809,-0.055609,0.091875,-0.017508,-1.4456,11.754,1.1952,-46.18,-0.41355,18.419,-0.78058,-7.6591,0.098465,0.0064712,-0.04307,-0.99779,-0.033429,0.084829,-0.027447,-1.4504,12.604,-0.34338,-45.422,-1.5017,17.146,0.26212,-6.7214
18.2,0.11133,0.0058395,-0.051443,-0.99735,-0.042335,0.082898,-0.021269,-2.6062,11.562,1.0947,-42.953,2.2071,18.992,1.4108,-6.629,0.11309,0.005929,-0.037523,-1.0086,-0.037566,0.088056,-0.035104,-0.028729,11.757,0.32492,-44.761,-0.36614,19.265,0.23603,-6.3919
18.3,0.097414,-0.01495,-0.046598,-0.99741,-0.046926,0.083961,-0.030094,-3.9597,12.338,1.9722,-44.321,-0.056546,19.149,1.2773,-5.7534,0.093103,-0.002044,-0.036567,-1.0084,-0.035653,0.079305,-0.043255,0.78587,9.1775,2.1737,-44.496,-0.63505,18.457,1.5866,-6.6736
18.4,0.11689,0.01785,-0.040715,-1.0125,-0.04741,0.083117,-0.029592,-2.846,11.834,-0.06632,-44.643,-0.91386,19.797,0.39929,-6.4666,0.10052,-0.0082646,-0.051149,-0.99431,-0.030833,0.080543,-0.036715,-0.13479,11.449,0.029238,-44.346,-0.82817,18.532,2.1915,-5.9787
18.5,0.10988,-0.010571,-0.033126,-0.99955,-0.038762,0.083217,-0.030086,-0.14677,9.4819,0.91144,-44.718,0.98768,18.233,1.5603,-4.8397,0.11077,-0.027022,-0.042732,-1.0008,-0.038626,0.090136,-0.039458,-1.5418,9.233,-1.9965,-43.659,1.5316,19.311,0.87746,-5.168
18.6,0.11702,-0.019089,-0.057876,-0.98735,-0.02876,0.083222,-0.032335,-1.4761,10.472,1.1529,-43.961,-0.66804,18.57,0.56185,-5.3872,0.10208,-0.020469,-0.033397,-0.97707,-0.032178,0.086147,-0.030526,-1.9407,8.7347,0.52774,-43.164,0.9885,16.902,0.73455,-6.0484
18.7,0.12039,-0.014196,-0.025312,-0.97458,-0.034405,0.083397,-0.031438,-1.7312,8.7864,0.22555,-43.379,0.040244,19.036,1.2957,-6.9521,0.12364,-0.034035,-0.026785,-0.99023,-0.040666,0.077819,-0.034971,-0.44289,9.336,1.7298,-41.325,0.16362,20.256,0.02538,-4.2747
18.8,0.10792,-0.022393,-0.027974,-0.98033,-0.038199,0.087143,-0.025064,-1.8775,9.7339,-0.94268,-42.782,-1.4436,16.865,1.0659,-4.0501,0.12269,-0.011087,-0.032533,-0.99232,-0.035054,0.081411,-0.030097,0.47083,7.5028,-1.1952,-43.978,1.2311,19.383,-1.5065,-5.1697
18.9,0.13428,-0.015597,-0.021611,-0.99702,-0.031968,0.085307,-0.033167,-0.48554,9.0444,-0.13108,-42.534,-0.89923,19.332,1.2255,-4.961,0.13146,-0.026526,-0.019247,-1,-0.02725,0.075067,-0.040591,-3.2535,7.2668,1.5322,-42.783,-0.88817,17.214,0.070475,-4.9035
19,0.13273,-0.027091,-0.041391,-0.98406,-0.026216,0.079675,-0.03142,1.6818,9.8351,-0.44715,-43.763,-0.84255,17.88,1.8817,-4.411,0.10777,-0.034329,-0.027387,-0.98065,-0.021061,0.071638,-0.034137,1.6039,7.523,0.39695,-42.615,-0.28092,16.165,0.61527,-3.6157
19.1,0.13608,-0.033183,-0.031644,-0.98576,-0.029046,0.076339,-0.033936,-0.4226,6.5237,0.57625,-40.891,0.55871,17.317,0.32655,-4.4023,0.13464,-0.036222,-0.028109,-0.98498,-0.016328,0.079747,-0.045064,-2.2128,7.7228,0.11884,-40.415,-0.93614,18.306,0.69852,-4.605
19.2,0.12789,-0.047849,-0.039632,-0.99502,-0.030017,0.091322,-0.033171,-0.80457,6.8072,1.6618,-40.927,-0.95732,17.215,-0.68612,-3.1612,0.12672,-0.043614,-0.015447,-0.98202,-0.020498,0.078665,-0.038481,0.81991,4.7145,0.040904,-40.079,-0.84132,17.993,-0.31079,-4.3026
19.3,0.12258,-0.02748,-0.03207,-0.98847,-0.021856,0.073412,-0.038216,0.28714,6.0812,0.58214,-43.966,-1.5269,19.391,1.5971,-4.4274,0.1044,-0.041001,-0.016783,-1.005,-0.019457,0.082749,-0.02966,-0.63297,6.3051,1.1224,-40.816,-0.21884,17.21,-1.4645,-4.0603
19.4,0.1129,-0.0406,-0.020324,-0.99516,-0.017043,0.070386,-0.043944,-1.1233,4.2533,0.38929,-41.342,-0.18972,18.976,-0.16044,-4.5232,0.11301,-0.051096,-0.015525,-0.9907,-0.028301,0.071102,-0.031258,-2.1278,4.4781,2.4112,-40.272,0.21922,17.856,-0.47622,-3.0138
19.5,0.1094,-0.043352,-0.0095785,-1.0027,-0.020481,0.074663,-0.027766,-1.6573,5.1697,0.49417,-41.701,0.31328,19.383,-0.16607,-2.6865,0.12843,-0.039665,-0.015754,-1.0085,-0.020852,0.081238,-0.022978,-1.6505,5.0369,1.2583,-41.45,-0.59415,16.425,0.68524,-1.9581
19.6,0.13729,-0.048863,-0.009614,-0.98638,-0.017431,0.078684,-0.02745,-0.41216,5.9016,0.4484,-40.494,-1.1743,14.961,0.59735,-4.5689,0.11973,-0.057312,0.005709,-0.96772,-0.021245,0.074448,-0.031148,-0.8642,4.3596,1.4413,-39.194,-0.34064,19.271,1.4415,-4.6195
19.7,0.14014,-0.061597,-0.031432,-0.99564,-0.014232,0.069668,-0.033225,-0.25206,2.7942,0.9775,-40.568,-1.176,17.062,-0.2378,-2.2985,0.11769,-0.073071,-0.024958,-0.9737,-0.017582,0.077553,-0.030739,-0.66667,4.2414,0.63861,-39.737,-0.60674,16.044,-0.53175,-4.7752
19.8,0.15535,-0.07228,-0.013207,-0.9923,-0.022601,0.066475,-0.026381,-0.66573,5.3725,1.95,-41.699,1.095,15.672,0.51321,-3.8225,0.12425,-0.053307,-0.0054622,-1.0091,-0.0074024,0.074389,-0.033338,-0.48721,3.6966,0.91854,-39.733,0.5593,16.804,-1.1598,-5.2464
19.9,0.1462,-0.072184,-0.021409,-0.98583,-0.013382,0.070928,-0.034447,-3.7019,2.8133,0.55125,-39.692,-0.18309,18.502,-0.85714,-4.5302,0.136,-0.064379,0.0047404,-1.003,-0.0041807,0.069647,-0.030532,-0.23002,2.3088,-2.0269,-39.228,-1.4179,16.429,0.77518,-5.3222
20,0.12698,-0.068783,-0.016291,-0.99786,-0.014329,0.075139,-0.030347,-1.2338,2.7582,0.68374,-37.852,-1.5713,15.558,-0.47611,-3.416,0.12388,-0.062942,-0.0095243,-0.97924,-0.0090807,0.074885,-0.035935,-1.5639,1.9773,2.2581,-39.24,-0.29608,15.378,0.061313,-2.9158
20.1,0.13802,-0.080618,0.0020473,-1.0079,-0.0067834,0.072134,-0.027101,-2.0853,3.6015,1.9525,-40.444,0.20882,17.081,-0.4305,-3.1025,0.12176,-0.070191,0.0049227,-0.98816,-0.011024,0.063774,-0.030418,-0.49307,1.7866,1.901,-39.486,-0.048991,15.738,0.826,-4.7831
20.2,0.12625,-0.077102,0.0038712,-0.99466,-0.013406,0.066764,-0.028262,-0.85714,2.2512,-0.4133,-39.808,-1.1672,16.234,0.54119,-3.8052,0.12929,-0.07202,-0.0015855,-0.99351,-0.0088081,0.075582,-0.019802,-1.1184,2.7298,0.92073,-38.486,-1.6756,17.229,0.90843,-5.0757
20.3,0.14208,-0.082036,0.0025686,-0.97159,-0.013187,0.074077,-0.024012,-0.23524,1.8882,1.8372,-41.067,0.73235,15.977,-0.33383,-4.6089,0.13713,-0.08258,-0.0015457,-0.99931,-0.0036746,0.070219,-0.019949,-0.71135,-0.0419,0.74169,-38.63,-0.74774,14.398,0.20733,-7.7337
20.4,0.15,-0.084,-0.0084242,-1.0005,-0.013482,0.052633,-0.024777,-1.7594,0.49526,-0.026559,-38.263,-0.28929,16.634,0.084788,-4.6194,0.11041,-0.076555,-0.0085742,-0.98148,-0.0020632,0.066347,-0.02428,-0.93421,0.69649,-1.2459,-38.922,0.32509,14.609,0.88103,-4.7877
20.5,0.13972,-0.08534,0.0018897,-0.96533,-0.0096431,0.068332,-0.029347,-1.6797,1.7614,-0.30867,-38.658,0.30994,15.63,-0.2126,-4.7741,0.13693,-0.10142,0.011955,-0.99175,-0.018613,0.059376,-0.016507,-0.79127,0.13924,-0.11099,-36.817,-0.97728,14.633,-2.189,-6.8805
20.6,0.14331,-0.10201,-0.0036895,-0.98141,-0.0068403,0.058408,-0.022039,0.18441,0.3384,-0.79247,-38.078,0.046076,15.6,-0.2267,-5.8235,0.1283,-0.09428,0.0081377,-0.99398,0.0016298,0.055405,-0.024114,-0.15982,-0.33263,-0.27045,-36.705,-0.0023865,13.154,-1.3965,-6.2018
20.7,0.13574,-0.079211,-9.5173e-05,-0.97692,-0.00086384,0.069556,-0.027083,-0.3244,-2.2167,-1.4076,-35.721,-0.70208,15.402,-0.64095,-5.2977,0.12439,-0.092784,0.0056985,-0.99031,-0.0017167,0.071235,-0.025282,-1.0468,-1.0976,0.18056,-38.083,-1.4005,14.62,-0.89985,-7.444
20.8,0.16154,-0.076988,0.0046949,-0.98833,0.0044806,0.065775,-0.021017,0.013459,0.4165,1.7208,-35.02,-1.9442,15.436,-1.3757,-5.2173,0.12533,-0.090461,0.003577,-0.98355,-0.012865,0.065416,-0.015056,-2.4943,-2.1861,-0.034122,-36.845,-1.0336,13.789,-0.45003,-6.5233
20.9,0.14848,-0.097162,0.0084856,-0.98028,-0.0062233,0.059441,-0.020779,-0.86931,-0.60065,0.31316,-36.465,-0.89528,14.195,-0.75595,-6.8255,0.12703,-0.095144,0.003828,-0.97956,-0.0043695,0.06234,-0.019889,-2.6109,-0.38772,0.71453,-35.694,-1.7885,13.396,-0.986,-7.5987
21,0.13448,-0.080879,0.0016732,-1.0098,-0.0033592,0.066086,-0.023159,-1.1109,-2.6286,-1.321,-35.867,-1.543,12.777,-1.3441,-5.5696,0.13364,-0.1024,0.00049382,-0.97781,0.0055212,0.057073,-0.022235,-0.78581,-1.9213,1.0115,-37.318,-0.54238,11.835,0.44947,-7.2597
21.1,0.14598,-0.09932,0.001159,-0.99867,-0.0028638,0.055096,-0.023118,-1.6208,-2.5733,1.9353,-35.238,-0.83797,14.171,-1.2466,-6.0962,0.12976,-0.10555,0.021556,-0.98784,-0.00092343,0.056299,-0.01674,0.29911,-2.3969,1.757,-35.723,0.35855,14.394,0.75341,-6.7674
21.2,0.1358,-0.1147,0.023954,-0.98224,0.0029996,0.058003,-0.01474,0.32092,-1.2378,0.95634,-35.739,-1.2929,15.314,-2.2601,-6.0854,0.16672,-0.10144,0.019129,-0.98714,0.0070086,0.055396,-0.0080567,-0.90987,-1.067,1.5082,-35.755,-1.9368,12.772,-1.4627,-8.2041
21.3,0.14761,-0.092317,0.023674,-0.97727,-0.0040442,0.05159,-0.014365,-0.2506,-1.8626,0.90692,-35.745,-2.4213,11.726,-1.9655,-6.2097,0.13402,-0.12219,0.011698,-0.99851,0.000945,0.040589,-0.011725,-2.2256,-2.0858,0.89474,-33.845,-1.0593,10.399,-2.0904,-8.4597
21.4,0.14659,-0.097567,0.030602,-0.9945,0.00064394,0.066288,-0.019997,-0.60796,-1.0066,2.4168,-34.908,-1.6875,11.707,-0.044154,-6.9671,0.13656,-0.1068,0.027016,-0.98772,0.0022415,0.059351,-0.0092069,-1.819,-4.0019,0.38712,-33.896,-0.65968,10.682,-1.1743,-7.3899
21.5,0.15222,-0.10798,0.023193,-0.97698,0.00075848,0.057869,-0.011151,-0.28072,-3.0819,0.47803,-34.989,-0.19479,10.553,-1.7214,-4.6597,0.12827,-0.10611,0.0091446,-0.98872,0.00077691,0.0492,0.0035183,-0.46775,-2.7798,-0.21895,-34.847,0.89951,10.053,-2.7057,-8.202
21.6,0.15364,-0.11911,0.023023,-0.9761,0.0020967,0.040856,-0.012655,-2.1155,-1.7277,-0.36517,-35.91,-1.1199,12.562,-0.23227,-7.4649,0.13441,-0.10866,0.027573,-0.967,0.0070865,0.033945,-0.0088103,-0.43431,-3.8298,-0.36287,-35.218,-0.49311,10.869,-1.7679,-7.5844
21.7,0.15268,-0.12417,-0.00017932,-0.98099,0.0050698,0.056295,-0.0093852,-0.027163,-3.3631,0.090983,-34.895,1.071,13.392,-1.8818,-7.2794,0.13045,-0.12256,0.021501,-0.97746,0.0033513,0.051738,0.0025667,0.97425,-5.1419,2.3785,-34.992,-1.6027,9.0085,-0.59913,-8.8079
21.8,0.15739,-0.12207,0.017734,-0.97695,0.0041742,0.04495,-0.0056191,-1.22,-2.9138,0.62977,-33.567,-0.17914,10.197,-0.46636,-8.2147,0.12138,-0.096599,0.0048648,-0.96801,0.0083708,0.054021,-0.0099471,-0.017759,-5.9661,-0.015275,-34.027,-0.75796,8.804,-1.547,-10.063
21.9,0.13965,-0.1134,0.013022,-0.9781,0.0034007,0.050641,-0.014782,-2.0013,-4.3735,-1.9945,-33.848,-2.2447,12.142,-0.029496,-7.5233,0.14686,-0.12276,0.017204,-1.002,0.0032589,0.033812,-0.0014552,-1.1159,-4.8413,0.97826,-31.779,-0.56077,9.314,-1.5197,-8.0585
22,0.13931,-0.12776,0.0065142,-0.97464,0.0058692,0.045067,-0.011936,-1.4427,-4.1641,0.29448,-33.957,-2.0709,10.733,-1.6881,-8.1314,0.1312,-0.1288,0.005033,-0.99489,0.0062969,0.047045,-0.0050204,-1.469,-6.112,-0.63251,-33.604,-0.24687,11.502,-0.036756,-11.499
22.1,0.13822,-0.11225,0.020586,-0.98852,0.010768,0.035357,-0.0046144,-1.8603,-4.0331,1.5291,-32.265,1.0149,10.692,-0.65495,-5.7287,0.14217,-0.13093,0.031474,-0.96779,0.027559,0.048784,0.0024712,-1.6665,-7.7127,0.36794,-32.233,-2.0315,10.28,-2.2287,-10.7
22.2,0.13988,-0.13193,0.009483,-0.97585,0.0030654,0.041753,-0.010381,-2.1894,-4.4151,2.4734,-33.608,-1.8932,9.2984,-1.0231,-8.968,0.1212,-0.11444,0.030917,-0.99846,0.0081525,0.032148,0.0052707,-1.5454,-7.0228,-1.3609,-32.326,-0.1741,9.5489,-1.0695,-11
22.3,0.13789,-0.14182,0.011822,-0.98745,0.0040832,0.037487,-0.0077779,-0.89999,-6.7132,-0.6816,-32.612,-1.8215,8.8789,-1.7973,-10.414,0.13616,-0.13782,0.03524,-0.97146,0.013145,0.038794,-0.00014578,-0.70839,-6.9643,1.1163,-32.871,-1.3021,11.584,-1.211,-13.307
22.4,0.12825,-0.12538,0.02776,-0.991,0.013344,0.034939,-0.0058386,-1.5537,-4.8155,1.2986,-32.125,-0.63211,9.4109,-1.9828,-6.428,0.12916,-0.1311,0.019023,-0.97771,0.01299,0.036627,0.010896,-0.82203,-5.5835,0.058494,-31.07,-3.1034,7.423,-0.019312,-10.566
22.5,0.14911,-0.13114,0.026706,-0.9733,0.011504,0.033417,0.0025012,-0.43447,-7.0509,3.0507,-33.325,-1.0138,10.395,-1.8766,-9.6518,0.12107,-0.13314,0.028658,-0.98492,0.013437,0.043304,0.0043335,0.8496,-8.5687,0.64654,-31.069,0.93712,10.218,-0.33806,-12.668
22.6,0.13793,-0.13645,0.013402,-0.98229,0.01134,0.036538,-0.005223,-2.4861,-6.1466,1.6357,-30.547,-0.46578,10.104,0.037604,-8.0386,0.12195,-0.12079,0.02501,-0.98221,0.022657,0.030614,0.0095628,-2.9888,-7.7963,-0.68712,-29.896,1.6317,10.32,-1.2914,-11.838
22.7,0.13613,-0.12809,0.028733,-0.98971,0.017206,0.026144,0.0007707,-2.034,-7.7896,-0.57624,-31.414,-0.50721,10.321,-0.85429,-9.7818,0.13595,-0.14468,0.0020555,-0.96177,0.010699,0.025489,0.0092057,-0.7091,-8.1624,2.4454,-30.309,-0.071583,9.6482,-1.1883,-12.754
22.8,0.1327,-0.13865,0.02368,-0.97632,0.0018835,0.036414,0.0011514,0.22231,-7.4626,1.4567,-30.998,-1.7711,10.966,-0.36899,-10.132,0.13579,-0.12646,0.027819,-0.98706,0.013036,0.030913,0.0057945,-1.532,-7.7984,1.006,-29.585,-2.5108,7.0341,-0.88109,-12.253
22.9,0.13843,-0.13233,0.016352,-0.97427,0.0095285,0.039907,0.0092196,-0.26442,-7.4795,0.33372,-30.164,-1.198,8.8174,0.62806,-11.621,0.10509,-0.12122,0.028075,-0.96692,0.024677,0.032695,0.0087233,0.059713,-10.231,2.2142,-30.704,-0.76711,8.3696,-1.2438,-12.494
23,0.14011,-0.15174,0.019902,-0.99812,0.022918,0.025593,0.003676,-0.57354,-8.4169,1.8575,-30.311,-0.77628,6.9035,-2.1884,-12.027,0.10764,-0.11983,0.018097,-0.97256,0.012855,0.015624,0.01915,0.078441,-10.485,0.77744,-28.383,-1.1494,8.3575,-1.1522,-13.945
23.1,0.1326,-0.1508,0.01852,-0.98214,0.0093336,0.031214,0.0086059,-2.5997,-8.502,1.3285,-30.579,0.16401,8.9031,-1.8371,-12.17,0.12853,-0.1258,0.0064999,-0.99911,0.011155,0.031312,0.012328,0.11659,-10.912,0.58371,-29.073,0.35352,7.3157,-0.2446,-14.081
23.2,0.1223,-0.14648,0.017926,-0.97122,0.017167,0.026437,0.0022007,-2.0936,-8.6102,0.34894,-30.325,1.948,8.5045,-0.39967,-11.997,0.10686,-0.13964,0.012857,-0.95711,0.017827,0.019211,0.019907,-2.3852,-9.6134,0.71508,-29.898,1.0251,7.3532,-1.6468,-13.849
23.3,0.11504,-0.14379,0.0082839,-0.99291,0.026387,0.033848,0.010422,-0.16297,-8.2988,0.85758,-30.796,-1.1697,7.1894,-1.1445,-12.834,0.10759,-0.14952,0.020685,-0.98417,0.012291,0.016073,0.020075,-0.60194,-9.6949,2.3589,-29.856,0.22551,8.1228,-0.056108,-12.233
23.4,0.1276,-0.14931,0.027658,-0.96731,0.01989,0.023443,0.014189,-0.058883,-9.7612,0.77562,-30.41,2.0297,6.6152,-2.1192,-11.822,0.1162,-0.13872,0.012591,-1.0025,0.023744,0.027485,0.018348,-1.2853,-12.849,0.35889,-28.941,0.63333,5.1822,0.66986,-13.774
23.5,0.13016,-0.16388,0.0306,-0.9885,0.021674,0.022184,0.003265,-1.2779,-10.945,1.8769,-29.031,1.3827,6.8024,-0.45941,-13.24,0.10657,-0.13849,0.012361,-0.99281,0.01609,0.020125,0.017802,-0.30963,-11.772,0.42734,-26.543,0.38291,7.6446,0.33108,-14.392
23.6,0.11225,-0.15501,0.018572,-0.98112,0.017285,0.018905,0.0080794,-1.4438,-9.6626,1.8395,-28.713,-1.8464,7.5476,-0.97545,-13.086,0.11286,-0.15286,0.014431,-0.99486,0.014951,0.015485,0.012017,-1.556,-11.296,0.048384,-27.455,-0.8333,7.8137,-1.5425,-15.603
23.7,0.11307,-0.13908,0.014169,-0.98565,0.015198,0.021667,0.015365,1.4565,-10.483,0.85033,-29.639,0.90614,7.5413,0.92797,-12.319,0.1208,-0.15115,-0.0064427,-0.99441,0.01752,0.013246,0.023311,0.025537,-13.098,2.0829,-27.656,0.28069,6.8245,-0.82981,-17.139
23.8,0.12871,-0.13491,0.02846,-0.99971,0.01305,0.014737,0.0085233,-0.39356,-11.496,0.35872,-28.063,-1.3317,4.4808,-0.00042733,-13.376,0.12003,-0.14797,0.023582,-0.98225,0.016226,0.013045,0.02584,-0.05592,-13.601,2.267,-26.502,-0.20747,7.1573,-1.4343,-17.212
23.9,0.10927,-0.1539,0.024643,-0.98153,0.020829,0.018144,0.0044316,0.78759,-11.052,1.3752,-27.257,-1.0681,7.6327,-1.0765,-14.689,0.11144,-0.13614,0.010795,-0.98718,0.023482,0.012592,0.019058,-2.2837,-13.059,0.72802,-27.372,1.7296,7.3928,-0.59052,-17.274
24,0.13598,-0.1433,0.018993,-0.96897,0.016783,0.025663,0.014565,-2.245,-11.902,1.0943,-28.905,0.2797,6.322,0.2089,-14.534,0.10863,-0.12952,-0.0036137,-1.0041,0.016876,0.0070404,0.022001,0.52362,-14.126,0.31919,-26.865,-1.2666,8.8798,-3.3287,-17.178
24.1,0.11344,-0.14481,0.031772,-0.99355,0.022747,0.01073,0.023992,-2.2292,-12.946,-2.4132,-25.306,-1.7377,6.9011,0.47109,-15.458,0.097387,-0.14374,0.022809,-0.99387,0.024058,0.006875,0.018682,-2.3611,-12.507,0.39726,-26.169,-1.6893,7.8055,-1.4267,-17.452
24.2,0.1268,-0.14729,0.0013865,-0.99617,0.028596,0.01074,0.018118,-1.8402,-12.625,2.4571,-28.117,-0.054048,7.2834,-1.1862,-14.888,0.10634,-0.15302,0.018971,-0.98807,0.032246,0.0035424,0.016093,-1.0049,-14.955,-1.4653,-25.062,-0.61124,6.7176,-0.81361,-17.886
24.3,0.13486,-0.1592,0.022023,-0.96925,0.01973,0.022694,0.0076133,-1.6592,-14.57,1.2388,-26.747,-1.3044,7.2893,-0.06856,-16.039,0.10566,-0.15083,-0.0015911,-0.99675,0.027255,0.0053921,0.014033,-1.7222,-14.196,0.50461,-25.598,0.48493,7.9013,-1.0564,-18.677
24.4,0.098177,-0.17485,0.014066,-0.98531,0.0259,0.015747,0.01849,-0.097184,-12.355,0.71744,-24.086,0.34487,3.4757,-0.88356,-15.832,0.11537,-0.14745,0.011737,-0.99031,0.034635,0.0042903,0.028195,-0.35442,-15.915,3.1012,-26.124,0.3609,7.5754,-2.472,-15.75
24.5,0.114,-0.16538,0.022247,-0.97972,0.032391,-0.0056094,0.020279,-1.3253,-14.791,0.45572,-25.175,1.4133,4.7096,-1.7741,-19.092,0.09779,-0.14664,0.0017605,-0.98631,0.020983,0.0079248,0.018592,-0.85347,-14.618,-0.42494,-26.226,0.85104,5.8347,-1.8293,-17.742
24.6,0.11995,-0.15799,0.0036333,-0.9907,0.022106,0.0079194,0.023179,-0.78459,-14.299,-1.5266,-26.385,-0.15747,5.0518,-1.097,-16.077,0.10475,-0.14393,0.0054783,-0.98718,0.023293,0.0081977,0.017413,-0.86787,-16.18,-0.091832,-24.515,0.28468,7.64,-0.21018,-18.916
24.7,0.11716,-0.1475,0.01948,-0.984,0.031432,0.0069356,0.025346,-0.94841,-14.893,1.5704,-24.337,-0.57872,5.7739,-0.75093,-17.133,0.10426,-0.17394,0.021127,-0.97488,0.03322,0.0043223,0.023364,-1.5116,-19.173,-0.82055,-23.13,0.76186,7.2212,-2.0629,-17.601
24.8,0.12011,-0.16665,0.0028225,-0.96933,0.020548,0.010059,0.017856,-1.734,-12.483,1.7575,-24.065,0.31847,4.6456,-1.0727,-14.95,0.10511,-0.15761,0.013513,-0.98986,0.035366,-0.0058981,0.0254,-2.2042,-15.934,2.4513,-24.318,0.21857,5.6588,-0.82259,-19.149
24.9,0.11792,-0.14191,0.0050923,-0.97147,0.027054,-0.0029205,0.02301,-2.7245,-15.889,2.6523,-24.008,-0.30962,5.1818,-0.22624,-17.221,0.087056,-0.15494,0.0090058,-0.97266,0.030192,0.00534,0.02636,-0.74146,-18.757,0.88899,-24.294,1.3995,5.8553,-0.26346,-18.994
25,0.10419,-0.1664,0.0078687,-0.97896,0.020658,-0.0026463,0.020392,-1.3967,-15.095,-0.24012,-25.255,-0.72439,4.8745,-1.4251,-17.422,0.093814,-0.15495,-0.0036661,-0.98257,0.028919,0.0016543,0.026286,0.82678,-17.738,0.0012925,-22.831,0.52049,7.2171,-0.69156,-21.348
25.1,0.12206,-0.14737,0.0017129,-0.95362,0.032959,-0.0046703,0.023469,1.3048,-16.997,1.609,-22.044,0.73858,5.2483,1.1078,-16.817,0.077183,-0.15074,0.012369,-0.98363,0.033859,-0.0089991,0.019451,-3.4438,-17.719,1.5328,-22.685,2.0258,7.1279,0.74031,-21.028
25.2,0.10578,-0.14896,0.0031967,-0.97036,0.037831,0.0012911,0.022364,-1.1169,-16.981,0.98034,-22.155,-0.27313,5.1797,-1.0744,-18.861,0.094803,-0.16064,0.0029243,-0.96915,0.035612,-0.0091409,0.017939,-0.4014,-19.305,-1.0791,-22.993,-0.64025,6.9827,0.72276,-21.012
25.3,0.12078,-0.16473,-0.0087861,-0.98492,0.038417,-5.5641e-05,0.021087,-1.2561,-16.461,0.07105,-22.694,0.81783,4.9315,-2.3444,-18.248,0.08896,-0.15166,-0.0004838,-0.967,0.028214,-0.0081649,0.028856,-1.1367,-19.135,1.2687,-21.958,1.3639,6.3957,-0.65182,-20.385
25.4,0.10788,-0.16166,0.0044003,-0.97588,0.029221,-0.0064364,0.032605,-1.7011,-18.731,1.0137,-24.285,0.73858,6.0561,-0.34809,-19.631,0.096395,-0.15639,0.0090761,-0.98868,0.034782,-0.0036187,0.029792,-1.4336,-19.571,0.97078,-22.568,2.0299,7.7799,-0.50284,-23.545
25.5,0.10428,-0.15599,-0.0025211,-0.98194,0.037258,-0.010949,0.023107,-1.3608,-20.377,0.6524,-22.105,1.0084,6.8531,-1.0707,-20.3,0.096632,-0.16905,0.0051812,-0.99204,0.033093,-0.016559,0.029565,-0.4294,-18.889,0.97526,-21.739,2.6876,6.0494,-0.49404,-22.977
25.6,0.096191,-0.17447,0.0040182,-0.99169,0.043941,-0.001297,0.03122,-0.88575,-19.552,1.56,-23.493,1.1382,4.0886,-2.5189,-19.106,0.087303,-0.15531,-0.013108,-0.97561,0.036641,-0.0084669,0.022434,-0.92964,-20.06,0.53885,-22.694,1.9297,8.148,-1.6711,-22.297
25.7,0.10847,-0.14852,0.0034429,-0.98497,0.040077,-0.0046565,0.035524,-0.33163,-19.551,0.021125,-21.739,0.98848,6.1895,-0.61336,-19.131,0.088034,-0.13981,0.0052543,-0.98161,0.04282,-0.015425,0.028432,-1.8384,-20.237,-1.3035,-20.868,0.10331,9.2739,-3.3116,-24.152
25.8,0.095509,-0.1612,0.0020946,-0.98332,0.041173,-0.0069925,0.023239,-2.1375,-19.076,2.1966,-22.569,0.5242,5.8717,-0.49629,-19.415,0.078795,-0.13958,-0.0062634,-0.99109,0.041974,-0.017548,0.027136,-1.626,-22.47,2.2499,-20.692,1.9393,9.1631,-0.20919,-23.862
25.9,0.088552,-0.15323,-0.0041745,-0.9907,0.039955,-0.011083,0.028213,-1.2832,-18.472,0.16954,-20.72,1.269,7.8843,-1.8224,-22.549,0.091815,-0.16159,0.0058003,-0.99321,0.052385,-0.018897,0.018871,0.18837,-21.978,2.6373,-19.869,1.3225,7.705,0.11044,-21.747
26,0.086792,-0.1497,-0.0088192,-0.9894,0.030316,-0.016542,0.023655,0.9804,-19.409,0.80923,-19.586,2.8855,7.2815,-1.1361,-20.292,0.090677,-0.15312,0.004157,-1.0002,0.046071,-0.024323,0.034271,-1.7396,-24.49,0.91797,-20.277,1.5174,8.2279,0.90758,-25.721
26.1,0.087774,-0.16287,-0.010364,-0.98431,0.042541,-0.011208,0.023913,-1.7035,-19.66,0.78702,-20.27,0.47117,7.2918,0.49333,-21.482,0.086574,-0.13805,-0.0081015,-0.98544,0.04957,-0.025569,0.030422,-0.70423,-23.142,0.14476,-20.015,0.89022,9.5003,-2.1044,-24.8
26.2,0.088307,-0.14588,-0.0027915,-0.96783,0.037891,-0.012083,0.01544,-0.57433,-20.72,0.27936,-20.187,0.78286,8.52,-0.80275,-21.2,0.080029,-0.14741,-0.016401,-0.9918,0.031888,-0.027191,0.030546,-0.11952,-25.157,-0.70773,-18.904,-0.76342,10.285,-2.3233,-25.082
26.3,0.077743,-0.13382,-0.00011372,-0.97479,0.035101,-0.022294,0.022765,-0.71328,-18.866,1.5997,-22.625,0.69454,6.148,0.24649,-20.133,0.084324,-0.14754,-0.0020931,-0.9905,0.052223,-0.028682,0.020296,-1.3105,-23.747,0.15565,-18.297,0.51545,9.0255,-0.73359,-24.933
26.4,0.082108,-0.14935,-0.0064724,-0.98409,0.043566,-0.026987,0.024837,-0.78648,-21.235,1.463,-18.512,0.56447,9.0579,-2.248,-23.425,0.087489,-0.16388,-0.0045134,-0.98046,0.043201,-0.026054,0.024197,-0.87841,-24.465,-0.024779,-17.792,0.82317,11.128,-0.5123,-26.066
26.5,0.083503,-0.13851,-0.0072029,-0.98473,0.039326,-0.016757,0.022536,-3.1813,-21.814,1.0145,-18.396,1.6596,9.3934,-1.0609,-23.274,0.058506,-0.12825,-0.026151,-0.9857,0.045903,-0.018075,0.026535,-0.32694,-23.122,0.45367,-18.598,1.3688,11.282,1.4207,-23.637
26.6,0.05872,-0.13987,-0.011978,-0.98709,0.043302,-0.022634,0.02725,-2.0337,-20.801,0.034484,-17.854,0.88377,8.5449,-1.4396,-23.285,0.072259,-0.14511,-0.023905,-0.98824,0.047361,-0.01653,0.027347,0.59274,-25.374,0.65008,-18.772,2.6865,10.429,-1.5716,-26.058
26.7,0.097309,-0.14999,-0.0031746,-0.9725,0.046493,-0.020109,0.025363,0.29207,-22.807,1.3045,-17.621,1.7695,9.5128,-0.61886,-22.982,0.042093,-0.14615,-0.017687,-0.99431,0.051981,-0.030026,0.028077,-2.1539,-23.788,0.0067195,-17.458,0.56894,11.462,-2.533,-25.303
26.8,0.091028,-0.13534,-0.024322,-0.97909,0.037136,-0.024814,0.027652,0.38275,-23.22,-0.19692,-19.701,1.4536,9.9153,-0.7556,-23.619,0.0719,-0.14034,-0.030397,-1,0.047842,-0.025535,0.035461,-0.15622,-24.561,-0.27187,-18.67,2.1793,12.337,0.49175,-25.801
26.9,0.076231,-0.16652,-0.019186,-1.0004,0.049002,-0.025843,0.026442,-0.26847,-24.312,2.087,-18.153,1.0595,10.893,-2.2863,-23.841,0.0513,-0.14725,-0.022794,-0.97594,0.036753,-0.029991,0.028127,-1.1809,-23.405,1.3875,-17.143,-0.259,11.483,-1.5432,-26.4
27,0.060802,-0.12506,-0.013759,-0.97989,0.03574,-0.032839,0.028947,-3.1716,-23.937,1.4162,-16.458,-0.92824,10.441,-0.39587,-22.386,0.057817,-0.13746,-0.010467,-1.0024,0.040951,-0.043201,0.02076,-2.17,-24.467,-0.56827,-19.467,1.0139,10.456,-1.7852,-27.959
27.1,0.060497,-0.13811,-0.0060288,-0.98205,0.048822,-0.031561,0.018921,-1.9082,-24.227,-0.744,-17.903,0.47913,9.7451,-0.86177,-24.085,0.067915,-0.16517,-0.024931,-0.98744,0.050984,-0.030909,0.026593,-0.67487,-25.803,-1.195,-16.77,1.2419,11.109,-1.3541,-26.199
27.2,0.081218,-0.12868,-0.015373,-1.0048,0.050918,-0.035602,0.030502,0.1792,-21.719,0.54519,-17.613,1.8136,7.8556,0.62212,-25.61,0.049806,-0.12891,-0.01432,-0.98476,0.042324,-0.024138,0.027967,-1.2942,-25.721,0.033323,-17.042,-0.70763,11.989,-1.7461,-27.464
27.3,0.07381,-0.13796,-0.0070688,-0.98754,0.053799,-0.029262,0.033341,0.28341,-24.042,1.5077,-16.279,2.4906,10.269,-1.2991,-25.326,0.046347,-0.14621,-0.034813,-1.0015,0.046816,-0.040928,0.027205,-0.47102,-25.908,0.45529,-16.836,1.1943,11.319,-1.846,-26.925
27.4,0.068063,-0.13177,-0.0070816,-0.9819,0.03989,-0.038038,0.02785,-1.7006,-24.046,0.81769,-16.561,-0.26707,9.0519,-0.79788,-26.185,0.043255,-0.12522,-0.021084,-0.98556,0.03866,-0.037418,0.025092,-3.6388,-26.103,0.13965,-15.377,0.74752,11.742,1.3648,-27.872
27.5,0.053434,-0.13194,-0.009946,-0.9959,0.04851,-0.037566,0.02738,-0.6386,-24.045,0.67962,-15.72,1.7357,11.216,-1.4785,-24.989,0.022291,-0.13018,-0.01467,-0.98583,0.046399,-0.036414,0.01946,0.22477,-26.866,-0.14772,-14.708,0.41886,12.482,-0.82473,-27.84
27.6,0.058295,-0.1235,-0.01899,-0.96451,0.047596,-0.035862,0.029675,-2.184,-24.589,1.9853,-15.469,3.4552,13.161,-0.11754,-25.737,0.039892,-0.12028,-0.037033,-0.99595,0.042943,-0.038299,0.028281,-1.2911,-26.298,0.048969,-14.35,0.202,13.507,-1.3373,-30.375
27.7,0.045374,-0.1363,-0.0075029,-0.99067,0.057419,-0.035379,0.033343,0.48233,-27.437,1.3967,-14.241,0.39391,11.256,0.36453,-25.44,0.039634,-0.14075,-0.024823,-0.99432,0.049246,-0.038287,0.022326,-1.3628,-24.282,0.11266,-13.119,2.6465,15.112,-0.43313,-30.563
27.8,0.057609,-0.12626,-0.009934,-0.98484,0.048624,-0.043043,0.019157,-0.043602,-26.801,0.56843,-15.849,-0.27174,13.032,-1.4326,-25.496,0.027069,-0.12321,-0.022425,-0.99186,0.038353,-0.047958,0.023077,1.0805,-26.323,0.47453,-13.632,0.56637,14.246,-1.476,-31.08
27.9,0.040144,-0.13248,-0.021918,-0.98708,0.046239,-0.036555,0.02415,1.2233,-26.225,0.70546,-15.383,1.0763,11.112,-1.1569,-26.587,0.030284,-0.11128,-0.036255,-0.99711,0.037868,-0.04739,0.023306,1.546,-26.277,0.94872,-14.402,-0.46828,15.945,-0.26927,-29.216
28,0.044565,-0.13285,-0.0086864,-0.98242,0.044767,-0.036171,0.03519,-1.4247,-25.694,-0.68135,-12.842,2.3309,11.094,-0.95841,-26.32,0.030908,-0.11724,-0.013185,-0.99465,0.045635,-0.037174,0.027166,-1.6348,-25.027,0.60593,-13.568,-1.2315,15.48,-0.88557,-28.583
28.1,0.031975,-0.13833,-0.0079629,-0.97878,0.055717,-0.040283,0.021918,-0.41746,-25.38,0.48306,-14.204,-0.55839,11.314,0.35779,-26.789,0.0076286,-0.1281,-0.037604,-0.97585,0.044066,-0.054455,0.031987,0.11962,-25.65,0.9592,-13.34,0.50024,14.689,0.44392,-29.431
28.2,0.046461,-0.1232,-0.014097,-1.0076,0.051871,-0.050835,0.019641,-1.242,-25.977,0.79381,-13.917,0.11637,13.362,1.196,-27.022,0.024445,-0.10651,-0.028489,-0.97784,0.04534,-0.051868,0.026058,2.7753,-25.802,1.7091,-14.602,1.7605,14.415,0.75071,-31.017
28.3,0.049692,-0.13794,0.004271,-0.99714,0.047446,-0.036159,0.017517,0.8262,-25.489,-0.71456,-12.123,-0.15031,10.667,0.66171,-27.559,0.04054,-0.096677,-0.035219,-0.99487,0.046128,-0.050799,0.014173,2.0054,-24.823,-1.4259,-14.309,1.0254,15.499,-2.1716,-30.18
28.4,0.046148,-0.1275,-0.015221,-0.98745,0.045024,-0.042863,0.029495,-1.2763,-26.47,0.38908,-13.537,0.67482,13.126,-1.538,-26.399,0.024688,-0.11964,-0.024577,-1.0057,0.043124,-0.049319,0.024366,2.1381,-24.926,3.0373,-12.598,0.79626,16.056,1.6039,-30.84
28.5,0.022803,-0.12489,-0.045186,-1.003,0.04525,-0.058159,0.021498,0.37347,-24.654,1.3116,-13.626,1.6796,14.156,-1.4248,-29.189,0.023757,-0.096103,-0.032766,-0.98876,0.040179,-0.058265,0.024609,1.1865,-25.607,-0.70252,-10.982,-0.36874,16.519,1.6381,-30.295
28.6,0.027316,-0.1073,-0.021125,-0.97793,0.05676,-0.058319,0.023495,0.43413,-25.446,-0.39906,-13.889,-0.14908,13.562,-1.2914,-28.369,0.0071157,-0.10969,-0.026065,-0.99506,0.035844,-0.049815,0.020286,0.52428,-22.505,-0.10081,-11.709,2.0985,16.12,-0.010921,-30.111
28.7,0.035957,-0.11996,-0.036685,-1.0015,0.049865,-0.059915,0.021909,-0.18117,-25.632,1.4375,-10.483,0.24016,11.913,1.0917,-28.259,0.01235,-0.081495,-0.037201,-0.97761,0.035565,-0.059448,0.020203,1.4737,-23.819,0.78847,-11.621,0.47714,16.842,-1.1765,-29.166
28.8,0.036384,-0.10081,-0.037311,-0.996,0.045143,-0.043743,0.015449,-0.63758,-25.214,1.5355,-12.555,-0.51987,14.55,1.6218,-29.564,0.041433,-0.095197,-0.040374,-1.0112,0.033409,-0.068549,0.014359,2.4589,-24.195,-1.1307,-12.026,1.6896,16.91,-0.18699,-28.833
28.9,0.011328,-0.091081,-0.03331,-0.99614,0.040375,-0.0511,0.019403,3.1318,-25.806,2.1652,-12.867,0.42632,14.997,-0.50453,-29.421,0.015648,-0.083249,-0.038044,-1.0137,0.03185,-0.061923,0.017233,-0.18527,-23.323,0.66464,-11.893,3.7155,15.466,0.26006,-28.703
29,0.028581,-0.1073,-0.022488,-1.0035,0.040896,-0.060076,0.021992,0.25848,-25.252,1.5576,-12.018,-0.044308,14.978,-0.46924,-29.703,0.010354,-0.074169,-0.045316,-1.0199,0.041261,-0.046655,0.020892,1.678,-22.767,1.0265,-13.11,0.78172,16.473,0.48998,-28.323
29.1,0.011368,-0.10409,-0.030948,-0.97819,0.047608,-0.053619,0.028208,2.6673,-21.902,1.7172,-10.287,1.5104,14.982,0.58321,-27.427,-0.0064597,-0.081397,-0.036268,-0.9995,0.039175,-0.055024,0.015662,1.2606,-22.106,0.89347,-10.593,0.24387,17.425,0.24695,-26.625
29.2,0.0028153,-0.10251,-0.031055,-1.0119,0.037172,-0.054253,0.014979,2.0653,-23.477,-1.3044,-11.771,-0.17358,16.519,0.45233,-27.655,0.013343,-0.087302,-0.02855,-0.9922,0.033436,-0.0624,0.018082,0.19394,-25.294,0.33657,-8.7373,1.4829,16.554,2.2557,-28.37
29.3,0.019996,-0.10377,-0.045108,-0.9993,0.036411,-0.059108,0.020986,-0.90688,-24.717,-0.083921,-10.216,0.41323,14.803,1.1202,-26.646,-0.0085235,-0.074881,-0.059833,-0.96591,0.029699,-0.067535,0.019778,0.1899,-20.803,0.053541,-9.6301,-0.12861,17.316,1.129,-27.269
29.4,0.015887,-0.092535,-0.016737,-0.98672,0.035853,-0.055206,0.032001,1.9723,-24.526,1.7084,-10.394,1.2189,15.339,0.35343,-29.003,-0.01429,-0.078738,-0.034233,-0.99997,0.033694,-0.0627,0.011854,-1.7687,-20.676,1.2069,-8.2152,0.64257,20.308,1.9517,-28.115
29.5,0.013072,-0.094107,-0.034546,-1.0012,0.043241,-0.052766,0.018742,-1.2963,-21.485,0.25956,-10.664,1.4512,15.969,0.61531,-29.964,0.0019671,-0.06959,-0.049784,-0.99041,0.021524,-0.058319,0.0042581,0.34403,-21.35,0.56738,-9.1129,-0.18265,18.282,1.6676,-28.291
29.6,-0.0038828,-0.092836,-0.048341,-0.99707,0.036929,-0.064863,0.020433,-0.57691,-24.111,0.64608,-9.429,1.2198,14.409,0.33437,-27.206,-0.014676,-0.077545,-0.034792,-0.99349,0.034215,-0.068885,0.017424,1.6462,-21.629,0.26396,-9.4189,1.0857,18.39,-0.90074,-26.434
29.7,-0.0056483,-0.076146,-0.035051,-1.0063,0.035196,-0.058424,0.011375,-1.4242,-22.201,2.4974,-8.8786,0.86093,15.484,2.1477,-26.919,-0.011674,-0.045179,-0.027177,-0.99719,0.03561,-0.061292,0.014262,1.095,-20.574,-0.64572,-10.14,-1.2564,19.569,1.5658,-27.887
29.8,0.012213,-0.079206,-0.044861,-0.98983,0.040595,-0.06392,0.02065,1.5091,-22.501,-1.3915,-8.2842,2.663,16.62,-1.0765,-27.277,0.012379,-0.069013,-0.048953,-0.97679,0.028906,-0.060986,0.0038832,0.49972,-19.779,0.16792,-6.7259,0.86839,18.375,1.38,-27.674
29.9,0.0012307,-0.089056,-0.054198,-0.98687,0.036701,-0.061518,0.018652,-0.064477,-22.861,0.8008,-7.0126,2.2216,16.004,0.028823,-25.892,0.00079374,-0.072113,-0.041654,-1.0142,0.028075,-0.061925,0.0048324,-0.61183,-20.798,0.96002,-9.1137,-0.62149,20.497,-0.21471,-26.059
30,-0.0010164,-0.082247,-0.039693,-1.0003,0.037797,-0.068316,0.017134,0.31446,-23.14,1.5733,-7.1452,0.11096,15.633,-0.24408,-26.88,-0.0015389,-0.061884,-0.047045,-0.99054,0.021526,-0.066385,-0.0011596,-0.010302,-19.637,1.839,-6.1417,-0.1087,21.583,-0.084097,-28.118
30.1,-0.0047897,-0.067714,-0.047592,-1.0187,0.033002,-0.071538,0.015312,0.95045,-19.504,2.8444,-8.7718,0.53601,18.041,0.53068,-26.779,0.0021916,-0.039008,-0.052035,-1.0065,0.026273,-0.067174,-0.0053527,0.30712,-20.383,0.57252,-6.9918,2.0733,19.938,1.1729,-26.201
30.2,0.0060335,-0.065085,-0.050334,-0.99596,0.044106,-0.070448,0.0087383,0.012358,-21.15,0.83202,-6.5986,-0.47014,17.822,0.54321,-25.061,-0.0019459,-0.065332,-0.041157,-0.99117,0.028685,-0.063049,-0.0029009,-0.34458,-21.597,-0.99921,-6.9828,0.24952,20.36,-1.8392,-25.558
30.3,0.0053043,-0.069447,-0.031877,-0.98552,0.043391,-0.066905,0.008703,0.43235,-18.656,-1.3289,-5.1791,0.7935,17.355,0.23473,-25.571,-0.0032129,-0.040723,-0.025219,-1.0061,0.024947,-0.05748,0.0050357,0.91091,-18.842,-1.8897,-10.047,1.2991,20.931,2.6485,-26.926
30.4,0.0065478,-0.05494,-0.028143,-1.019,0.044933,-0.063672,0.0035858,2.0693,-20.165,0.29164,-7.0927,-1.4713,16.819,2.0687,-25.544,-0.0042902,-0.046755,-0.049329,-0.98139,0.035311,-0.059365,-0.0031524,0.52408,-19.174,1.4848,-9.236,1.0734,19.359,1.5062,-24.191
30.5,-0.012791,-0.064977,-0.049277,-1.0136,0.044022,-0.067904,0.0085171,0.87043,-19.668,-0.16433,-6.6523,0.98424,17.814,0.34387,-24.547,-0.029861,-0.037231,-0.026188,-0.98742,0.024181,-0.061747,0.0062515,0.14092,-16.583,-0.46581,-9.2049,1.456,20.762,-0.12894,-24.735
30.6,0.0038742,-0.05415,-0.044821,-1.0039,0.025269,-0.069261,-0.0014265,-0.12562,-19.202,-0.21689,-7.7124,2.1595,17.368,0.48678,-24.737,-0.019263,-0.033226,-0.050157,-0.98967,0.024141,-0.05783,0.0037303,-0.035217,-18.174,-2.5689,-8.2405,-0.66621,22.195,1.9818,-25.751
30.7,-0.014033,-0.070191,-0.041283,-0.99008,0.034827,-0.060068,0.0045194,1.0459,-20.542,-1.5944,-8.0908,2.5089,17.986,-1.5108,-23.341,-0.032507,-0.037584,-0.059992,-0.99762,0.032896,-0.048727,-0.0055503,1.8199,-16.299,0.10609,-8.9964,-1.1115,23.113,0.7211,-24.667
30.8,-0.0026925,-0.057995,-0.033863,-1.0004,0.031,-0.056481,0.007916,0.34339,-19.372,-1.4119,-7.3152,-0.7952,18.35,1.1798,-25.525,-0.021308,-0.052531,-0.050991,-0.98301,0.024444,-0.045901,-0.0012366,-0.93822,-17.884,-1.9279,-10.419,0.91823,22.595,0.19117,-25.681
30.9,-0.0019201,-0.042503,-0.034397,-1.0012,0.027289,-0.064971,-0.0035406,0.69829,-18.551,0.1901,-8.2033,1.2253,18.961,2.972,-23.031,-0.0068907,-0.044811,-0.038951,-0.99836,0.031032,-0.049271,0.0080446,1.9248,-17.426,-0.34836,-10.774,0.52694,21.065,1.6107,-22.693
31,-0.029884,-0.057784,-0.05032,-1.013,0.04243,-0.064128,0.0026411,0.011011,-21.206,-1.9765,-8.5967,0.94452,18.895,1.6935,-23.149,-0.025145,-0.039711,-0.046163,-0.98985,0.018559,-0.056454,0.001111,0.63563,-17.43,-1.6961,-11.647,-0.2772,24.455,0.18355,-25.359
31.1,-0.029904,-0.050781,-0.036335,-1.0089,0.032653,-0.055249,-0.0055011,-0.69987,-17.458,-0.4426,-8.6053,-0.34584,19.848,2.1981,-22.351,-0.027533,-0.023421,-0.05079,-1.0172,0.012926,-0.049423,-0.0054994,-0.015437,-16.804,-1.7794,-12.13,2.2474,23.506,2.5141,-22.995
31.2,-0.012798,-0.048267,-0.040748,-0.99089,0.028144,-0.063804,-0.0042219,0.9785,-18.231,-1.8127,-8.5779,2.1279,20.761,-0.036058,-23.331,-0.028962,-0.023477,-0.046759,-0.97119,0.023548,-0.051088,-0.010473,0.021774,-14.691,0.12345,-12.612,-1.4672,22.836,-0.21601,-21.706
31.3,-0.029783,-0.028148,-0.038365,-1.0065,0.018013,-0.060239,-0.0029617,0.71711,-18.923,0.55582,-11.224,0.71754,20.9,-0.38766,-23.295,-0.032724,-0.023354,-0.041366,-0.99836,0.028165,-0.037966,-0.010557,0.49291,-14.354,-2.0261,-11.107,0.49796,22.086,-0.087758,-20.47
31.4,-0.01755,-0.024429,-0.061082,-1.0027,0.031695,-0.060724,-0.0032355,0.4524,-17.612,-0.59604,-10.248,0.72347,19.094,1.3291,-23.45,-0.019919,-0.0034862,-0.031522,-1.0006,0.010939,-0.043214,-0.011466,1.2104,-16.426,-0.85089,-13.431,0.74094,22.693,1.7022,-22.85
31.5,-0.023231,-0.039671,-0.022972,-1.0017,0.028683,-0.051773,-0.019911,2.8153,-18.778,-2.9239,-9.1458,0.055358,22.106,2.1691,-22.392,-0.027786,-0.017934,-0.033589,-0.99312,0.016173,-0.043144,-0.018579,1.183,-14.07,-2.1091,-14.248,1.5531,22.358,0.69968,-21.495
31.6,-0.040774,-0.039139,-0.061861,-0.99755,0.021916,-0.047889,0.0059311,1.3353,-16.652,-0.65342,-12.835,0.37993,19.708,0.30257,-22.27,-0.021625,-0.010352,-0.036252,-0.99562,0.024246,-0.038217,-0.013776,0.61542,-14.64,-0.96659,-13.28,0.43081,25.415,1.8413,-20.968
31.7,-0.016411,-0.024725,-0.058304,-1.0071,0.016469,-0.041628,-0.0069653,-0.48258,-17.649,-2.0792,-9.6327,-1.2582,20.355,1.5392,-21.533,-0.03521,0.0020933,-0.040373,-1.0054,0.02251,-0.041671,-0.016067,0.99025,-16.163,-0.133,-14.969,1.592,24.123,-0.5955,-21.564
31.8,-0.045573,-0.043422,-0.022914,-1.0002,0.024903,-0.046007,-0.0061475,-0.056301,-16.728,-2.3545,-11.414,2.2605,20.692,2.6643,-22.09,-0.029273,-0.032121,-0.036712,-0.99303,0.014004,-0.032055,-0.0049796,1.0631,-12.19,-0.77172,-13.341,0.74502,24.789,-0.46654,-22.366
31.9,-0.025851,-0.036455,-0.042827,-1.0041,0.021487,-0.045321,-0.0038314,1.9519,-14.535,-0.73036,-13.953,0.32139,22.742,0.95274,-20.114,-0.040648,-0.018858,-0.039596,-0.98665,0.011552,-0.036133,-0.017865,0.97024,-13.034,-1.4158,-14.536,1.4662,24.958,-1.6254,-21.226
32,-0.034301,-0.010551,-0.045552,-1.0071,0.027282,-0.054263,-0.014156,1.1549,-14.821,-2.5919,-12.484,2.1938,22.636,0.24054,-21.798,-0.036126,-0.020211,-0.05106,-1.0011,0.015025,-0.039579,-0.008325,-0.713,-12.062,-0.31151,-13.477,0.14734,25.281,1.2684,-19.724
32.1,-0.0328,-0.0097653,-0.041864,-1.0123,0.024791,-0.053753,-0.006845,0.2763,-14.343,-1.088,-12.866,0.1572,21.297,0.92396,-20.588,-0.013084,0.01012,-0.021343,-0.99317,0.009922,-0.035514,-0.019075,-0.66987,-13.533,-2.3722,-15.569,1.2094,24.627,0.41064,-18.74
32.2,-0.01589,-0.029642,-0.042674,-0.98955,0.02357,-0.041288,-0.0090668,0.99785,-13.625,-1.1207,-13.88,0.79749,22.577,0.71768,-21.255,-0.035248,0.0073549,-0.0308,-1.0176,0.013332,-0.033641,-0.01199,0.87486,-13.436,-1.1135,-14.823,-0.69324,25.217,-1.0678,-19.154
32.3,-0.044036,-0.0066652,-0.046768,-0.99634,0.023341,-0.041192,-0.0070671,-0.19253,-12.295,-1.3141,-12.487,0.18262,23.525,-0.69933,-19.273,-0.021841,0.0026077,-0.036179,-0.99967,0.014049,-0.042659,-0.020827,0.024324,-12.168,-1.6657,-17.441,2.9326,26.147,0.29307,-20.574
32.4,-0.033682,-0.026038,-0.030739,-1.0022,0.034893,-0.039123,-0.0078366,2.2164,-13.369,0.61865,-12.652,0.16452,21.448,-0.078334,-21.237,-0.029648,-0.007182,-0.032422,-0.9949,0.0046738,-0.040413,-0.019006,-0.28085,-10.811,-1.688,-16.823,1.5703,26.083,-0.86468,-20.437
32.5,-0.047197,-0.01666,-0.018772,-1.0116,0.011421,-0.047917,-0.015121,1.2868,-14.328,-0.90522,-12.148,0.067947,22.896,-1.1102,-19.383,-0.046394,-0.013838,-0.043337,-1.0062,0.0089458,-0.031274,-0.021943,2.0992,-12.849,-1.3989,-16.533,-0.69807,26.407,-2.07,-19.545
32.6,-0.034404,0.0025303,-0.032915,-1.0047,0.011,-0.035944,-0.015459,-0.39439,-14.219,-0.13042,-13.955,0.5284,25.19,0.029126,-18.547,-0.039461,-0.014251,-0.034379,-1.0025,0.016298,-0.026973,-0.018776,0.72045,-11.563,-1.5552,-15.585,-0.09072,25.662,1.8197,-21.327
32.7,-0.041802,0.0021052,-0.02898,-0.98836,0.017247,-0.040356,-0.018157,-0.72629,-13.657,-2.4828,-14.864,-0.98507,22.91,1.3577,-22.006,-0.045816,0.0066085,-0.020371,-1.0112,0.0095631,-0.027129,-0.021568,1.2528,-10.55,0.20558,-18.472,-0.50125,27.534,-0.76544,-21.409
32.8,-0.046259,-0.0029401,-0.04152,-0.99649,0.019848,-0.037581,-0.022849,1.788,-12.511,-0.64063,-14.331,0.40714,23.843,-1.0148,-17.916,-0.03774,0.019913,-0.028215,-0.99616,0.003612,-0.03604,-0.02411,2.0774,-11.19,-0.74785,-20.035,-0.071404,27.015,-0.88794,-21.388
32.9,-0.051914,0.0086903,-0.041444,-1.0247,0.01423,-0.037631,-0.01985,-1.0996,-13.29,-0.32379,-13.948,0.85579,21.909,1.7853,-18.489,-0.034093,0.0063982,-0.031329,-0.98561,0.0048246,-0.034263,-0.020528,1.7336,-8.7851,-3.516,-18.602,0.4,28.742,1.636,-22.744
33,-0.023958,-0.0074914,-0.059794,-1.0148,0.017688,-0.035487,-0.02158,-1.1098,-12.876,-3.2842,-14.413,1.6655,24.484,-1.3351,-19.633,-0.039456,0.01514,-0.01855,-1.0175,0.008935,-0.023493,-0.01825,0.11267,-9.9001,-1.8123,-18.211,0.87883,26.962,1.09,-20.437
33.1,-0.051842,0.021681,-0.028212,-1.0067,0.017023,-0.039328,-0.018132,0.87178,-12.119,-0.7677,-16.819,0.2521,23,0.085179,-19.855,-0.032491,-0.0012943,-0.019374,-0.99,0.0020187,-0.028235,-0.015856,1.4816,-8.1777,0.093601,-19.746,-0.037971,26.905,-0.36326,-22.371
33.2,-0.049379,0.00040553,-0.043536,-0.98423,0.0093911,-0.030316,-0.010119,1.7403,-12.442,-0.94857,-16.18,-0.056556,25.32,-0.99941,-20.209,-0.043273,0.012955,-0.024664,-0.98021,0.0032769,-0.026768,-0.016022,0.17263,-8.9721,-3.2519,-19.73,0.82324,27.902,-0.75403,-20.514
33.3,-0.060041,-0.00042924,-0.035991,-0.99693,0.0086606,-0.030482,-0.020852,0.45227,-12.026,-1.6856,-17.979,1.1669,23.841,-1.2311,-18.589,-0.036275,0.012418,-0.021301,-0.99706,-0.0026558,-0.02046,-0.0096391,2.2136,-8.6381,-0.21191,-19.051,1.0439,26.247,-1.3127,-20.609
33.4,-0.041162,-0.0077627,-0.03772,-1.0097,0.0093271,-0.027001,-0.016575,-0.40241,-9.7362,-1.0202,-17.46,0.48746,24.794,-0.22608,-18.799,-0.043159,0.0075759,-0.035289,-0.99972,0.0092791,-0.027412,-0.022737,1.3408,-9.0039,-1.6344,-18.383,-0.73079,26.883,-0.44373,-21.898
33.5,-0.046804,0.017973,-0.023714,-0.99062,0.01666,-0.027498,-0.0072445,1.6124,-10.832,-0.7572,-18.964,0.42834,25.703,-0.13133,-18.107,-0.043841,0.026237,-0.02381,-1.0155,0.0048397,-0.020629,-0.014399,-1.5171,-7.0875,-0.68592,-19.609,0.1335,27.307,-1.5322,-18.33
33.6,-0.056869,-0.0087057,-0.024132,-0.98882,0.012382,-0.012959,-0.014616,0.59936,-8.9832,-0.39475,-20.209,0.044842,24.851,-0.83761,-20.327,-0.051388,0.027342,-0.01915,-0.99605,0.0032558,-0.019607,-0.020413,1.4288,-7.0041,-1.1348,-20.994,0.2119,28.358,0.13226,-22.206
33.7,-0.029565,0.016698,-0.033002,-0.9889,0.0044572,-0.032659,-0.015923,0.56831,-9.2957,-1.4661,-17.83,0.67116,24.693,-1.4296,-20.017,-0.049874,-0.0096668,-0.033888,-1.0036,-0.00028111,-0.024523,-0.012624,0.58494,-6.6273,-1.968,-21.564,0.64931,28.468,-1.6177,-21.583
33.8,-0.037997,-0.0017936,-0.026602,-0.99811,0.0043078,-0.034188,-0.021996,1.0773,-10.69,-1.0705,-18.295,0.91805,26.661,-0.61826,-19.209,-0.015642,0.022429,-0.028126,-0.99842,-0.0048876,-0.020609,-0.021695,1.2555,-6.5807,-0.96973,-21.654,-0.12561,28.204,-1.5257,-23.744
33.9,-0.03291,0.016178,-0.021401,-1.0097,0.0064554,-0.020923,-0.022889,-0.32517,-8.1526,-1.4021,-20.419,2.2102,25.955,-0.24407,-18.513,-0.042809,0.0060044,-0.0091134,-0.998,-0.0035019,-0.020041,-0.013948,-0.33051,-6.9832,-1.8595,-22.062,1.6455,26.687,-0.98592,-22.331
34,-0.069754,0.017263,-0.0063555,-0.98012,0.0024835,-0.028329,-0.018729,2.7662,-6.9158,-1.4126,-19.406,-0.22489,26.206,3.8979,-19.388,-0.027378,0.019138,-0.0062985,-0.99837,0.00058555,-0.024685,-0.010676,1.1093,-7.1525,-2.7937,-21.249,-1.4507,27.507,-1.6518,-21.697
34.1,-0.047741,0.016328,-0.023846,-1.0164,0.013696,-0.022307,-0.021124,1.3406,-8.9325,-0.7079,-22.544,-0.85323,24.871,0.97628,-20.53,-0.040697,0.033899,-0.02485,-0.98987,-0.011467,-0.010939,-0.012614,0.89324,-6.0394,-1.4114,-23.473,-0.81766,27.02,0.76698,-21.541
34.2,-0.047885,0.024646,-0.020306,-0.99979,0.0045273,-0.02124,-0.01473,0.63861,-8.2832,-0.59671,-20.147,0.34602,26.481,-1.7195,-19.606,-0.03417,0.014631,-0.023293,-0.98993,-0.018056,-0.011111,-0.014886,0.74447,-5.3819,-1.285,-23.3,-1.819,27.492,0.57739,-22.299
34.3,-0.048442,-0.010064,-0.015387,-1.0029,-0.0062279,-0.010959,-0.013054,0.96962,-8.0327,-1.8273,-19.826,0.13003,25.791,-0.47788,-20.374,-0.057752,0.016894,-0.034077,-1.0165,-0.010211,-0.014044,-0.021038,-0.30689,-6.2094,-1.758,-23.894,-0.79218,26.596,-0.73613,-20.733
34.4,-0.057532,0.018475,-0.022262,-1.0136,-0.0010834,-0.021573,-0.024397,1.4351,-7.213,-1.5507,-20.218,-0.080606,27.499,0.24036,-18.978,-0.053005,0.0084697,0.00035485,-0.99957,-0.00032524,-0.013213,-0.015109,1.0621,-5.4609,0.57366,-23.983,-0.53591,25.665,-0.3793,-21.791
34.5,-0.063634,0.022967,-0.030328,-1.0084,-0.0031716,-0.011872,-0.01637,0.91748,-8.0206,0.75244,-21.544,1.1171,28.209,-1.1277,-19.523,-0.022601,0.025397,0.0013474,-1.0089,-0.013753,-0.0093847,-0.010616,1.6973,-4.4186,-1.3649,-25.647,-0.81321,27.352,-0.50145,-22.57
34.6,-0.042899,0.025767,-0.019243,-0.98689,0.0024213,-0.023004,-0.017017,0.89958,-5.894,-0.50048,-22.633,0.11026,26.054,0.28143,-20.423,-0.050197,0.014282,-0.016247,-1.0087,-0.020387,-0.012884,-0.0069001,1.539,-2.6748,-0.93809,-24.896,-1.076,27.965,0.48112,-21.735
34.7,-0.033994,0.0050394,-0.012517,-0.97485,-0.0079638,-0.013476,-0.016882,1.7114,-6.6956,-0.50191,-20.464,-1.1044,25.885,0.2141,-20.553,-0.037673,0.021177,-0.011722,-0.99897,-0.011275,-0.024617,-0.009747,2.2348,-3.935,-0.82676,-23.945,1.0174,26.541,1.2575,-21.693
34.8,-0.051895,0.036252,-0.0058244,-0.99271,-0.0019241,-0.011953,-0.01658,2.3898,-5.5977,-0.9191,-24.052,-0.85807,25.453,-0.83476,-20.685,-0.027065,0.020782,-0.014713,-0.99056,-0.016795,-0.0084944,-0.0088357,0.004189,-4.1311,0.13018,-24.849,-0.24012,25.363,0.34271,-20.776
34.9,-0.033362,0.019144,-0.017339,-0.99355,-0.010583,-0.014647,-0.021876,1.2236,-4.425,-3.4756,-22.829,0.13799,28.709,-0.92681,-21.505,-0.061833,0.037207,-0.0074172,-0.98567,-0.015885,-0.014617,-0.011273,1.7549,-4.4574,0.19778,-24.026,0.42211,24.897,0.16584,-22.885
35,-0.039582,0.028847,-0.03376,-1.009,-0.00058577,-0.015553,-0.0071657,1.1692,-4.8544,-2.2301,-25.734,0.36832,25.444,-0.55588,-21.997,-0.029965,0.020641,-0.0081469,-1.003,-0.021022,-0.014513,-0.014368,1.2034,-2.2691,-1.7949,-26.75,-1.0964,23.84,-1.265,-22.323
35.1,-0.055917,0.021987,-0.0035881,-0.98855,-0.016842,-0.019125,-0.0097296,1.5976,-5.1917,-1.5568,-24.19,1.041,25.48,0.63062,-19.744,-0.04582,0.016839,0.00050741,-1.0004,-0.023314,-0.0081149,-0.012669,0.97697,-1.467,-0.60063,-26.976,0.19872,24.93,3.1629,-21.336
35.2,-0.039586,0.024235,-0.01307,-0.98524,-0.0020659,-0.01355,-0.0082713,0.91251,-4.9645,-1.1111,-23.992,-0.51679,25.597,-0.58374,-20.145,-0.039567,0.035757,-0.011327,-0.99288,-0.024058,-0.0022616,-0.005228,2.2602,-1.6129,-1.2331,-27.063,-3.1818,25.45,2.2314,-20.35
35.3,-0.040144,0.022126,-0.022465,-0.98743,-0.00097314,-0.015989,-0.013101,0.4863,-3.139,-1.6919,-25.232,0.10237,25.109,0.5662,-22.473,-0.045507,0.020944,-0.023401,-0.99598,-0.018464,-0.0034196,-0.012104,0.92636,-0.4921,-1.7696,-26.233,-0.7493,23.337,0.95234,-21.332
35.4,-0.050661,0.021651,-0.019638,-0.99564,-0.017588,-0.0032545,-0.013882,0.53653,-5.34,-2.066,-24.721,-0.10773,26.099,-0.53497,-21.968,-0.028027,0.024606,0.0040509,-1.0081,-0.02259,-0.00072312,-0.0089705,1.2963,-2.031,-3.0439,-29.138,-0.45664,23.08,0.092032,-17.966
35.5,-0.039819,0.016832,-0.0057458,-0.99438,-0.0074856,-0.015689,-0.014723,1.5259,-4.4099,-0.045772,-25.505,0.14461,24.222,-1.6098,-22.501,-0.032133,0.017802,-0.0082451,-0.99721,-0.01927,0.0038613,-0.0092156,0.65846,0.015289,-0.93753,-29.633,-1.1941,24.4,0.59747,-20.304
35.6,-0.042659,0.038316,-0.010059,-0.99657,-0.010064,-0.016682,-0.016017,0.57282,-1.3814,-4.6042,-25.611,0.6723,27.002,-1.1256,-20.272,-0.026619,0.01874,-0.014937,-0.98695,-0.020592,0.0029786,-0.0053807,0.0030183,-1.0286,0.037921,-31.467,-1.202,22.737,0.15947,-19.058
35.7,-0.051158,0.031627,-0.006314,-0.98558,-0.0099538,-0.0024654,-0.014598,0.19457,-3.5333,-0.72293,-26.582,-0.047933,22.947,1.1762,-21.748,-0.024746,0.027473,-0.0011357,-0.99252,-0.025347,0.0051814,-0.012127,1.7881,-0.62225,-3.064,-30.089,-0.98601,21.649,1.1121,-19.426
35.8,-0.036393,0.025433,0.0046343,-0.99843,-0.014171,-0.003263,-0.014054,-0.087459,-3.8442,-2.4769,-27.844,0.11808,23.837,0.19298,-21.956,-0.021688,0.0265,-0.008082,-1.0167,-0.01583,0.0026208,-0.0040681,-0.38358,-0.7138,-2.9579,-30.143,-1.2305,23.372,-0.93705,-20.608
35.9,-0.040376,0.027346,-0.0132,-1.0061,-0.017268,-0.0048691,-0.0076065,2.7707,-1.2535,0.33521,-27.894,0.87216,22.725,-0.49219,-20.334,-0.02349,0.017452,-0.006014,-1.0018,-0.023046,0.0097187,-0.0089638,-0.54662,-1.0886,-1.513,-30.257,-1.0877,22.177,2.2065,-19.56
36,-0.036858,0.028353,0.00062173,-0.99591,-0.0099495,-0.0074858,-0.010459,0.44648,-1.6691,-0.41008,-26.373,-0.32032,24.572,0.90076,-20.976,-0.022866,0.0086983,0.0019379,-1.0093,-0.024361,0.016686,-0.0044424,1.666,-0.26376,0.037436,-30.678,-1.0497,20.647,0.61776,-20.639
36.1,-0.0496,0.022155,-0.011315,-0.99331,-0.01811,-0.0004301,-0.019656,0.35809,-2.469,-0.47198,-27.948,0.36357,21.813,-0.19862,-20.537,-0.021147,0.02776,-0.019781,-1.0036,-0.019823,0.020235,-0.01055,0.1278,1.3585,-1.5673,-30.057,-2.2081,21.713,2.0387,-19.289
36.2,-0.04498,0.044399,-0.0091521,-0.98157,-0.02065,-0.002382,-0.0031141,-0.057287,-0.83437,0.082243,-28.348,-0.33995,22.849,0.33997,-22.079,-0.027208,0.028302,0.005674,-0.99524,-0.028866,0.005473,-0.0056847,0.85601,0.27233,-2.2145,-32.204,-1.6268,19.668,1.2583,-19.292
36.3,-0.043719,0.036909,0.0036607,-1.0063,-0.0075014,-0.0073188,-0.017114,-0.42337,-0.6589,-2.0465,-29.367,0.048784,23.873,-1.6341,-20.028,-0.0098773,0.036085,-0.011907,-0.99949,-0.025774,0.013753,-0.0042979,-1.5657,0.01147,-1.2222,-31.031,-1.6424,20.142,1.7638,-17.996
36.4,-0.030168,0.016039,0.019415,-0.99871,-0.02827,-0.00039758,-0.007589,0.013116,-0.60939,-1.604,-28.892,-0.57836,23.846,1.206,-21.58,-0.036782,0.019902,-0.0064026,-1.0166,-0.024495,0.0080776,0.00026776,0.022261,1.9858,-1.6064,-31.754,-2.7725,20.456,-0.88451,-18.46
36.5,-0.032409,0.026524,-0.00079277,-1.001,-0.022732,-0.0037683,-0.010668,0.41695,-1.0633,-0.20141,-28.949,0.20308,22.371,1.7488,-20.638,-0.035418,0.013435,-0.015569,-0.99531,-0.018095,0.0098608,-0.0031488,-0.44128,-0.86091,-0.53727,-33.093,-1.9692,20.018,1.0152,-19.207
36.6,-0.031481,0.01111,0.017958,-1.0033,-0.028137,0.005489,-0.0042684,1.7196,-0.49915,-0.87356,-29.515,-0.93138,24.11,1.6278,-21.07,-0.030622,0.020504,-0.0031014,-1.0308,-0.030086,0.014054,-0.0072449,-1.1907,0.99582,-2.2972,-34.285,-0.5916,18.826,-0.56703,-16.789
36.7,-0.03443,0.017992,-0.019716,-0.99332,-0.020948,0.012102,-0.0015414,-0.54768,0.85203,-1.6666,-29.229,-0.88851,22.347,0.30361,-21.69,-0.017012,0.0025822,-0.011717,-1.0197,-0.024536,0.023637,-0.0037238,-1.286,-2.9362,-1.6925,-33.745,-2.4591,17.763,2.9258,-16.564
36.8,-0.028521,0.030555,-0.0033531,-1.0021,-0.029263,0.005434,0.0010992,0.60444,-1.1845,-1.8324,-31.817,-1.1965,23.626,0.044499,-19.438,-0.032337,0.014061,-0.01385,-1.0012,-0.023536,0.021779,-0.0066046,-1.0932,0.44252,-0.0091144,-33.252,0.68691,16.672,2.8272,-16.704
36.9,-0.036115,0.028447,-0.022911,-1.0126,-0.022193,-0.00037226,-0.0050139,2.5286,-0.38363,-2.1883,-31.703,-1.1469,21.051,1.1597,-21.273,-0.0081781,0.0062738,0.012375,-0.99372,-0.012895,0.012611,-0.0086861,2.1864,-0.23532,-0.37241,-34.512,-1.7091,17.563,-1.1704,-16.325
37,-0.022041,0.036067,-0.0060882,-1.0094,-0.020099,0.00040002,-0.015858,-0.10262,0.87518,-2.608,-30.057,-1.028,22.232,1.6274,-20.141,-0.0096367,0.019012,0.010884,-0.99527,-0.01355,0.023794,-0.0015798,1.2948,1.0563,1.2241,-32.924,-0.08687,16.113,0.15122,-15.541
37.1,-0.028087,0.039132,0.0019192,-1.0147,-0.023311,0.0063213,-0.013701,2.2504,0.98865,-1.566,-31.189,1.2258,21.953,0.35908,-19.917,-0.0096862,-0.0045211,0.010173,-0.98959,-0.015925,0.013573,0.0039512,-1.4076,-3.4806,2.0132,-33.43,0.3557,15.833,-0.50908,-18.133
37.2,-0.042643,0.021425,-0.0095153,-1.0008,-0.024533,0.011538,-0.0072688,0.26589,1.6836,1.2593,-32.644,-1.3798,21.832,2.3461,-19.385,-0.011789,0.014127,-0.010895,-1.0105,-0.0093285,0.0075854,-0.0056856,-1.2726,-0.47423,-0.45505,-34.074,0.60654,17.263,-0.88456,-17.53
37.3,-0.02539,0.025202,-0.0076195,-1.0043,-0.02637,0.0069242,-0.0014063,0.80491,2.0975,-0.57799,-33.5,-1.5647,21.169,-1.1321,-18.248,-0.0076418,0.021116,-0.0056647,-1.0007,-0.015594,0.020749,0.0041262,-1.2737,-2.5352,1.3373,-32.413,1.8137,16.612,0.0044235,-16.723
37.4,-0.022025,0.038343,-0.0047234,-0.99941,-0.028433,0.013191,-0.0043363,1.293,1.5945,-2.068,-34.759,-1.9439,20.345,1.1786,-19.045,-0.010174,0.0012224,-0.034871,-1.0051,-0.012801,0.014256,-0.0020275,0.73892,-2.3199,1.6328,-31.726,-0.43768,17.217,-1.1699,-17.531
37.5,-0.02418,0.033064,0.0050425,-1.0149,-0.020718,0.012468,-0.013211,0.39531,0.20874,-1.6711,-33.467,-0.5582,21.824,0.35818,-18.559,-0.0074452,0.012291,0.00074499,-1.0022,-0.0043267,0.014526,0.00015367,0.85846,-1.4781,-0.11474,-31.468,-1.1079,17.295,1.04,-18.24
37.6,-0.036118,0.010743,-0.0046472,-0.99287,-0.022214,0.011615,-0.0073691,-0.279,2.2189,-0.90435,-34.38,-2.833,19.486,-0.19066,-17.023,-0.010313,0.00066193,-0.01434,-0.99399,-0.012916,0.010858,0.0064475,-1.9978,-1.3009,0.29889,-31.344,0.35473,16.697,-2.5634,-19.058
37.7,-0.011664,0.0077577,0.0074206,-0.99598,-0.016003,0.017325,-0.0034633,-1.1528,0.58081,-1.1343,-35.238,-1.0064,18.885,1.8283,-17.795,-0.0096307,0.012726,0.0042406,-1.0094,-0.015871,0.011245,-0.011164,0.79761,-3.853,-0.37396,-31.078,-0.33149,17.726,0.22622,-17.751
37.8,0.0061624,0.02957,0.00027715,-0.99578,-0.026967,0.030894,0.00020736,-2.9685,-1.4933,-1.7161,-34.466,0.25129,18.7,1.7545,-18.911,-0.0024472,0.014402,-0.0061848,-1.0019,-0.0098534,0.011454,0.0016193,0.39325,-1.2617,0.31639,-30.573,1.0314,16.621,-0.43746,-19.187
37.9,-0.011686,0.021614,-0.0083045,-0.9962,-0.022224,0.023477,0.003115,-0.24022,0.28651,-1.3546,-34.507,0.0086695,18.263,1.1109,-18.51,0.0060938,0.011114,0.011042,-0.98908,-0.009296,0.016054,0.00074815,0.96337,-4.2892,0.81468,-32.189,0.24631,18.951,-1.083,-15.901
38,-0.021604,0.029743,0.012515,-1.021,-0.017459,0.024763,-0.0047848,-0.2189,-0.38578,-1.319,-36.645,-0.43869,17.664,1.2688,-17.543,-0.016606,0.0062513,0.014381,-1.0095,-0.003589,0.012157,-0.0088401,-1.0334,-1.1739,0.40721,-31.728,-2.3722,16.426,-0.5455,-18.318
38.1,-0.025873,0.032109,-0.0047933,-1.004,-0.018698,0.02527,0.0041176,0.27834,-0.38013,-0.2276,-35.667,-0.21788,16.045,0.77135,-17.456,0.012229,0.0087014,0.0013779,-1.0069,-0.014004,0.014701,-0.0021149,-1.6102,-3.6925,0.75877,-32.052,1.1641,17.818,-0.19036,-18.376
38.2,-0.016278,0.01435,0.0024363,-0.99438,-0.016756,0.022126,0.0080294,-0.8861,-0.29854,0.4785,-33.547,3.1608,16.728,-0.47317,-17.358,-0.016676,0.019149,0.014546,-0.98478,-0.012623,0.011051,-0.0033147,-0.19228,-3.3698,-0.065242,-31.524,1.284,19.107,-0.18642,-18.951
38.3,-0.020142,0.020833,-0.0030668,-1.0078,-0.02129,0.012324,3.8833e-05,-1.0441,1.6175,1.028,-35.236,1.351,18.635,-0.78342,-16.726,0.0062863,0.020118,0.0052329,-1.0048,-0.0078683,0.0059473,-0.0025843,-1.3934,-3.3201,0.67854,-29.65,1.0465,17.41,0.21281,-17.593
38.4,-0.016043,0.0076962,-0.0019218,-0.99383,-0.014269,0.013378,-0.00058751,-2.6999,-0.81257,2.683,-33.384,1.4766,16.249,-1.2479,-15.773,-0.021915,0.01616,-0.0091472,-0.99667,-0.0093724,0.015026,-0.0012692,-1.8681,-3.2706,0.35724,-32.686,0.57257,16.255,-1.082,-18.165
38.5,-0.027186,0.014765,-0.00027886,-0.99791,-0.023508,0.02352,0.0034738,-2.2929,-0.5005,1.734,-33.864,0.95677,18.583,-0.43926,-18.587,-0.012996,-0.002612,0.007787,-0.99099,-0.0081729,0.0082337,0.0064634,1.2907,-2.0842,0.54216,-30.418,-1.5866,18.546,0.15748,-18.076
38.6,-0.028467,0.029365,0.016205,-0.99914,-0.017341,0.0080011,-0.00023121,-1.7225,-1.3542,2.3223,-35.297,0.010678,19.374,-0.64658,-16.772,-0.0083176,0.013244,0.0031864,-1.0061,-0.0098973,0.0094203,0.0013673,0.052185,-2.0783,0.13914,-30.592,-0.052155,17.982,-1.1122,-17.328
38.7,-0.011235,0.0045478,0.010866,-1.0082,-0.0033822,0.015214,-0.00024438,-0.14864,-0.83288,-0.016719,-32.923,1.5905,19.225,-0.36993,-17.95,-0.0071524,0.017187,-0.019005,-0.99856,-0.0018972,0.0014839,0.00084994,-0.68261,-4.696,-0.8053,-29.097,0.67775,18.176,-0.09994,-18.781
38.8,-0.0005796,0.011851,-0.0076052,-1.0115,-0.018041,0.018133,-0.0043422,-1.7206,-1.2525,0.3124,-33.713,0.86384,19.046,-2.1547,-19.829,-0.021081,0.0081759,0.015,-0.99222,-0.0060954,0.0045221,0.0010966,-0.16357,-5.4775,-1.0358,-28.696,1.0967,17.992,-1.6334,-17.36
38.9,-0.01523,0.009666,0.0093275,-0.99817,-0.012783,0.015918,0.0046043,-1.0382,-1.9814,1.7576,-32.685,-0.030508,19.541,0.75906,-18.574,-0.0089846,-0.0074855,0.0019413,-0.99947,-0.002729,0.0059199,-0.0055292,0.73453,-4.6086,1.1385,-30.393,-0.025745,19.008,-0.14245,-16.276
39,-0.015371,0.015894,0.0042387,-0.9915,-0.011423,0.0091878,0.0014233,-1.5707,-2.956,0.42622,-32.472,-0.19647,18.757,0.20378,-16.84,-0.0053329,0.0061042,-0.0091081,-1.0007,-0.0081275,0.0080621,-0.0007264,-0.21907,-4.1808,0.8609,-30.105,-2.7053,18.019,-1.0744,-15.564
39.1,-0.012723,0.00086083,-0.014163,-1.0067,-0.019038,0.0048386,-0.0047609,-0.11311,-2.566,0.42671,-31.554,1.397,18.9,-3.1458,-18.517,-0.013454,-0.010662,0.00061804,-1.0081,-0.013875,0.009862,0.0038923,1.6777,-4.2315,0.20105,-29.413,1.1868,18.048,-1.4897,-17.665
39.2,-0.015753,-0.0024289,0.0023978,-1.0157,-0.015904,0.0022507,-0.0020037,-0.51519,-0.69228,-0.11318,-31.331,0.51122,17.254,0.94882,-18.699,-0.014538,0.00057258,0.015268,-0.9993,-0.01562,0.0022526,-0.0023397,-0.70853,-5.0815,-1.0094,-30.463,-0.53084,18.781,0.86955,-17.472
39.3,-0.0099315,0.0089327,-0.0040143,-0.99619,0.0044793,0.016829,0.00021002,0.090762,-3.1205,-1.3888,-32.408,1.4094,18.68,2.2196,-17.331,-0.019949,0.00016707,-0.0073335,-0.99866,-0.0007543,0.0084459,-0.0051474,0.037398,-3.9841,-1.6093,-29.836,0.32429,18.509,0.085885,-16.645
39.4,-0.0088137,0.0067827,0.0044832,-1.0062,-0.0074636,0.010029,0.003413,-0.11229,-3.4666,0.38564,-32.173,-0.39422,18.88,2.0644,-19.397,-0.0051756,0.0054778,0.013211,-0.99496,-0.0069658,0.010923,0.0044718,0.13236,-5.1198,0.6261,-31.006,-0.59528,15.566,1.0682,-16.908
39.5,-0.0020323,-0.0037028,-0.0099102,-1.0127,-0.0049153,0.017854,-0.0043991,0.072666,-1.7563,0.48684,-32.711,-0.67716,17.841,-0.93329,-18.158,-0.0039365,-0.020538,0.0093283,-0.99934,0.0017734,0.0090075,0.00078709,-1.4547,-3.5689,0.27137,-31.036,-0.68506,14.775,-0.20662,-17.126
39.6,0.0063088,0.025487,0.00059488,-0.988,-0.018832,0.019489,0.0028883,-1.4601,-1.9282,-0.3226,-32.8,-0.55335,17.933,-0.2784,-16.779,-0.0034176,-0.0081764,-0.018504,-1.0062,0.0077348,0.0028962,0.001484,1.0732,-1.4683,0.33375,-29.303,-1.9132,16.409,-0.86347,-17.072
39.7,-0.015001,0.0035817,0.010428,-0.99099,-0.0083735,0.0010017,0.0024624,0.49279,-2.7245,0.21401,-32.12,0.62343,17.969,0.68569,-16.441,-0.0058725,0.0073154,0.016759,-0.99353,0.0012358,0.0063246,0.0084885,-0.48971,-5.3717,-1.0074,-31.799,-2.0737,16.123,-0.49786,-19.086
39.8,0.014919,-0.0013099,-0.0064273,-0.98592,-0.020361,0.011125,-0.0051374,-0.036025,-3.4624,0.42935,-32.963,-0.34346,18.979,-0.6073,-17.297,0.0013723,0.0063615,-0.0031781,-1.0014,-0.0092589,0.0061231,0.003186,-1.5449,-4.398,0.27791,-30.342,0.44734,15.194,0.78047,-18.049
39.9,-0.0055014,0.016026,0.0049303,-1.0234,0.0007952,0.0033153,0.0019424,-0.49219,-4.5118,0.99199,-32.201,-0.68219,19.831,-1.2485,-17.238,-0.012614,-0.022087,0.01125,-1.0207,-0.0067985,-0.0057063,-0.0077156,-0.71914,-3.6113,1.2608,-29.987,0.19655,16.733,-1.1997,-17.297
40,-0.010657,0.018926,-0.0015077,-1.0078,-0.0088263,-0.0021007,0.002152,1.1479,-3.8596,0.065808,-32.306,-1.7372,18.058,0.049072,-18.456,0.0099774,0.013079,0.02447,-1.0008,-0.0084413,0.0020213,-0.0006578,-0.78285,-5.612,-0.73485,-29.999,-0.13878,17.401,-1.3698,-16.118
40.1,-0.026848,0.0011627,-0.0038728,-1.0001,-0.001149,0.010275,-0.0060747,-2.6037,-4.7767,0.35133,-31.692,-0.10149,17.986,-2.1665,-17.049,-0.0027609,-0.00032585,0.00067272,-1.014,-0.00038772,0.0079151,0.0053168,1.3269,-3.7844,2.0486,-30.397,0.95319,16.476,-0.59559,-17.662
40.2,-0.025995,-0.0074886,0.0094086,-0.98395,-0.0064643,0.0020952,-0.0013735,-1.5586,-3.3881,-0.074421,-31.192,-1.405,17.452,-0.44454,-17.868,-0.0021661,0.011449,0.0066846,-0.98473,-0.0074267,0.0069792,0.0032979,-0.29188,-4.1543,1.1312,-28.899,2.8299,17.165,0.44414,-16.424
40.3,-0.024215,-0.0081684,-0.0076344,-1.0136,-0.0056807,0.011996,-0.0058527,-2.2367,-3.7485,1.8992,-32.203,-0.13913,16.881,-2.356,-16.918,0.0032727,0.016051,-0.0043323,-1.0233,0.0012725,-0.0016278,0.0006219,0.16963,-2.919,-0.32438,-30.379,3.4401,16.424,0.26169,-17.622
40.4,-0.0016844,-0.0026288,-0.0085646,-1.0017,0.0011958,0.0039902,-0.0072197,0.88599,-3.5335,0.86628,-32.118,-0.45808,17.55,-0.72612,-18.102,-0.0009366,-0.0055723,-0.0014586,-1.0126,0.0020824,-0.0012957,-0.0066018,-0.21113,-4.0137,-0.94508,-29.53,-0.035174,15.322,-0.91168,-16.686
40.5,0.0014684,-0.0034171,-0.013794,-0.98054,-0.0053877,0.0044286,-0.0062585,0.9001,-5.7607,0.0044752,-31.08,-1.4253,17.647,-2.4969,-17.986,-0.025729,0.0074864,-0.0080691,-1.006,0.0072095,-0.00225,-0.010375,1.649,-5.6633,1.9934,-30.52,-0.92783,16.812,-0.16836,-17.124
40.6,0.002285,-0.004108,-0.00094427,-1.005,-0.012221,0.0083601,-0.00033927,-0.2462,-3.0259,1.0755,-32.969,1.0251,17.747,0.27726,-17.871,-0.0010016,0.014699,0.0076145,-1.0229,0.0035722,-0.0058722,-0.0056028,0.51159,-6.3544,-0.11053,-30.094,-0.45825,16.201,-0.57622,-15.85
40.7,-0.021181,0.012873,0.0073302,-0.99897,-0.0098966,-0.00029587,-0.0031785,1.5601,-5.4172,-1.7041,-31.392,0.52879,18.697,1.3413,-19.127,-0.005564,-0.0018293,-0.011968,-1.0086,-0.0035293,0.0024985,0.0053208,-0.014272,-4.8156,-0.44371,-29.415,0.59794,17.403,0.027913,-17.654
40.8,0.0067348,-0.00038289,0.0047582,-1.019,-3.0129e-05,0.010955,0.0031582,-0.56842,-4.5862,-0.44358,-32.109,0.28522,18.201,0.95471,-17.937,-0.004127,-0.0029013,-0.0093507,-0.99776,-0.00058589,-0.0011639,-0.0019202,-0.62139,-4.3488,-0.26897,-31.223,-1.0771,18.131,0.96235,-18.124
40.9,-0.01194,-0.028698,-0.0073444,-1.0141,0.012231,0.010042,-0.0068483,-0.53304,-2.8341,0.38307,-32.261,-2.1906,18.329,-2.4488,-18.776,0.0073729,0.01761,0.0066116,-1.0049,-0.0024893,0.00029406,-0.00020752,-1.7641,-6.0189,1.9927,-30.76,-0.88914,15.282,1.0858,-15.778
41,0.0022744,0.022364,0.011392,-0.99515,-0.0013279,0.007429,-0.012775,0.9502,-3.3511,-1.3317,-31.311,0.43464,18.628,-0.10351,-18.101,-0.0058393,-0.011729,-0.017038,-0.98831,0.0055761,0.013689,0.0050435,1.1402,-4.9091,0.45292,-31.014,1.1146,18.161,-0.046564,-17.433
41.1,-0.012659,-0.012534,-0.010947,-1.0099,-0.0049095,-0.0042365,0.0053113,-0.62553,-5.1291,-1.7429,-31.964,0.76705,19.656,-0.092973,-16.673,-0.00039522,0.014156,1.9767e-06,-1.0121,0.0017188,0.00085264,0.0078439,1.4678,-4.9448,0.017096,-29.541,0.36408,16.613,-1.0054,-19.446
41.2,0.0028879,0.028286,0.015656,-0.9836,0.0046144,0.0071086,0.0044157,-0.25041,-2.9956,-0.83291,-31.421,-0.20925,18.535,1.8346,-16.635,0.0063237,0.018473,0.0037893,-1.0067,-0.0018808,-0.0021278,-0.0052481,-0.51203,-5.1591,0.20481,-28.818,-0.88287,16.411,0.30294,-17.064
41.3,-0.0065607,-0.003895,0.0046084,-1.0011,0.0082906,0.013332,-0.0024581,-0.83889,-6.4246,0.30816,-30.022,1.5238,18.62,-0.64703,-16.298,1.7786e-05,0.0097612,-0.0002023,-0.99218,-0.0068459,-0.00059668,-0.0036054,-2.6483,-6.8728,-0.13257,-30.177,-0.4315,16.386,1.8733,-17.313
41.4,-0.020591,0.0090025,0.029735,-0.99904,-0.0065815,-0.011414,-0.0018345,1.6051,-4.2592,0.88317,-31.023,0.51857,17.522,-1.0888,-17.479,0.0067292,-0.0014891,-0.00028636,-0.98687,0.0016082,-0.0035293,-0.0049235,0.99676,-4.1598,-0.55577,-30.173,0.55835,16.639,0.98897,-16.365
41.5,-0.0018175,-0.001008,0.0054279,-1.0017,-0.0052916,0.0038933,-0.0026487,1.438,-4.8104,1.461,-30.078,-1.6714,18.751,-0.11073,-16.533,0.0027287,-0.008114,-0.0042737,-1.0132,0.0026252,0.0072186,-0.0053124,0.2039,-6.3078,-1.4506,-27.955,-1.6146,17.982,-1.1393,-16.979
41.6,-0.013049,0.0070803,-0.0033187,-1.0153,-0.0061102,-0.002306,0.0036632,0.40111,-4.0313,0.9718,-30.152,0.89945,19.292,1.1783,-17.103,-0.016679,-0.0077698,-0.0077369,-0.99449,0.002742,0.0041258,0.0028442,-0.52492,-3.8882,0.19145,-31.208,-1.9371,17.616,-1.7075,-16.403
41.7,0.0047784,0.019738,-0.00093983,-0.98823,-0.0092871,-0.0037054,0.0069527,-2.6411,-4.125,-0.62997,-29.877,3.1225,17.883,-0.68507,-17.016,0.0043018,-0.0059626,-0.017221,-0.97977,0.011381,0.00046049,-0.006202,0.59305,-4.2977,-1.1495,-29.906,0.74509,15.239,-0.35997,-16.195
41.8,-0.027667,-0.010565,-0.013837,-1.0057,-0.0029356,-0.0029559,0.00090811,-0.87777,-4.8511,-1.0709,-30.904,1.3347,18.16,-0.37956,-16.951,-0.0018252,-0.009954,0.0028599,-1.0177,1.5573e-05,-0.007291,-0.0061062,-2.2666,-4.5718,-0.73395,-29.404,1.1022,18.387,0.24642,-16.543
41.9,0.0016502,-0.005508,-0.0031194,-1.0025,-0.01098,0.0030391,0.003146,-0.39266,-2.6471,-0.35997,-31.153,-0.963,19.806,-1.4888,-16.774,-0.014259,-0.0097905,0.0016446,-0.99447,0.0038902,0.008244,0.0086618,0.19862,-3.6816,0.28213,-30.509,0.036153,19.031,-0.29007,-16.426
42,-0.002199,0.0031376,0.010559,-0.99755,-0.0069931,-0.0014449,-0.00041021,0.62685,-3.2249,1.0903,-29.164,-0.92444,17.497,0.9413,-19.021,-0.0043642,-0.0048659,0.022735,-0.99721,-0.0011519,0.0072295,0.00091688,-1.3804,-2.4915,0.036146,-31.768,-2.426,16.91,-1.0675,-17.271
42.1,-0.00081594,-0.006972,-0.002573,-1.0239,-0.0042133,-0.0086292,-0.00039473,0.79397,-3.2668,1.6563,-30.86,-0.59423,16.911,0.43573,-18.753,-0.0027122,0.01033,-0.0098092,-0.98798,-0.0033037,0.0029712,-0.0077072,-0.40779,-5.523,-1.6836,-30.062,-0.35504,16.884,-2.1997,-16.385
42.2,-0.0036525,0.011931,-0.014546,-0.99132,-0.001523,-0.0084231,0.0031411,-1.2448,-2.6965,-1.8448,-32.015,0.28129,19.944,-0.080652,-19.092,-0.0036854,-3.4888e-05,0.015602,-1.0052,-0.0047368,-0.0021343,0.0015305,0.75601,-4.7923,1.2464,-28.104,0.76046,16.934,0.29575,-17.2
42.3,0.0076368,-0.00044063,0.0003535,-0.98446,-0.0017306,0.0092247,0.0010683,-2.0001,-4.6021,-1.213,-31.371,-0.052779,17.843,0.28434,-18.455,-0.00099478,7.4708e-05,0.0016594,-0.99078,-0.00053377,0.0068156,0.00036167,-0.77417,-3.8408,-1.324,-30.255,1.9545,16.017,0.81546,-15.779
42.4,-0.014143,-0.02013,-0.0013652,-0.97761,-0.0033903,0.0024822,0.0044446,-0.49117,-5.3584,0.51789,-30.008,0.37817,17.22,-0.4044,-16.596,-0.0018871,0.0035759,-0.023106,-1.0051,-0.001503,-0.0057202,0.0045861,-1.2592,-5.3532,-1.5779,-28.143,0.14283,17.958,0.93094,-16.245
42.5,0.0079371,-0.0072538,0.0033889,-0.99064,0.0043652,0.0071523,-0.00032209,1.4755,-6.7151,-0.14589,-30.895,-0.52455,19.336,0.2494,-18.075,-0.0034455,0.005406,0.0089791,-0.98569,0.0030748,0.00067731,-0.0049604,0.74225,-4.3495,-0.66652,-29.768,-2.3652,16.155,0.037087,-16.813
42.6,-0.0050086,0.0023781,-0.0038308,-0.9952,-0.0019793,0.00023948,0.0024113,-0.15795,-4.229,-1.1764,-31.804,0.54305,15.542,0.89426,-17.931,-0.0030415,-0.0052714,-0.0030935,-0.9854,-0.0004291,0.0060039,-0.0011743,0.51686,-5.8019,1.0465,-29.49,-1.2847,16.087,0.62998,-18.152
42.7,-0.0075866,-0.0083088,-0.0096943,-1.0044,-0.00045624,0.00087792,0.0016837,0.85032,-4.3459,-1.0309,-30.879,1.4563,16.904,-1.2346,-15.694,0.011762,0.010786,-0.0030568,-1.0121,-0.0060061,0.0029707,-0.00023727,-0.27198,-6.4579,-0.22865,-31.38,-1.0193,16.712,-2.1953,-16.39
42.8,-0.013535,0.0044021,-0.0081193,-0.99548,0.0010029,-0.0030593,0.0031403,0.18278,-4.234,-1.3138,-30.077,0.27193,16.659,1.272,-16.734,-0.009236,-0.0016432,0.0042407,-0.99105,-0.0063403,0.0029569,-0.011231,-1.5889,-5.7582,-0.34925,-30.824,0.74794,17.215,0.54255,-15.854
42.9,0.016959,0.0044959,0.0012059,-1.0086,0.00096684,0.0010614,-0.0004859,0.43407,-5.6862,-0.40696,-32.575,-0.063332,18.821,-0.079413,-17.001,-0.0082363,0.001571,-0.01908,-0.99231,0.0036536,0.00053844,0.0019916,-0.10993,-4.7525,-1.9963,-29.919,-0.76558,17.609,1.12,-16.015
43,0.0079364,-0.016162,-0.0041407,-0.98344,-0.0052148,-0.0044412,-0.00077248,0.06132,-3.0232,-0.24697,-29.168,-0.46489,16.844,-0.83219,-18.75,-0.013122,0.01755,-0.0012089,-0.99672,0.0014428,0.0044737,0.0021858,-0.33272,-4.5685,-0.47368,-30.106,0.80853,15.835,-1.3424,-17.16
43.1,0.011257,0.012681,-0.012202,-0.98691,-0.011221,0.0048727,-0.0058752,-1.0958,-5.2822,-1.5242,-30.552,-0.39256,17.856,-0.9538,-16.776,0.015221,-0.0029763,-0.006524,-1.0149,-0.0086115,0.0016299,0.00060965,-1.2919,-4.3769,1.3058,-29.924,-0.20622,16.905,-2.55,-16.948
43.2,-0.032459,-0.0041663,-0.010324,-1.0119,-0.0055779,-0.0036916,-0.00067589,-0.24064,-5.4605,-1.7236,-30.335,0.27882,17.417,-0.40127,-17.801,0.0064942,0.0072975,-0.0041796,-1.0053,-0.0067475,-0.0008744,0.00044063,-1.0236,-3.8052,-0.79829,-29.908,0.61291,17.405,-1.6327,-17.534
43.3,-0.011455,0.0065267,0.0028669,-1.0196,0.0053881,0.0073375,-0.012205,0.51485,-4.8682,-1.0202,-30.397,0.15335,18.195,0.72792,-16.751,0.002278,0.037026,-0.010296,-0.99273,-0.0036178,0.0049613,0.0017847,-2.3089,-2.5305,-0.43635,-30.844,0.54672,17.404,-0.34727,-14.266
43.4,0.0037034,0.005039,8.574e-05,-0.98881,0.0003308,-0.0051249,-0.0022437,-1.9952,-6.6915,-2.0444,-29.722,-1.3894,18.801,-0.36615,-15.53,0.003954,0.0080437,0.016293,-1.0119,0.0048565,-0.0045995,-5.7747e-05,-0.13437,-5.2719,-0.12184,-28.399,0.79088,18.139,-1.1536,-16.378
43.5,0.010026,0.0038225,0.002285,-1.0077,0.0010018,-0.0007779,-0.0063524,-1.0597,-5.085,1.2214,-30.813,0.53266,18.448,0.068077,-17.679,-0.019593,0.021774,0.012187,-0.98767,0.0016963,0.00076221,-0.0013338,0.56285,-5.0318,-1.0645,-31.57,-0.67561,14.823,-0.17844,-16.14
43.6,-0.0010363,0.012581,-0.0030109,-1.0092,0.001647,-0.002057,-0.00298,1.376,-4.7245,-0.42922,-32.368,-0.75276,16.591,0.034166,-16.66,-0.0021838,-0.0022964,-0.017297,-1.0105,9.2436e-05,-0.0021588,0.0035625,0.15372,-2.7863,-0.21376,-30.628,-1.675,15.709,-1.1337,-16.683
43.7,0.0050007,-0.0027561,0.017167,-0.99384,0.003411,0.0094709,-0.0018289,-0.74779,-6.0829,-0.62157,-30.811,-0.084904,16.206,-0.11723,-16.796,-0.020569,-0.015539,0.0027639,-0.99717,-0.0024897,0.016066,0.00074942,2.5648,-4.3524,-0.47427,-31.345,-0.012377,18.086,-1.6542,-14.434
43.8,-0.0075238,0.010667,0.0027931,-1.0012,-0.0041098,0.0055355,-0.0017845,0.8428,-5.1008,-0.95061,-30.988,2.1347,17.807,2.054,-17.916,-0.0007255,-0.012881,-0.010419,-0.99419,-0.00065071,0.0094313,0.003141,-0.19234,-3.9664,-0.036019,-28.366,0.13892,16.364,2.4975,-16.395
43.9,0.00015079,-0.007531,0.019364,-1.0016,-0.0010727,0.014263,-0.009424,-0.11379,-4.522,-1.7199,-32.046,-0.15529,19.224,1.0219,-16.321,-0.0081931,0.018811,-0.0073785,-0.99062,-0.00058534,0.0077144,0.0013398,-1.1347,-4.7656,-2.1243,-29.035,0.43499,16.488,-0.056194,-16.691
44,-0.010792,-0.0059586,0.0068019,-0.99367,-0.0035432,0.00042643,0.0065947,0.42378,-4.2468,0.49585,-29.825,-0.36314,19.735,0.03522,-16.128,0.004594,0.0010802,-0.0070827,-1.0018,-0.0069735,-0.0030716,-0.0063068,0.58471,-5.399,-1.7667,-31.399,0.67232,16.79,0.3124,-16.314
44.1,0.0056734,-0.011763,0.0047806,-0.99309,-0.003411,0.015286,0.00043498,0.17828,-3.9515,1.4646,-29.541,-0.76988,17.943,-0.37304,-16.478,-0.00083747,0.0093877,0.01115,-0.99733,-0.0056525,-0.00076364,-0.0085857,0.10593,-6.3335,1.4599,-29.369,-0.27068,17.971,-1.8384,-15.536
44.2,0.020072,0.00077685,0.0024882,-0.99552,-0.0038061,-0.00051727,-0.0028455,-1.6184,-5.6103,-0.56308,-31.508,-1.7233,18.217,1.2245,-18.816,-0.0084854,0.017467,-0.013179,-0.99044,0.0020068,-0.0094197,0.0060382,1.6976,-4.3438,-0.2368,-29.939,-0.35839,18.218,-1.2226,-14.79
44.3,0.0032409,0.019069,0.011938,-1.0052,0.0061212,-0.00048221,0.0057209,-2.0264,-2.9494,-0.31621,-30.533,0.26363,17.553,1.9223,-16.584,0.0020741,-0.01376,-0.016054,-0.99273,-0.0030397,-0.0009318,0.011003,0.32764,-5.7306,-1.218,-30.45,0.7005,17.378,0.3399,-15.656
44.4,-0.0036867,0.011767,-0.0010621,-0.99997,-0.0016464,-0.0032309,-0.002786,-1.41,-5.1846,-0.56025,-29.595,1.7043,18.058,0.68838,-16.442,-0.00055187,0.014064,0.00946,-0.99915,-0.0043402,0.0051062,-0.00081121,0.80914,-3.5858,0.065156,-29.635,0.8097,17.573,0.096146,-17.227
44.5,0.0011569,0.020264,0.01403,-1.0097,0.0028381,-0.0088206,-0.001095,-0.74989,-6.052,-0.91727,-30.154,-0.89314,18.268,0.057398,-15.973,-0.020643,-0.0099129,-5.3232e-05,-0.99401,-0.0003006,0.0020615,-0.0020444,0.23375,-4.4842,-1.1682,-30.932,-0.42975,16.57,-0.30873,-14.238
44.6,0.010055,-0.0042918,-0.003218,-1.0049,0.0043925,-0.0017334,0.0063104,1.054,-5.0485,-1.1107,-28.719,-0.042699,18.61,0.63931,-16.366,0.0064509,-0.013881,0.010514,-0.98818,0.0059102,0.0050241,-0.0023849,-0.32652,-4.18,0.51399,-31.327,0.48789,16.891,-1.5173,-16.365
44.7,-0.012686,-0.0057691,-0.012069,-0.99933,0.0077056,-0.007553,0.00030691,0.50257,-3.9691,-0.053586,-28.515,-0.55059,18.033,-0.56932,-15.788,0.0023345,0.015716,-0.0058937,-0.98009,-0.0034727,-0.0025765,0.0015386,-1.216,-4.4678,-1.5628,-29.105,-0.54379,16.72,0.81023,-14.563
44.8,-0.0018619,-0.0085988,-0.0074891,-1.0025,-0.0058253,-0.0016448,-0.0022852,-0.65711,-3.4404,-1.2737,-29.673,1.7813,18.061,-0.782,-17.434,-0.0051965,0.0055637,0.023846,-1.0001,-0.0063277,-0.0033205,-0.0029242,1.9076,-4.1283,0.70738,-30.682,-1.4644,16.889,-0.057357,-16.34
44.9,0.0094767,-0.0014304,-0.0027924,-1.0078,9.4032e-06,-0.0017158,-0.0023278,-0.97404,-4.4914,-1.0326,-32.707,0.70269,17.633,-1.2807,-16.672,-0.00099968,-0.0070513,0.00031484,-0.99583,-0.0059515,0.00058859,-0.0055331,-1.4142,-4.3978,-1.8584,-30.915,1.8108,16.79,-0.60512,-16.747
45,-0.0045952,0.024652,0.013918,-1.0087,-0.0047413,0.0034839,-0.01036,-0.57621,-2.4451,-0.29152,-30.758,1.0762,17.857,-1.4252,-16.536,0.0018417,-0.013225,6.1538e-05,-1.0054,0.0021293,-0.0045345,0.0060032,-2.9491,-4.7558,-1.0143,-30.969,1.3619,17.268,0.99942,-14.973
45.1,-0.0068671,0.0077518,-0.0051902,-0.98362,0.0039384,-0.0031801,-0.001984,0.49949,-5.8078,-1.9787,-30.843,0.40895,17.268,-1.4618,-17.523,0.010192,0.0069267,-0.0020669,-1.0107,-0.0039943,0.0021258,-0.0051282,1.0478,-3.8856,-3.8423,-31.532,2.8107,18.021,0.11245,-15.502
45.2,0.0013715,0.010849,-0.011496,-0.98742,-0.00056107,-0.0057079,0.0027537,-0.37429,-4.5641,-0.66949,-29.841,1.1096,16.97,0.12209,-18.596,0.012192,0.026276,-0.016651,-1.0022,0.0002775,-0.002509,-0.010386,1.3832,-3.6515,-1.1185,-29.351,1.4915,18.03,-0.76265,-14.971
45.3,0.017505,-0.0017618,0.021408,-0.99555,0.0027501,-0.0012345,0.0052145,-1.3001,-7.0406,0.12255,-29.873,1.0085,17.278,0.52364,-16.098,0.0153,-0.013959,0.0079261,-0.98957,-0.0033817,0.00012699,-0.0047982,0.74981,-3.8741,1.2371,-31.375,-0.37902,16.481,0.88876,-16.41
45.4,0.019341,0.010486,0.010133,-0.99381,0.00023539,0.0025412,-0.013519,-0.56513,-4.7476,-0.24889,-29.397,0.96101,17.526,-0.58931,-15.635,0.0043727,0.0040665,-0.0034085,-1.0063,0.0030028,0.0077758,-0.0025736,0.89207,-4.7362,-2.4535,-29.297,0.37829,17.591,-0.15942,-16.811
45.5,-0.0020755,0.01136,0.0035525,-1.0014,0.0030742,-0.0015058,-0.0053147,1.8766,-4.6288,0.6882,-32.943,-0.79165,17.112,1.1935,-16.559,-0.0068877,0.0059807,0.02954,-1.0082,0.0030602,-0.0048654,-0.0026221,-1.2094,-5.2104,-1.0085,-30.841,1.1322,18.727,0.90132,-17.393
45.6,-0.0030464,0.012519,-0.0042418,-0.99541,-0.0045296,0.0063009,-0.0058887,-0.14654,-5.6988,-0.025049,-32.812,0.013479,17.7,-1.5881,-17.133,0.0071091,-0.010213,-0.0092396,-1.0033,-0.0041617,0.0046372,-0.0032918,-0.54819,-4.8352,1.4679,-29.943,0.21724,15.648,1.6882,-15.58
45.7,-0.0092334,0.01232,0.006288,-1.0203,-0.0056195,0.0037642,-0.00083017,-1.6988,-4.5209,1.0963,-29.91,-0.37593,16.378,-0.32379,-17.95,0.013854,0.0017746,0.0020861,-0.99695,-0.0025249,0.0085938,0.0032625,1.6061,-3.7575,0.0026707,-31.232,-0.48454,16.781,-0.15421,-18.113
45.8,0.017001,0.0032311,-0.0028601,-0.98951,-0.0051606,0.0032528,0.0042198,-0.8489,-6.6602,-0.17946,-30.001,1.2577,19.322,0.51068,-16.087,0.0018593,-0.0038099,-0.00080394,-0.99397,-0.0044779,-0.0069577,0.0024513,-1.8169,-4.6896,0.96222,-29.442,1.2679,18.091,0.88411,-16.354
45.9,0.01277,0.0031191,0.012651,-0.99383,0.0015059,-0.0009658,0.0055317,-1.045,-5.2847,1.1119,-31.865,0.61882,18.666,-2.2768,-14.114,-0.0047175,-0.0099032,0.011462,-1.0088,-0.0039751,0.002651,0.0073636,0.4478,-4.1569,-0.87906,-28.83,1.1683,15.874,1.0225,-16.8
46,0.0070102,0.0020694,0.031986,-0.99222,-0.0036184,0.0039744,0.003258,0.15813,-4.8997,-1.6875,-30.447,-0.3321,18.382,0.10864,-17.556,-0.014964,2.5193e-05,-0.0061817,-0.98307,0.0025996,0.0069364,0.0014888,-1.133,-5.0408,-1.323,-29.897,0.074846,15.684,-2.5437,-16.195
46.1,-0.029616,-0.003204,0.0085498,-0.98672,0.0027452,0.0011742,-0.00054971,-2.5411,-5.0335,-1.4071,-30.677,-1.5632,16.587,0.51327,-17.211,-0.0064318,0.0094919,0.0033517,-1.0076,-0.0015157,-0.0070661,0.0057703,0.25759,-4.9041,-0.15156,-31.237,-0.42463,15.525,-1.5517,-14.061
46.2,0.010128,0.00067311,-0.0082101,-1.003,0.0084677,-0.0069759,-0.0010588,0.27578,-3.4683,-2.7187,-32.145,1.0036,19.54,3.1467,-16.379,-0.0018972,-0.00053555,0.034311,-1.0004,-0.0081083,0.0016015,-0.0017649,1.6879,-2.6778,0.036592,-29.648,0.91916,17.469,2.0867,-17.274
46.3,-0.0030809,0.0057471,0.010263,-0.99286,0.0022156,-0.0011866,0.0071818,0.039929,-4.3983,-0.61027,-30.235,1.5535,16.814,0.21961,-17.064,0.0045889,0.011981,-0.0079992,-1.0029,0.0018982,0.011012,-0.00044793,1.6572,-3.4862,-1.1224,-31.049,0.35105,16.962,1.0436,-17.518
46.4,0.0088998,-0.01425,-0.01326,-1.0011,0.0010966,0.0012158,-0.0033808,0.37907,-3.9031,-0.071561,-31.747,-0.30377,18.226,1.1832,-17.059,0.0061723,0.002646,0.0094023,-0.99214,-0.0043653,0.00076222,-0.001674,-2.1104,-6.293,-0.024261,-30.84,-2.0116,17.043,1.9744,-16.433
46.5,-0.007124,0.0027391,-0.0029726,-0.99439,0.0040111,-0.0024922,0.00034158,0.94309,-2.6636,-0.37081,-31.076,-0.32476,17.304,-1.9949,-17.937,0.00029272,-0.0033165,0.010715,-0.98741,-0.00026491,0.0051833,0.0007627,-1.0541,-3.8005,-1.2969,-29.536,-2.9957,16.624,-0.42105,-14.6
46.6,0.028009,-0.014513,-0.010339,-0.99955,0.012275,-0.0015008,-0.0014239,-1.1252,-3.9226,-0.79386,-31.451,-0.39135,16.017,-0.76077,-17.102,0.0024428,0.0021215,0.0053043,-0.99372,-0.0074803,0.00022722,-3.0875e-05,1.145,-3.3333,-1.0226,-30.674,-0.49022,17.665,0.37151,-17.659
46.7,0.0051615,0.010241,-0.0057803,-1.0044,-0.00021878,4.4559e-05,0.00038913,-2.2563,-4.1487,-0.045775,-32.441,0.19665,17.156,1.4048,-16.261,-1.5931e-05,0.0069934,0.0034359,-1.0107,-0.0067383,0.0022395,-0.0063934,-2.5896,-2.3449,-0.22496,-31.429,0.14051,17.599,-0.32587,-15.962
46.8,-0.001051,0.0043781,-0.0082559,-1.0007,0.0071343,0.0066302,-0.0018122,1.514,-3.5088,-0.92474,-32.637,0.28951,17.805,0.78575,-16.04,-0.0048877,-0.011003,-0.0025659,-1.0287,0.0032174,-0.0059759,-0.010618,-0.54877,-4.5272,-1.6692,-29.637,1.3131,17.74,1.5893,-15.086
46.9,-0.0086359,0.0057528,-0.014935,-1.0119,0.0099514,-0.005945,-0.0028743,0.089618,-4.5581,-1.4014,-32.095,-0.77293,16.786,-1.0917,-16.056,0.0014576,0.0090277,-0.0080067,-1.0151,-0.00067836,0.002378,0.006481,-0.63102,-4.2098,2.3513,-32.021,-2.0631,19.935,1.2019,-15.165
47,0.0058884,-0.0068475,0.0023421,-0.98929,-0.014443,-0.0081107,0.00014551,-0.0016332,-2.5807,1.9812,-31.669,-0.0544,18.461,-0.20626,-16.483,-0.0097108,0.012488,-0.015866,-1.0153,0.0022923,0.00056361,0.0033432,-0.095938,-4.4827,1.8873,-30.956,-0.56422,16.472,-2.3293,-16.141
47.1,0.0092235,-0.0030384,-0.0099806,-0.9789,-0.00438,-0.0060259,0.0063276,-0.6532,-3.4052,-0.59059,-32.216,-0.73447,17.044,-1.1378,-16.037,0.0036349,-0.010568,0.011971,-1.0067,-0.00015958,-0.0074163,5.8961e-05,-1.2148,-3.755,1.1197,-31.458,0.71459,16.923,1.0376,-16.794
47.2,0.0044634,0.0024711,-0.0097458,-0.99612,0.0024348,0.0068774,-0.0046935,-0.3565,-5.0821,-0.29671,-32.614,1.5508,17.412,1.5467,-16.685,0.0011358,-0.012339,0.0018957,-1.028,-0.0058226,0.00017408,-0.0049072,-1.0009,-5.7206,-1.4321,-31.825,0.73678,16.499,-1.5082,-16.775
47.3,-0.012435,-0.014996,-0.010764,-1.0044,0.0028902,0.00010846,0.0051971,-1.0471,-4.735,-0.87157,-30.955,0.52732,17.529,1.3325,-15.455,0.010902,0.0053299,0.002541,-1.0028,-0.0031886,0.0013622,0.0019104,-0.55473,-3.5317,1.4479,-31.087,0.50618,16.819,0.5824,-14.498
47.4,-0.0034498,-0.015555,-0.0055343,-1.009,-0.0011997,-0.00017849,0.0016127,-0.51118,-4.5674,-0.020452,-28.986,0.56542,18.225,0.39062,-14.462,-0.001798,-0.011758,-0.005337,-0.99979,0.0011507,-0.0026258,-0.0016589,0.75523,-4.7515,0.15247,-30.98,0.42974,17.071,-1.359,-15.878
47.5,-0.00070419,0.011803,-0.0024999,-0.99008,0.0057062,0.0084289,-0.0081136,-0.084673,-5.2881,0.031062,-30.986,-0.893,16.714,-0.54409,-16.846,0.014821,0.00881,0.0029239,-1.0075,0.0062081,-0.0020121,0.0067041,-0.39994,-4.4199,-0.12026,-32.419,1.3121,17.109,-1.5485,-15.836
47.6,0.0026308,-0.0031992,-0.00020703,-1.0036,0.0011126,-0.0045261,-1.38e-05,0.23316,-4.7178,0.36577,-31.253,-2.8889,16.98,-2.0647,-15.545,0.017391,0.0077846,-0.0057832,-0.99277,0.0035438,-0.007222,0.0029304,-0.36574,-4.6107,-1.2329,-32.528,1.9524,17.399,-0.958,-16.574
47.7,-0.0032329,-0.0095455,-0.0073652,-0.99999,0.0032267,0.0012147,0.0015389,0.29265,-6.3141,-1.1517,-29.293,1.6994,17.709,1.4905,-16.927,0.027369,0.00056288,0.0017158,-0.98433,0.00048825,0.0026955,-0.0074717,1.2601,-4.2606,-1.6188,-29.819,1.0488,17.287,0.89642,-16.434
47.8,0.010743,-3.9274e-05,-0.012542,-0.99214,0.0029512,-0.00060103,0.0012317,0.39835,-5.3097,-2.583,-30.547,0.74574,18.743,1.6486,-16.619,-0.0028249,-0.0050628,-0.0068401,-1.0083,0.0050707,0.0045705,-0.0027732,0.21873,-3.5743,0.468,-33.067,-0.70309,17.505,1.7531,-13.553
47.9,-0.0019687,-0.0089721,0.0088236,-1.0041,0.001868,-0.0050328,-0.0063679,1.2503,-3.7805,-2.1231,-30.483,0.99916,18.053,0.42473,-16.996,0.015921,-0.019741,-0.0099986,-0.98354,-0.0049021,0.0010936,-0.005486,-0.7076,-4.0407,0.34489,-31.751,-0.53421,17.558,-0.42956,-14.24
48,0.010533,-0.0083294,0.0055405,-1.0001,-0.0056598,0.0048575,-0.0068141,-0.87793,-3.3033,-0.70344,-30.031,-0.70516,17.851,-1.533,-18.189,0.0053749,0.00072609,0.0033885,-1.0097,-0.0018741,-0.0021092,0.0084412,1.4106,-3.9903,1.8629,-30.453,-1.5795,16.915,-1.6708,-14.436
48.1,-0.0052771,0.0017074,0.0092843,-1.0031,0.0031857,0.0060529,0.007841,0.10803,-4.6544,-0.3245,-30.923,-0.42367,18.122,-0.88336,-18.242,0.0049323,0.0093124,-0.0066094,-1.018,0.0011978,0.001019,0.0062694,0.91357,-5.3983,2.9628,-29.483,1.5274,16.611,-0.65892,-14.622
48.2,-0.0003021,0.00045826,0.015284,-0.995,-0.0032546,-0.0031192,-0.0020738,0.76031,-3.6,-0.24493,-33.071,0.76782,17.695,-0.71877,-15.422,0.012733,0.024284,0.007362,-1.0141,-0.0012835,0.0012768,-0.0018518,-0.65489,-2.2933,-1.6641,-30.657,-0.49592,19.181,1.2731,-14.818
48.3,0.015004,0.0042587,-0.022527,-0.99468,0.00045385,-0.0027632,-0.0057804,-0.20439,-6.5204,-1.1719,-32.376,-0.41617,17.048,-1.7385,-16.122,-0.01111,-0.01165,-0.022324,-0.99549,0.0062945,-0.0023454,0.0039901,-2.9883,-2.5549,-1.2946,-30.85,-0.91023,19.121,0.44192,-15.802
48.4,0.011092,-0.0090957,0.0044381,-0.99152,-0.0060779,-0.0011891,-0.0036743,0.57901,-4.9423,1.8147,-31.075,0.4855,18.475,-1.0985,-16.379,0.016583,-0.0059845,-0.0020556,-0.99149,-0.0072283,0.0058551,-0.0022673,2.7126,-3.7993,-1.0989,-29.804,0.19499,17.104,0.55724,-15.472
48.5,0.016865,0.0083306,0.0051074,-0.99954,-0.010836,-0.0085011,0.0082117,-1.0167,-4.3408,-0.012641,-31.273,1.0285,16.081,-0.01815,-19.35,0.0085176,-0.0082337,0.0019429,-0.998,0.0029153,-0.0062317,-1.5594e-05,0.74614,-5.3739,0.023623,-31.045,-1.4285,16.359,-0.8517,-14.631
48.6,-0.0025987,0.0010907,0.0025972,-0.98261,-0.0094845,0.00037497,0.0036188,-2.1962,-4.755,-0.050859,-30.488,-0.33171,19.746,-0.46262,-15.527,0.027946,-0.0078725,0.0067621,-0.99563,0.00062325,-0.00054663,0.0051092,2.0386,-2.3534,0.1712,-31.076,0.17223,17.547,0.025534,-15.426
48.7,-0.011666,-0.0064334,-0.020904,-0.99332,0.0035313,-0.0058348,-0.0014775,-0.81471,-5.6994,-1.3393,-34.249,0.13317,18.247,0.58121,-16.745,-0.0079286,-0.011794,-0.0068439,-1.0056,-0.0037845,-4.6382e-05,0.0073774,-0.95202,-3.0005,-0.30645,-31.512,0.5978,18.089,2.5923,-16.594
48.8,-0.0012589,-0.0068757,-0.016283,-0.99069,0.0062041,0.0065445,0.0050144,0.2774,-6.1273,-0.089676,-32.789,-0.038105,17.4,-0.88425,-16.776,-0.0095319,0.0079483,0.0061043,-0.99424,0.0021725,-0.0017996,0.007447,-0.31769,-3.2955,-1.4556,-32.813,1.2967,15.795,-0.015651,-14.389
48.9,-0.0046104,0.014087,0.014844,-0.98966,-0.00014913,-0.00045788,0.004917,-0.20442,-3.6836,0.87986,-32.154,0.39845,19.24,-0.7492,-18.794,-0.012316,0.0015184,-0.019836,-1.0053,0.0048741,-0.0082732,0.0044778,0.98228,-5.3873,-0.19608,-33.748,1.5013,17.706,0.18851,-16.239
49,-0.005149,0.0097637,-0.007808,-0.99435,0.0026737,-0.0055574,-0.0015894,0.88543,-3.7299,1.1729,-32.569,-0.46659,16.899,0.41099,-14.847,0.02534,-0.010886,-0.0056713,-0.99194,-0.00051504,0.0017849,-0.00085998,-0.81738,-3.7202,0.31872,-32.319,-1.308,16.371,-2.7263,-15.989
49.1,0.0082678,-0.0037252,-0.003579,-1.0139,3.4427e-05,-0.0027364,0.0031671,-1.1701,-2.7599,-1.8883,-32.085,0.8229,18.921,0.62424,-17.919,0.010014,0.005778,0.0022204,-0.99532,0.0017531,-0.00052204,-0.0089439,0.055893,-3.7916,-0.82809,-31.268,0.84567,17.42,-0.10257,-14.299
49.2,0.0071544,0.0011904,0.012748,-1.009,0.0081382,0.0042496,0.00011658,0.18559,-3.834,-1.1867,-32.151,1.4598,18.335,1.6931,-17.145,-0.0055307,0.0019133,-0.010248,-1.0112,0.0054263,0.0045461,-0.0031162,-1.5477,-2.6672,-0.5064,-30.746,1.2717,17.523,0.79653,-15.232
49.3,0.008801,-0.0099411,-0.0074313,-1.0049,0.0013978,-0.0080166,-0.0024515,1.6529,-4.8527,1.9307,-33.021,-0.47336,17.676,-0.42879,-19.321,-0.0028263,-0.0063992,-0.021611,-0.96952,0.001433,-0.0018126,-0.0046319,-0.3917,-2.1384,0.016733,-32.778,1.1582,17.18,-1.0651,-14.355
49.4,-3.8616e-06,-0.011434,0.0074572,-1.0011,-0.0054565,-0.0039922,-0.0082424,0.78591,-3.8429,0.86185,-32.253,-1.556,16.98,-0.87241,-17.101,0.0027768,-0.003864,-0.0187,-0.98656,-0.0039243,0.0062554,5.0023e-05,-0.16146,-1.6614,1.2834,-31.008,-0.54914,17.09,-0.082447,-14.916
49.5,-0.0024249,-0.0050017,-0.0032095,-1.02,-0.005934,-0.00035571,0.0073316,-2.5022,-3.5041,0.67458,-32.531,-0.78912,18.192,-0.17311,-14.636,0.0098971,0.0014892,0.0053341,-1.0113,0.0036544,1.5834e-06,0.0038253,0.28325,-3.7251,0.15381,-30.481,-1.0403,16.883,-1.7147,-15.21
49.6,0.002049,-0.0023833,-0.016181,-0.99692,-0.0011422,-0.0033281,-0.00056651,0.21304,-4.1735,-0.65538,-32.254,-0.78394,17.658,1.905,-16.017,-0.0067998,-0.0080153,0.00032384,-1.0095,0.0034766,-0.0021651,-0.0029831,-0.95754,-1.9255,0.29484,-29.084,-0.8653,14.889,-1.0682,-15.197
49.7,-0.0040321,-0.0098903,-0.010453,-0.98383,0.0079169,0.002654,-0.0056338,-1.8893,-4.8336,-0.10363,-31.398,1.5754,18.3,0.34897,-17.39,0.0043496,0.015695,0.0098969,-0.99867,-0.0037188,-0.0012884,-0.00081469,-1.5333,-2.5705,-3.901,-30.815,-0.10217,17.787,0.78208,-16.004
49.8,-0.0067521,-0.0016955,0.0062405,-0.99279,-0.0019315,1.0587e-05,-0.0011725,0.19307,-3.1788,0.52697,-32.285,0.28429,17.46,-0.83922,-17.525,-0.0094201,0.014502,0.0043326,-0.98859,0.0056826,0.0028022,-0.0094118,-1.3985,-4.3689,-0.37932,-31.692,0.42014,15.929,-0.40872,-14.839
49.9,0.02194,0.0085773,-0.0052117,-1.0087,-0.0042736,0.001159,0.0064287,-0.23723,-4.4087,-0.14924,-31.018,-0.3701,18.261,-0.80869,-16.107,0.0095752,0.012998,0.001518,-0.98991,-0.0013338,-0.00183,0.0091365,-1.563,-3.9182,1.6038,-30.256,0.93364,17.042,-2.0771,-17.001
50,0.0071873,-0.0077835,0.0084325,-0.99608,-0.001275,0.00020133,-0.002969,-0.45535,-4.3522,-0.53863,-31.503,-0.92931,17.183,-0.18622,-16.343,-0.0093212,4.9219e-05,0.0030367,-0.99229,-0.007349,-0.0012697,-0.00052502,-0.35131,-3.7885,1.2775,-32.449,0.43045,14.591,-1.2326,-14.942
50.1,-0.0089871,0.011389,0.01502,-0.97751,4.1957e-05,0.00050588,0.0029382,-0.52536,-4.7088,1.9991,-31.267,0.34998,16.408,-0.40986,-15.827,-0.010007,-0.015663,-0.0038916,-0.99344,0.002363,0.0045939,0.00041398,1.0992,-2.9262,0.7429,-30.815,1.2317,18.68,-1.7526,-15.053
50.2,-0.01221,0.0094293,0.021919,-1.0015,0.0012987,0.0055059,-0.0086925,-1.4331,-6.1156,0.23975,-31.351,0.50645,20.445,-0.38842,-15.846,0.0077257,0.0080234,-0.011102,-0.99796,-0.0016668,0.00051778,-0.0056834,-0.37838,-2.3955,-0.30642,-30.675,0.36517,18.205,0.066146,-15.562
50.3,0.00033342,-0.0023025,0.00044202,-1.01,0.003647,0.00056922,-0.0016621,0.25767,-3.3623,0.5981,-33.833,0.98206,17.293,-0.019595,-15.803,-0.012251,-0.0011772,-0.009276,-0.98511,0.0018724,-0.0071269,0.0062283,-0.40292,-1.9847,-0.11211,-31.99,0.30174,18.021,-0.0045987,-15.53
50.4,-0.0086376,-0.007937,-0.005633,-1.0046,0.0059235,0.0025036,-0.0017676,2.5986,-3.6375,-0.35454,-33.367,-2.7342,15.845,-1.4032,-16.904,0.0061719,0.007808,0.002128,-1.0086,-0.0037281,0.0016263,-0.0036635,0.60404,-4.8512,-0.82307,-31.993,2.8708,16.604,0.79788,-14.715
50.5,-0.0068045,0.0059503,0.0029304,-1.0014,-0.0015973,0.0035505,-0.0032035,0.60781,-4.0305,0.16798,-32.68,-1.4139,16.194,-0.039378,-17.161,0.012136,-0.0054249,-0.010353,-1.0031,0.0036582,0.01471,-0.0057053,1.4016,-4.7396,0.64274,-29.654,-0.95404,15.968,-0.17844,-14.431
50.6,0.0031731,-0.0010393,0.0066879,-0.99824,-0.0010437,-0.0045446,0.0042217,0.022425,-4.076,-1.0711,-34.033,-0.74651,18.535,0.28724,-16.746,-0.00072794,-0.014354,0.014449,-1.012,0.003156,-0.00021217,0.0029649,1.6348,-2.9846,0.54333,-31.893,0.4704,16.975,-0.011111,-14.848
50.7,-0.012398,0.011135,0.0046101,-0.98989,0.003114,-0.00039466,-0.010334,-2.6397,-5.4096,-1.5887,-32.429,1.2923,17.415,-0.33722,-16.665,-0.0039548,0.019272,-0.0063289,-1.0013,-0.00013978,0.0038596,-0.00031363,-0.60458,-4.9694,0.09887,-31.473,-0.46967,16.237,0.55145,-16.564
50.8,0.0041627,-0.0052807,0.0050082,-0.99536,0.0037233,0.011854,-0.0071588,-2.6486,-4.0798,1.4349,-34.944,0.20025,19.475,-2.3945,-17.208,0.013388,0.0041723,0.01965,-1.0079,0.0014017,-0.0081364,-0.0068204,-0.59957,-5.3935,0.94338,-32.914,2.2421,16.91,1.1927,-14.999
50.9,0.0077853,-0.0095281,-0.0078786,-0.99039,0.0052126,0.00023158,-0.010147,0.3269,-4.1112,1.6998,-32.501,-1.2973,16.195,-0.48476,-17.196,0.015062,-0.0075231,-0.0096196,-1.0066,-0.0061648,0.0033949,0.0011757,-0.64099,-3.905,0.47035,-32.598,-0.80759,17.099,0.18976,-16.5
51,0.0087172,-0.0057824,-0.0038775,-0.99261,0.0021913,-0.0028097,0.0099408,2.7068,-3.569,2.0113,-33.481,-0.53622,20.718,-1.4874,-18.912,-0.0037088,0.0019035,-0.010785,-1.005,0.0035094,0.0015835,0.0034519,0.31807,-3.0852,0.84721,-32.829,-0.23558,18.398,0.85444,-14.143
51.1,-0.0025977,-0.0034382,-0.0016199,-1.0126,-0.0018081,-0.0006877,-0.0058317,-0.3803,-3.9018,-2.2665,-35.498,0.69195,19.359,-1.0253,-17.908,0.0010519,0.0019539,-0.015249,-1.0079,0.0039454,-0.0010513,-0.0045125,-0.13153,-3.8852,1.3253,-33.762,-1.5101,17.957,-1.279,-14.267
51.2,0.022067,-0.0094538,-0.018307,-0.99692,-0.00058472,0.0037179,-0.012422,-0.52004,-2.7796,-0.48098,-33.32,0.29195,18.161,-0.47001,-17.095,0.0089769,-0.010636,0.014627,-0.99211,-0.0044757,0.0074491,0.0033168,2.3179,-4.0835,0.45628,-32.017,-0.34866,15.766,-0.49052,-14.409
51.3,0.0029946,0.00050868,-0.01124,-1.0012,0.0021256,0.0039302,0.0033072,-0.10342,-5.8495,-0.66662,-33.962,0.90227,18.82,0.050527,-15.592,0.0082391,0.015836,0.015789,-1.0062,-0.008365,-0.0060568,0.0045753,-0.004805,-2.5632,-1.7859,-31.154,-1.2566,16.867,0.66076,-14.302
51.4,0.012695,-0.00043894,-0.0015546,-0.99722,-0.0053156,0.0040889,0.0045959,-0.12405,-3.3322,0.24769,-33.364,-0.11101,17.641,0.26446,-16.156,-0.0080894,-0.012745,0.00057395,-1.0104,0.0017299,0.00079477,0.0043846,-1.3941,-1.3459,-1.9098,-32.7,1.7647,17.973,0.97893,-12.668
51.5,0.0014885,-0.0066316,-0.0066726,-1.005,0.0073846,-0.00065556,-0.006277,2.3832,-5.2781,-0.2681,-33.182,1.0524,16.913,-0.67359,-16.985,-0.0060488,0.012558,-0.0014248,-0.99431,-0.0077958,0.00075728,0.010322,0.061102,-2.0818,-0.46143,-32.28,1.0099,16.072,-0.15779,-14.955
51.6,-0.0023186,0.0097191,0.0084936,-0.99615,0.0039295,0.0087916,0.0038257,0.65638,-4.4958,0.029436,-33.382,-0.45461,19.68,-2.2302,-18.44,0.023663,-0.0073222,0.0027021,-1.0072,-0.00047672,-0.0015012,-0.0056238,0.2972,-2.8132,0.45235,-32.833,0.51511,17.639,-0.27513,-15.078
51.7,-0.019325,0.0049957,0.0033004,-0.99769,0.0069936,0.0027704,0.0043309,-0.65198,-5.6689,0.25949,-33.032,1.613,17.628,-0.74776,-17.501,-0.023022,-0.016152,-0.0094436,-1.0125,-0.0083564,-0.0062436,4.7034e-05,2.0688,-5.4395,-0.05667,-32.465,0.54811,17.242,-1.515,-14.177
51.8,0.013796,0.0043257,-0.0015298,-1.0108,-0.00035993,0.0058523,0.0018058,-2.1721,-4.7397,-1.4461,-34.526,1.2482,17.328,-0.79694,-15.928,-0.0040671,-0.0014558,-0.00089629,-0.99642,-0.0021446,0.0092107,0.0028737,-0.45038,-3.3511,-0.071632,-32.579,1.8838,16.937,-0.27443,-14.587
51.9,0.00059059,0.021882,-0.0089228,-0.98924,-0.0047404,-0.00097991,-0.0094761,0.92827,-5.9201,-3.258,-33.408,0.61186,17.034,-0.63078,-17.317,-0.0030494,0.0032029,0.0031563,-0.99963,-0.0090661,-0.0033677,0.0063141,-0.67129,-3.1133,-0.72335,-32.117,0.8659,16.269,0.1068,-15.636
52,-0.00064873,-0.015511,-0.006554,-1.0144,-0.0095173,-0.0013586,-0.00050767,0.058169,-4.545,-0.45718,-35.198,1.3234,17.886,-0.91055,-16.317,-0.017917,2.0765e-06,0.0038103,-1.0044,0.00094792,-0.0035314,0.00013452,-0.19509,-2.9625,1.2887,-32.037,1.5512,18.956,2.1609,-14.658
52.1,0.0017655,0.0080492,0.0014259,-0.97993,-0.0039227,0.0023213,0.0042483,1.2007,-3.2974,-1.3028,-33.621,-0.17421,18.461,-0.55898,-18.594,-0.00302,-0.0093058,0.0014784,-1.0034,-0.0025953,-0.00079214,0.0070461,-0.16162,-3.07,-0.31649,-32.329,-0.98926,17.709,0.39377,-15.401
52.2,-0.0075903,0.013229,0.00023603,-1.0164,-0.0020141,-0.012263,0.0061311,1.0972,-3.7485,0.81399,-32.497,-1.4044,18.332,0.45501,-17.239,-0.0032148,0.001258,0.013258,-1.0074,-0.00052408,-0.0012242,-0.0070274,1.3699,-2.5723,-0.74607,-34.103,-0.98905,16.852,0.49646,-14.102
52.3,-0.010338,0.0005701,0.00043978,-0.99693,-0.015214,-0.0019917,-0.0031702,-0.75917,-4.1476,-0.30133,-32.346,1.4947,18.754,-0.85289,-15.292,-0.0017827,-0.026722,0.0057448,-0.99502,-0.0068849,-0.010414,0.00088559,-0.21956,-0.70999,1.6432,-31.566,-0.050578,17.815,1.8251,-15.9
52.4,0.0012439,-0.0048355,0.0072645,-0.98975,0.00040811,0.0026411,0.0008472,-1.2858,-5.3205,-0.74919,-34.198,0.37341,17.134,-0.17113,-16.999,0.0030438,0.0044799,-0.0084436,-1.0214,0.0050361,0.002989,0.00023016,-0.54332,-3.7724,-0.78947,-34.374,1.0997,17.305,0.45971,-13.875
52.5,-0.0080121,-0.018322,0.0073441,-1.0133,-0.0010459,0.002029,-0.00081842,-1.2732,-4.8941,-1.2779,-33.635,0.31897,18.541,-0.86433,-15.901,-0.0081863,-0.0037053,0.022955,-1.0257,-0.00046843,0.0030688,0.0052472,-1.1688,-3.7587,-2.5653,-33.54,0.23739,19.465,0.24738,-15.025
52.6,0.0075924,-0.00047281,-0.012586,-1.006,0.0098037,0.0019655,0.00038361,0.15283,-4.8806,-0.44023,-33.994,-0.012191,17.643,-1.4048,-16.963,0.0032292,-0.0017171,0.010311,-0.99741,0.0036318,0.0044382,-0.0014217,-0.69407,-3.0779,0.36508,-31.792,-2.2991,16.896,-2.9789,-16.092
52.7,0.013703,-0.010034,-0.00148,-0.98375,-0.016165,0.004224,0.0040065,-0.79772,-4.1532,-0.31575,-33.046,0.75007,17.632,-1.0128,-16.743,-0.0011155,-0.009883,-0.0016246,-1.0064,0.0091639,-0.00082377,-0.0023641,1.657,-4.2027,1.0583,-32.352,0.51528,14.451,-1.3909,-15.23
52.8,-0.0091717,-0.0049274,-0.02038,-0.99534,0.0039095,0.010197,-0.0012321,-1.0034,-3.9654,-2.7171,-34.134,2.2794,18.677,-0.62562,-16.558,0.012081,-0.011205,0.016918,-0.98824,0.0040186,0.010413,0.006102,-0.99434,-4.6536,-1.6137,-32.059,-0.55464,18.599,1.1152,-15.5
52.9,0.020934,-0.011424,0.0024534,-1.01,-0.00036622,0.0099201,-0.0039979,-1.568,-4.5328,0.61033,-32.208,2.0745,17.45,0.68746,-16.781,0.010004,0.0024828,-0.004074,-1.0027,0.0033293,-0.0012222,-0.0010641,-1.0712,-3.6049,-1.9592,-34.347,-0.97785,15.052,0.37694,-15.022
53,0.0070029,0.0064263,0.0032838,-0.98095,0.007188,0.0027475,-0.0022665,-0.56117,-4.1146,0.49581,-32.029,-0.59523,18.723,0.097481,-17.079,0.0087486,0.0017339,-0.00034653,-1.0051,-0.0023613,-0.0022655,-0.0055572,-0.44252,-4.344,0.27118,-33.068,0.38266,16.029,0.29061,-15.05
53.1,0.010157,-0.009845,-0.0073442,-1.0007,-0.013782,-0.0091844,0.0035727,1.3597,-4.4123,-0.42781,-34.475,-1.1751,18.514,-1.1628,-17.188,-0.012738,-0.016222,-0.011711,-1.0054,-0.0055656,-0.00040723,0.006598,0.39485,-2.5495,0.91707,-33.477,0.14893,16.41,-3.58,-15.872
53.2,0.003409,-0.0024854,0.019319,-0.98766,0.0017315,-0.0054815,0.0055647,-0.28269,-2.5181,-1.5455,-30.884,0.71426,16.934,-1.1233,-15.976,0.0039122,-0.01638,-0.0033114,-1.0016,-0.003334,0.0017465,-0.009636,1.4191,-2.916,1.5695,-32.113,-1.3621,18.624,-1.339,-15.383
53.3,-0.005658,0.0084402,-0.0018264,-1.0027,0.0054294,-0.0014226,0.0034226,-0.60717,-4.9044,-0.76963,-34.219,1.1945,19.088,1.1784,-17.334,-0.0077274,-0.0041491,-0.02188,-0.99857,-0.00071151,-0.0031718,0.00071414,0.85577,-2.5003,-2.4283,-32.989,0.81958,16.522,0.51601,-14.231
53.4,-0.0079793,0.020313,-0.0068855,-0.98133,0.0069072,0.0073788,-0.0016305,-1.7978,-5.1936,-0.82839,-36.028,0.19469,18.905,0.51553,-18.024,0.0015345,0.0034093,0.00038101,-1.0085,0.00053798,-0.0022289,-0.0038656,0.27137,-1.123,0.23221,-32.181,1.3101,16.404,0.23751,-13.41
53.5,0.01674,0.011543,0.001886,-0.99057,-0.0032786,-0.0048044,-0.0017337,-0.45153,-3.8219,-0.16422,-31.302,0.14037,19.123,-2.4697,-17.594,-0.00092797,-0.0083117,5.5506e-05,-0.98704,-0.0033439,0.0078741,0.0048997,0.41029,-2.7908,-0.09624,-34.135,1.065,16.613,0.23476,-13.92
53.6,0.00089013,0.0027976,-0.0045361,-0.99979,-0.0045998,-0.0045452,0.00090111,-0.42361,-2.9586,1.432,-34.788,-0.53878,18.171,-1.0479,-17.684,-0.015589,-0.0072263,-0.009794,-0.97223,0.0045972,0.0056045,0.00010498,0.6673,-2.2809,-0.58216,-33.307,-0.64795,16.04,-0.56206,-13.748
53.7,0.0017094,-0.0056903,-0.0059203,-1.0124,0.00089947,0.0052808,-0.00028349,-0.023818,-4.6378,0.74718,-33.482,-1.491,17.425,0.68413,-17.321,-0.0062023,-0.016586,-0.024474,-0.98947,0.0040566,-4.5096e-05,0.0061005,1.8619,-2.7858,1.5095,-31.887,-1.6211,16.293,0.0067331,-13.388
53.8,-0.012669,0.0054087,0.020098,-1.0157,0.0057257,-0.00067205,-0.0047171,-0.36191,-3.6118,0.2889,-33.08,0.82035,18.286,-0.18965,-16.085,-0.0034064,0.0009099,-0.003059,-0.99304,-0.0019839,-0.0017207,0.00019542,-1.6304,-4.1391,0.23511,-31.142,-0.45948,17.978,0.5555,-16.147
53.9,-0.0088939,-0.014897,0.0038462,-1.0099,-0.00079629,-0.0011564,0.0079557,0.85053,-4.4155,-1.5037,-34.658,1.7379,17.897,0.74126,-17.846,0.0030691,-0.013915,-0.0045754,-1.0122,-0.0016465,0.010158,0.00014581,0.85315,-2.2507,-1.1872,-32.542,0.44538,17.725,-0.37423,-15.857
54,-0.0089217,0.00033283,-0.00071815,-1.0188,0.0016754,0.0032144,0.0029034,1.9189,-4.704,2.1598,-34.491,-1.9938,17.924,-0.89011,-15.988,-0.0025171,0.00097036,-0.0075367,-1.0153,-0.00022758,0.0030393,-0.0043823,-1.4768,-3.9929,-1.4324,-31.061,0.77747,16.684,0.49636,-16.482
54.1,0.0040168,-0.0009463,0.018869,-0.99939,-0.0065721,-0.0066065,-0.0029722,0.43844,-2.7602,0.30984,-34.9,-0.89102,18.421,-2.6392,-17.626,0.015444,-0.017962,0.025609,-0.9924,0.0074545,-0.0057869,-0.0043393,1.738,-3.4067,-1.0539,-33.562,2.4982,18.569,0.34797,-15.353
54.2,-0.0071978,0.002836,0.00022201,-0.98084,-0.0013433,0.0036572,0.009359,0.27457,-4.1862,-0.78857,-33.67,0.23893,16.813,1.0723,-16.943,0.0052159,-0.0021985,-0.0079727,-1.0095,-0.0019152,0.0046791,-0.0051674,0.31746,-3.0567,-2.6671,-33.66,0.28762,17.104,0.58678,-15.939
54.3,0.007611,-0.0078344,0.014923,-1.0112,0.0022847,-0.0072028,-0.0048479,-1.2372,-4.2879,-0.96819,-33.511,0.70296,18.783,0.86675,-15.776,0.0035034,-0.012213,0.0090165,-1.0033,0.0013418,0.0062034,-0.0034224,0.39212,-4.3737,0.32788,-34.767,0.38385,18.738,-1.5475,-17.984
54.4,-0.0095779,-0.019945,-0.0096295,-1.0052,-0.00885,0.0036304,-0.00094758,-1.1528,-5.0241,1.0372,-34.482,-0.073019,19.861,1.4615,-14.779,-0.012191,-0.00010648,-0.0095461,-1.011,-0.0002338,0.0049912,0.00095723,-1.0576,-3.1105,1.5484,-33.044,1.2878,18.259,-0.11922,-15.706
54.5,0.01407,-0.00070341,0.019603,-0.99331,-0.0027603,-0.0038685,-0.010641,2.399,-3.3665,0.39756,-34.273,-0.42086,18.932,-2.7745,-16.528,-0.013879,-0.0059978,-0.010442,-0.97842,-0.0034657,-0.0069945,-0.0017258,-2.5484,-3.6439,0.33123,-33.21,0.9262,16.908,-0.93526,-14.038
54.6,0.0003913,-0.013452,-0.0064175,-1.0024,0.00023588,-0.002299,0.0012895,0.84652,-2.8284,1.4918,-34.977,-0.77109,17.695,0.22784,-16.633,0.016442,0.015623,0.0018734,-1.0159,0.00087808,-0.0031155,-0.0020837,0.83373,-2.9515,-0.90961,-31.772,0.010638,16.803,1.9284,-15.077
54.7,0.0015126,-0.02851,0.0074308,-1.0124,-0.0022556,-0.00071211,0.0019141,-1.1799,-3.028,0.21388,-34.334,-0.57562,18.828,0.56425,-15.9,0.0036277,0.024719,0.0038736,-0.98977,0.0033244,-0.00044476,-0.0061362,2.2302,-3.8518,-0.69494,-34.115,0.94385,16.934,-1.0157,-14.889
54.8,-0.0081832,-0.0074501,-0.00067989,-0.99756,0.0016126,-0.0044998,-0.00076447,0.04847,-3.2446,-0.094542,-33.777,-0.016535,17.768,0.72249,-16.557,-0.0029464,0.0021944,0.00031797,-1.0069,-0.0049522,0.0059496,-0.00016264,0.57843,-2.0725,-0.50678,-34.398,-1.9457,18.188,-0.47103,-17.358
54.9,-0.013413,0.013416,0.0069496,-1.0149,-0.0040631,-0.0065328,-0.0065728,-2.3744,-3.6645,-1.7292,-33.767,-1.1778,19.068,0.09964,-16.404,0.020851,0.0082426,-0.006176,-1.0019,0.0068793,0.0067257,-0.0057152,-0.39412,-4.0733,-1.9154,-34.018,-1.4408,18.743,0.58692,-14.389
55,0.012273,-0.012158,-0.0026868,-1.0017,-0.0061283,-0.0025234,-0.0090383,-0.44837,-4.1405,-0.31071,-33.349,0.95388,18.68,0.069275,-16.512,-0.0059747,0.0038537,-0.0024047,-1.013,-0.0014694,0.00080135,-0.01333,-1.7495,-2.6677,-0.054204,-33.282,0.22667,15.866,-2.0057,-15.936
55.1,0.018383,-0.00094313,0.0059916,-0.99502,-0.0067892,0.0033821,-0.00015298,-0.19374,-3.1754,0.18876,-33.6,-0.15691,17.935,-0.55984,-15.264,0.012867,-0.0095276,0.012028,-1.0091,-0.0094143,0.00322,-0.0013681,-0.050274,-3.9779,1.96,-33.421,0.67947,17.018,0.28288,-16.999
55.2,-0.0087271,-0.0091271,0.010227,-1.0135,-0.00089047,0.0044032,0.0028594,0.61724,-3.044,2.1728,-33.412,2.0465,18.311,-2.5036,-14.79,0.0057528,0.0051006,0.008162,-1.0245,-0.0037993,0.0018926,0.0080364,-0.7221,-2.9476,-0.83123,-31.61,0.053091,19.715,-1.3579,-14.02
55.3,0.0058894,0.0072126,0.022647,-1.0069,-0.0079356,0.00051997,0.0016568,-0.063871,-3.1983,-2.0037,-34.938,0.92221,17.143,-0.73357,-16.213,0.0010853,-0.0095331,-0.0080772,-1.0003,0.0015858,0.0077499,0.0020338,0.023795,-2.1359,0.26024,-31.357,1.1738,15.695,-0.51865,-13.769
55.4,0.0042967,0.0050081,-0.0070696,-0.9993,-0.0046602,0.0010319,0.0020361,-2.0968,-3.1626,0.8198,-33.378,1.3801,18.133,0.92571,-14.711,-0.0049208,-0.0059206,0.0003972,-0.97686,0.0074181,-0.0094746,-0.0032262,-1.0216,-3.9915,0.40216,-32.431,0.73625,16.031,1.7149,-15.999
55.5,0.019085,0.0011845,-0.034481,-1.0047,0.0041159,0.011068,-0.00098752,1.3691,-3.6514,0.24227,-35.37,1.2097,18.658,-0.32322,-16.301,-0.014882,-0.016118,-0.008922,-0.99031,-0.0019703,0.0049621,0.004236,0.27783,-4.1349,1.8221,-33.027,0.4275,17.315,-0.97383,-15.027
55.6,0.0067244,0.012964,-0.0079236,-0.98306,-0.0033317,-0.0021548,0.00015607,1.2086,-3.7951,0.20604,-34.898,-1.833,19.26,-0.60062,-16.348,0.012087,0.0027736,0.01528,-0.98905,0.0051582,-0.00061601,0.0017801,1.2005,-2.3203,-0.75006,-32.511,-1.6706,16.632,-0.48787,-15.992
55.7,-0.01353,0.011345,-0.0116,-1,0.0053471,0.0031344,0.0001894,1.0519,-3.4398,0.012499,-35.786,-0.29315,19.135,-1.0876,-15.387,0.010267,0.0044942,-0.002689,-1.0222,0.0007174,-0.0024702,0.002022,0.85653,-2.685,-2.061,-34.939,1.9745,16.114,-1.7017,-14.09
55.8,-0.0084987,0.012141,0.0043834,-0.99028,-0.0015186,0.0011211,0.0046295,2.0787,-4.4319,-1.1252,-35.708,0.95141,18.2,0.60304,-17.095,-0.0046178,0.0014625,-0.0060772,-1.0022,-0.00711,0.0069797,3.6115e-05,-0.55996,-4.0345,-1.0409,-30.858,-0.45348,17.404,2.1205,-14.067
55.9,-0.0027732,-0.010468,0.0045207,-1.0143,-0.0044872,-0.0066496,0.002507,-1.3722,-2.3765,-0.24886,-32.985,1.3824,18.407,0.5488,-15.51,-0.012285,0.007953,0.01282,-1.0166,0.0039193,0.0027901,-0.002757,-0.67999,-2.8265,3.0015,-34.493,0.69475,16.81,-0.7453,-15.734
56,0.005221,0.0013309,-0.013939,-0.9994,0.0060047,-0.012587,-0.0024182,-0.87438,-4.9612,-0.10266,-35.38,0.47799,20.103,0.73149,-18.986,0.0030729,-0.00046992,-0.0036922,-1.0061,-0.0045173,-0.0084855,-0.0028621,1.802,-2.8335,-0.065289,-32.865,-0.47419,18.123,1.0482,-15.398
56.1,0.0024926,0.0060175,0.014278,-1.0024,-0.0040906,0.0034816,0.0084477,-2.2595,-4.032,-1.2467,-34.37,0.69814,19.297,0.59104,-17.353,-0.0060673,0.014035,0.00085686,-0.98509,0.0036421,0.0023088,-0.011633,1.7304,-3.115,0.78945,-33.183,-1.7803,14.241,-3.3979,-15.146
56.2,-0.0054122,0.002416,-0.0083308,-1.016,-0.0032929,0.00067229,-0.010181,2.0419,-4.614,-0.44624,-32.766,-0.74871,18.498,2.0239,-15.679,0.011604,-0.0079727,0.0060147,-0.98867,-0.00188,-0.0054229,-0.0029752,0.92572,-4.1126,-1.9233,-33.167,0.23674,18.148,0.3931,-16.466
56.3,0.01527,0.012911,-0.001376,-0.99716,-0.0052808,-5.1267e-05,-0.0017112,-0.22178,-5.7741,-0.86613,-33.06,-2.4763,19.525,-0.84612,-17.844,-0.014843,-0.00043268,0.0093633,-0.97754,0.0087897,-0.0051885,-0.0087067,-0.75118,-3.3623,-0.9101,-33.807,0.78766,18.639,-0.84092,-15.852
56.4,-0.0079125,-0.024313,-0.011198,-1.0022,-0.0034637,-0.0066378,0.0053191,0.35818,-5.4004,1.5412,-35.279,-1.7024,19.142,-1.187,-18.481,0.0018465,-0.0034415,-0.0027799,-0.98519,0.0034353,0.002099,-0.0042638,-0.77059,-1.6267,0.063004,-33.731,1.631,17.038,1.1035,-15.503
56.5,0.00075646,0.015975,0.0016127,-0.9742,-0.0051411,-0.002489,-0.0039722,-0.40908,-1.163,-0.16159,-35.728,1.3896,19.487,1.0879,-15.051,0.011365,0.0053317,-0.0017944,-1.0005,0.0060515,0.0073553,-0.0035208,1.8768,-1.7624,-0.10767,-33.959,0.26332,16.146,-0.64819,-15.064
56.6,-0.0065344,-0.0091387,-0.0081394,-1.0076,0.0059071,0.0093353,-0.0090649,-2.5318,-3.3483,-1.2706,-34.389,0.37778,17.284,-0.92445,-16.28,-0.0033313,0.00063219,-0.0039878,-0.99193,-0.0010831,0.00014169,0.0017527,0.13721,-0.51109,-0.6462,-34.504,-2.1191,17.856,0.79355,-14.165
56.7,0.0032446,-0.0009042,0.015744,-0.99831,0.0013026,-0.0018432,0.0027376,0.14218,-3.2477,0.0069642,-36.31,-0.81443,19.773,1.923,-17.316,-0.0046344,0.0083016,0.0083459,-1.0061,0.00093286,-0.0012828,-0.0014994,-0.58502,-2.0248,0.41809,-33.682,1.7724,18.781,0.55921,-15.398
56.8,0.004113,-0.0033337,-0.012452,-0.9857,0.0023415,-0.000279,-0.0040016,1.4556,-3.9672,2.5073,-35.58,-1.2854,20.034,0.30406,-17.448,-0.0032217,-0.0014154,-0.012919,-1.0045,-0.0016808,-0.0094398,0.0033463,-2.5361,-0.63172,-1.2084,-34.533,1.8511,17.575,0.029609,-13.591
56.9,0.00091269,-0.01662,-0.020052,-1.0007,-0.0058442,0.00031599,0.0065646,1.3394,-3.4212,1.386,-35.352,-1.4731,20.108,-0.72626,-16.721,0.015507,0.0066679,0.00046304,-1.0001,-0.0065439,-0.0055385,-0.0065358,0.1359,-1.0513,0.037669,-34.152,1.8027,17.987,1.5963,-14.561
57,-0.0036716,-0.017547,-0.005352,-1.0154,0.0026856,-0.00496,0.0035041,-0.39979,-4.3571,-0.99156,-34.081,-0.60665,19.297,1.4677,-16.82,-0.0085285,0.0064081,0.011783,-1.0074,0.0046163,-0.001811,0.0074783,0.54351,-2.8567,-0.22978,-34.261,0.84902,17.663,-0.78175,-15.481
57.1,-0.0043546,-0.0034181,-0.0086484,-1.0079,-0.0074704,-0.0012602,0.0090059,-0.73704,-4.2398,-0.38361,-34.335,-0.4598,20.787,1.3899,-15.148,0.0041226,0.017484,-0.019739,-1.0037,-0.00072649,0.007931,0.0068621,1.1278,-3.2931,0.035231,-33.882,1.0299,17.375,-1.2935,-14.174
57.2,-0.015546,0.007061,-0.0048001,-0.98917,0.0017561,0.0035246,0.005445,-2.1765,-2.7858,-0.56929,-35.801,1.1003,17.903,-0.079948,-16.819,-0.028494,0.012987,-0.010514,-0.99923,0.0072019,0.0042553,0.0039043,0.23377,-2.912,-0.057067,-33.813,0.55257,17.98,-1.7704,-14.599
57.3,0.0058397,0.0049646,-0.021014,-0.98786,-0.00024978,0.0020707,-0.012055,-0.99929,-4.4937,0.15167,-35.579,-1.5303,18.796,-0.32709,-14.573,0.00093475,-0.0020021,0.010451,-1.0026,0.0049323,-0.0018755,0.0064683,-0.064034,-2.339,1.7959,-35.621,1.3605,18.741,-0.53822,-13.808
57.4,0.0023811,0.0144,-0.0027483,-1.0126,0.0031129,-0.001662,0.0014419,0.062468,-3.9186,-1.4042,-34.741,-0.77861,18.365,-1.2227,-17.942,0.0044581,0.0061388,-0.010005,-0.9982,0.0015439,-0.0025747,-0.0041492,-2.0231,-1.1385,-0.28124,-35.797,2.5813,17.604,0.48096,-14.544
57.5,-0.013152,0.011324,0.0025192,-1.0049,0.0011783,0.0069915,-0.0059701,0.21072,-4.1274,0.027191,-34.261,1.2924,17.591,0.29087,-17.384,0.011444,0.0079363,0.0067664,-0.99982,0.0028422,0.002023,0.0061233,-1.5158,-2.0803,-0.94986,-35.97,0.38,16.928,0.056081,-12.659
57.6,0.011056,0.010859,-0.0061753,-0.9962,-0.00066154,0.0027938,0.0029496,-0.82703,-2.7403,-0.38032,-35.523,0.94016,19.14,-0.71187,-18.205,-0.0075246,0.0033752,-0.0044155,-0.99548,0.0042399,0.002016,-0.0056936,-1.0122,-2.2103,-0.66157,-35.748,-1.5536,18.434,-0.91727,-15.255
57.7,0.011641,0.0084121,-0.0064346,-0.98976,0.0025055,0.00075418,-0.0040525,-0.44115,-3.1858,0.60947,-34.088,-0.47285,19.428,-0.25182,-17.116,-0.010405,-0.0037465,-0.013141,-1.0057,-0.0043767,0.010647,-0.004691,-0.0041858,-1.3381,1.2994,-34.583,-0.19601,17.779,-1.2391,-14.41
57.8,-0.0048631,-0.0043304,0.0063573,-1.0099,-0.0027468,-0.0056564,0.0035155,-0.42763,-4.5178,-1.8634,-36.484,-0.77467,20.279,0.4415,-17.104,-0.0047958,-0.0013043,-0.0012523,-0.98719,0.0057835,0.0023626,-0.0018545,0.69358,-3.7116,1.2825,-34.667,0.74318,17.366,-1.1143,-15.496
57.9,-0.0079571,0.019441,0.0074583,-1.0032,0.0082769,-0.00012834,-0.006612,0.63384,-4.5639,-1.1604,-35.711,-2.1146,18.127,-0.53811,-17.002,-0.0022997,-0.011567,-0.021138,-1,0.00062248,0.0003538,0.001551,-0.5583,-1.6079,-0.75122,-33.48,-0.65926,17.656,-0.56606,-17.438
58,0.0034742,-0.0061104,-0.021034,-1.0064,-0.002779,-0.0022667,0.00027053,-0.99318,-2.9171,0.75873,-35.29,-1.1176,20.336,-1.2548,-19.727,-0.0066933,-0.0050442,0.00060357,-1.0081,-0.011756,-0.011875,-0.0049219,0.54885,-2.8009,0.57572,-35.368,0.74535,16.932,0.98248,-16.909
58.1,-0.009839,-0.0041127,0.0034287,-0.98881,-0.0063076,0.0031216,0.0022613,1.1148,-4.0222,-1.7119,-36.646,1.5093,18.438,1.5655,-15.86,0.0057205,0.010459,0.004486,-1.0098,0.0032843,-0.00056815,0.0016397,-0.90511,-3.1185,-2.4033,-33.761,2.8679,18.438,-0.33491,-13.936
58.2,0.0058366,-0.0043494,0.010057,-0.9883,-0.0012628,0.0052496,-0.0033231,-0.73555,-3.991,-1.4582,-35.524,-1.5921,19.274,0.54669,-16.807,-0.015058,-0.00053553,-0.0061051,-1.0181,-0.007935,0.0051716,-0.0056697,1.4689,-2.964,0.16882,-37.035,-0.11511,17.958,-0.93135,-14.427
58.3,0.0092036,0.0063009,0.0192,-0.99039,-0.0027288,0.00035502,-0.0038001,-0.048281,-3.323,-0.2187,-35.641,0.2471,19.16,1.7346,-16.914,-0.0040546,-0.003608,0.018994,-0.99751,-0.006027,-0.0046949,0.0046718,-2.2101,-4.1261,0.079854,-36.369,-0.44689,15.242,-1.3785,-13.578
58.4,0.0036356,-0.0099173,0.001856,-0.99017,0.013592,-0.00068163,-0.0015801,-0.12065,-4.1111,1.2548,-36.294,1.1495,19.446,0.10525,-15.08,0.0038139,0.0073004,0.0019134,-0.9999,0.0028168,-0.0045532,-0.0076274,-0.73337,-2.4633,-1.2813,-34.473,1.2982,18.894,-2.5615,-15.008
58.5,0.0037386,-0.0086447,-0.0041053,-0.99795,-7.8907e-05,0.0010037,-0.0053722,0.28094,-4.1098,-0.7721,-36.591,-1.4897,15.953,0.11869,-17.008,-0.0086509,-0.003105,0.0047397,-0.98874,0.0039347,0.00019814,0.0069611,0.5396,-2.0296,-3.009,-33.521,0.30577,17.918,0.73734,-13.717
58.6,0.00087636,0.018179,-0.013355,-1.0073,0.0044791,-0.0083811,0.0016292,-1.2064,-3.1779,1.0186,-34.056,0.41671,18.658,0.022924,-16.869,0.012986,-0.00044924,0.016836,-1.001,-0.004763,-0.0018647,0.0087457,-1.4973,-1.8727,-0.46971,-35.709,0.72768,18.122,1.8792,-16.153
58.7,0.008619,-0.0075383,0.0059642,-0.99004,-0.00049342,0.00026799,-0.0044049,-0.87804,-3.8303,-1.2435,-36.119,-0.61105,19.747,-0.67165,-15.464,0.0018507,-0.0033916,-0.0052977,-0.99511,-0.00017188,-0.0059247,-0.0049423,1.0742,-1.668,-1.0564,-34.577,0.41411,18.493,-0.016613,-13.666
58.8,-0.019485,-0.01625,-0.018038,-1.0142,0.0019197,-0.00054932,-0.00099524,0.91376,-2.8514,-0.098422,-36.024,1.1463,18.012,0.45451,-16.833,-0.018502,0.0080199,-0.0031877,-0.99915,0.0043733,-0.009549,0.0011871,1.3502,-1.1196,0.63299,-35.38,-0.61517,17.315,0.32469,-14.014
58.9,0.010285,-0.0029693,0.026598,-1.0169,-0.0023478,0.0040662,0.0013882,0.92095,-5.2073,-0.020145,-35.619,0.22549,19.288,-0.23566,-16.66,-0.0019985,-0.0128,-0.022258,-0.98663,-0.0041344,0.0068916,0.0024474,1.603,-1.5647,1.2611,-33.771,0.14119,19.935,-0.09656,-15.024
59,-0.024758,-0.010656,-0.0095651,-0.98041,-0.0043449,0.0031277,0.0017544,0.78192,-2.3383,-1.0091,-34.836,-0.24241,19.966,-1.9078,-15.555,-0.0062189,-0.00034889,0.0063167,-0.99893,-0.0014559,-0.00033106,-0.0034517,-0.50588,-1.9009,-0.81655,-34.203,0.080555,18.863,0.57123,-15.775
59.1,0.010592,0.017248,0.010343,-0.98539,-0.0054633,0.0041442,-0.0042589,-1.3727,-4.7964,-0.43943,-36.011,0.49932,19.248,-0.61695,-16.293,-0.0056395,0.0037406,0.0041221,-1.0028,0.0018203,-0.002571,0.0014095,0.31882,-2.1478,-0.73816,-34.911,-0.95869,18.66,1.4903,-14.029
59.2,-0.0011605,0.0021693,-0.011896,-1.0066,-0.0010467,-0.012778,-0.0041845,-0.48421,-4.3734,-0.81431,-36.335,0.99913,18.799,-0.30196,-14.127,-0.0086237,-0.0067636,-0.00086628,-0.99993,-0.0025645,0.0032906,-0.0054959,-0.9043,-2.8669,-1.9569,-35.409,0.65343,18.492,1.5853,-14.555
59.3,0.0016009,-0.0055392,-0.010274,-0.98404,0.00052948,0.00036322,0.0060531,0.076594,-4.8961,-1.4966,-37.106,0.20632,19.932,-1.8576,-14.66,0.012347,0.0033261,0.0014656,-1.0077,-0.0016465,-0.0018585,-0.0036527,0.18659,-2.6832,-0.88329,-35.856,-0.62209,19.196,-0.5138,-17.313
59.4,-0.012702,0.00017672,-0.00028146,-1.0231,0.010327,0.0029613,-0.0072658,-1.4156,-3.4318,0.27485,-37.616,-0.82544,18.913,0.47988,-17.681,0.003917,-0.00011931,0.0021579,-1.0025,0.00034434,0.0011674,0.00033816,1.2632,-1.9943,1.5355,-35.475,-0.74539,16.294,-0.38779,-16.101
59.5,0.019304,0.0053713,0.0032188,-0.98914,-0.0044627,0.00018982,0.0094119,1.9933,-3.0411,1.6814,-35.061,-1.8535,20.072,-0.28114,-16.694,-0.0010747,0.021145,0.0013951,-1.0021,0.0015465,0.0020028,-0.0024618,0.67309,-3.6419,1.4781,-35.619,-0.51787,17.231,-1.0456,-15.726
59.6,-0.0083035,-0.001337,0.0199,-1.011,-0.00087719,-0.0063964,0.0090088,0.69513,-2.6927,0.34633,-35.937,-0.69168,19.863,0.53457,-17.242,-0.0052106,0.0046551,-0.011909,-0.99758,-0.0047042,-0.00036962,0.00055666,-0.23674,-3.6283,0.45549,-35.99,0.3586,16.996,-0.60586,-16.583
59.7,-0.00603,-0.0082014,-0.014205,-0.98423,-0.0024688,-0.0067549,-0.0098852,-0.23295,-3.8241,0.15907,-36.094,0.10335,17.103,-0.64259,-15.814,0.01482,0.0022277,-0.0098083,-1.0144,0.0032749,-0.0020941,-0.0071795,-2.7325,-1.7914,0.23426,-35.781,-0.30942,17.639,-0.61143,-13.887
59.8,-0.022427,-0.0068427,0.0069748,-1.0087,-0.0057278,0.0051387,-0.0069452,-0.62125,-2.9459,-0.90152,-34.734,2.576,19.282,-0.017078,-16.68,-0.026652,0.016872,-0.026957,-1.0079,0.002356,0.0015671,0.0019044,-0.60366,-3.4042,-0.1209,-36.181,1.7221,16.048,-0.34524,-14.196
59.9,0.0010926,-0.013716,0.015435,-0.98969,0.010165,-0.0091775,0.0076462,-0.45919,-3.9685,-1.6003,-37.595,2.1574,20.006,1.002,-17.431,0.00099318,0.022087,-0.018066,-0.98064,-0.00447,-0.0021389,-0.0039693,-0.66007,-3.1635,1.0056,-34.307,0.26371,19.245,-0.19877,-13.867
60,-0.017787,-0.0099492,-0.0019752,-0.99816,0.0011277,0.0054795,0.0073504,-0.36835,-3.1919,1.1134,-35.011,-0.57403,19.9,-1.1159,-15.527,0.0058626,-0.0069851,-0.0062182,-0.99612,0.009624,0.00055495,-0.0033486,-0.6997,-3.6855,0.61691,-36.761,1.7723,18.801,-0.89632,-15.487
